0 1.1110473442645359,0.03284463664593219,1.4182523083567333,1.1110473442645359,0.03284463664593219,0.8007423091054249,0.35580734724089624,0.03284463664593219,0.8007423091054249,0.35580734724089624,0.03284463664593219,1.4182523083567333,1.1110473442645359,-0.13964536419214724,1.4182523083567333,1.1110473442645359,-0.13964536419214724,0.8007423091054249,0.35580734724089624,-0.13964536419214724,0.8007423091054249,0.35580734724089624,-0.13964536419214724,1.4182523083567333
3 2.6084767333701335,0.12315639670139789,1.8464580313383914,2.6084767333701335,0.12315639670139789,1.571108029681506,2.5619167335793294,0.12315639670139789,1.571108029681506,2.5619167335793294,0.12315639670139789,1.8464580313383914,2.6084767333701335,-0.8364236038470888,1.8464580313383914,2.6084767333701335,-0.8364236038470888,1.571108029681506,2.5619167335793294,-0.8364236038470888,1.571108029681506,2.5619167335793294,-0.8364236038470888,1.8464580313383914
0 -0.8841790836481762,0.006359475721437927,-0.20229490802886962,-0.8841790836481762,0.006359475721437927,-0.9524149079501343,-1.5121190864415455,0.006359475721437927,-0.9524149079501343,-1.5121190864415455,0.006359475721437927,-0.20229490802886962,-0.8841790836481762,-0.16234052466305016,-0.20229490802886962,-0.8841790836481762,-0.16234052466305016,-0.9524149079501343,-1.5121190864415455,-0.16234052466305016,-0.9524149079501343,-1.5121190864415455,-0.16234052466305016,-0.20229490802886962
2 1.5324868441293573,0.03937261092326644,0.06083652719556332,1.5324868441293573,0.03937261092326644,-0.36114347323476315,1.1105068444540167,0.03937261092326644,-0.36114347323476315,1.1105068444540167,0.03937261092326644,0.06083652719556332,1.5324868441293573,-0.763007390376544,0.06083652719556332,1.5324868441293573,-0.763007390376544,-0.36114347323476315,1.1105068444540167,-0.763007390376544,-0.36114347323476315,1.1105068444540167,-0.763007390376544,0.06083652719556332
8 -0.33004292620066644,-0.0755642430684948,-1.0253296436200374,-0.33004292620066644,-0.0755642430684948,-1.1396996437182194,-1.2153529249345874,-0.0755642430684948,-1.1396996437182194,-1.2153529249345874,-0.0755642430684948,-1.0253296436200374,-0.33004292620066644,-0.5205342395403003,-1.0253296436200374,-0.33004292620066644,-0.5205342395403003,-1.1396996437182194,-1.2153529249345874,-0.5205342395403003,-1.1396996437182194,-1.2153529249345874,-0.5205342395403003,-1.0253296436200374
9 -0.883586973257904,-0.15964889137454985,0.9242826809127617,-0.883586973257904,-0.15964889137454985,0.3937526832382393,-1.4269069728175354,-0.15964889137454985,0.3937526832382393,-1.4269069728175354,-0.15964889137454985,0.9242826809127617,-0.883586973257904,-0.8087489047794724,0.9242826809127617,-0.883586973257904,-0.8087489047794724,0.3937526832382393,-1.4269069728175354,-0.8087489047794724,0.3937526832382393,-1.4269069728175354,-0.8087489047794724,0.9242826809127617
4 2.2964609329178334,-0.0021241289870739255,2.2421190357396603,2.2964609329178334,-0.0021241289870739255,2.193959035854578,2.031810932926893,-0.0021241289870739255,2.193959035854578,2.031810932926893,-0.0021241289870739255,2.2421190357396603,2.2964609329178334,-0.9626641290886402,2.2421190357396603,2.2964609329178334,-0.9626641290886402,2.193959035854578,2.031810932926893,-0.9626641290886402,2.193959035854578,2.031810932926893,-0.9626641290886402,2.2421190357396603
3 0.2696202667899513,0.16745177752471208,-1.1482968334958576,0.2696202667899513,0.16745177752471208,-1.4651868338777996,0.22566026723905563,0.16745177752471208,-1.4651868338777996,0.22566026723905563,0.16745177752471208,-1.1482968334958576,0.2696202667899513,-0.7738982225129628,-1.1482968334958576,0.2696202667899513,-0.7738982225129628,-1.4651868338777996,0.22566026723905563,-0.7738982225129628,-1.4651868338777996,0.22566026723905563,-0.7738982225129628,-1.1482968334958576
2 0.8283987057129478,-0.013860667992019626,-0.976926265585432,0.8283987057129478,-0.013860667992019626,-1.3562262669920826,0.44909870506128313,-0.013860667992019626,-1.3562262669920826,0.44909870506128313,-0.013860667992019626,-0.976926265585432,0.8283987057129478,-0.8577806698795318,-0.976926265585432,0.8283987057129478,-0.8577806698795318,-1.3562262669920826,0.44909870506128313,-0.8577806698795318,-1.3562262669920826,0.44909870506128313,-0.8577806698795318,-0.976926265585432
9 2.040011081538553,-0.11775059609123228,2.875675137801914,2.040011081538553,-0.11775059609123228,2.161045138076992,1.5716610814710903,-0.11775059609123228,2.161045138076992,1.5716610814710903,-0.11775059609123228,2.875675137801914,2.040011081538553,-0.6315005907564545,2.875675137801914,2.040011081538553,-0.6315005907564545,2.161045138076992,1.5716610814710903,-0.6315005907564545,2.161045138076992,1.5716610814710903,-0.6315005907564545,2.875675137801914
6 1.3494083102306724,0.12031662987824918,-0.4141392869288731,1.3494083102306724,0.12031662987824918,-1.1413392859165858,0.8083883110919594,0.12031662987824918,-1.1413392859165858,0.8083883110919594,0.12031662987824918,-0.4141392869288731,1.3494083102306724,-0.30204336868878845,-0.4141392869288731,1.3494083102306724,-0.30204336868878845,-1.1413392859165858,0.8083883110919594,-0.30204336868878845,-1.1413392859165858,0.8083883110919594,-0.30204336868878845,-0.4141392869288731
2 2.256710098377857,0.03899446229300502,-2.2287164985418415,2.256710098377857,0.03899446229300502,-2.59933649904727,1.6295001047929192,0.03899446229300502,-2.59933649904727,1.6295001047929192,0.03899446229300502,-2.2287164985418415,2.256710098377857,-0.6436755369122982,-2.2287164985418415,2.256710098377857,-0.6436755369122982,-2.59933649904727,1.6295001047929192,-0.6436755369122982,-2.59933649904727,1.6295001047929192,-0.6436755369122982,-2.2287164985418415
2 -0.28958982855876925,0.0895330766852856,1.437821352553358,-0.28958982855876925,0.0895330766852856,1.0338013529062366,-0.6936098274509048,0.0895330766852856,1.0338013529062366,-0.6936098274509048,0.0895330766852856,1.437821352553358,-0.28958982855876925,-0.730886922281599,1.437821352553358,-0.28958982855876925,-0.730886922281599,1.0338013529062366,-0.6936098274509048,-0.730886922281599,1.0338013529062366,-0.6936098274509048,-0.730886922281599,1.437821352553358
1 -2.5489605375165025,0.017138121641483317,0.9750190315430523,-2.5489605375165025,0.017138121641483317,0.6364390315825581,-3.435680537617775,0.017138121641483317,0.6364390315825581,-3.435680537617775,0.017138121641483317,0.9750190315430523,-2.5489605375165025,-0.26093187741121293,0.9750190315430523,-2.5489605375165025,-0.26093187741121293,0.6364390315825581,-3.435680537617775,-0.26093187741121293,0.6364390315825581,-3.435680537617775,-0.26093187741121293,0.9750190315430523
9 4.6074446697453215,-0.1155422030241108,3.645496085001974,4.6074446697453215,-0.1155422030241108,2.771836087391825,4.207024667718057,-0.1155422030241108,2.771836087391825,4.207024667718057,-0.1155422030241108,3.645496085001974,4.6074446697453215,-0.39192220585040094,3.645496085001974,4.6074446697453215,-0.39192220585040094,2.771836087391825,4.207024667718057,-0.39192220585040094,2.771836087391825,4.207024667718057,-0.39192220585040094,3.645496085001974
2 -0.813957555898037,-0.06796650675275323,-2.6622263717681265,-0.813957555898037,-0.06796650675275323,-3.155106372830262,-1.3241175573984718,-0.06796650675275323,-3.155106372830262,-1.3241175573984718,-0.06796650675275323,-2.6622263717681265,-0.813957555898037,-0.7701065084602594,-2.6622263717681265,-0.813957555898037,-0.7701065084602594,-3.155106372830262,-1.3241175573984718,-0.7701065084602594,-3.155106372830262,-1.3241175573984718,-0.7701065084602594,-2.6622263717681265
