0 4.206504295825852,0.14093384152354715,5.024447636649446,4.204238631371419,0.14093384152354715,4.356103871926942,3.5113916888238066,0.14093384152354715,4.358452601387663,3.5136573532782394,0.14093384152354715,5.026796366110167,4.206504295825852,-0.0936658941775751,5.024447636649446,4.204238631371419,-0.0936658941775751,4.356103871926942,3.5113916888238066,-0.0936658941775751,4.358452601387663,3.5136573532782394,-0.0936658941775751,5.026796366110167 0.9941613
0 2.2307592992949408,-0.028189789339981064,6.053699142033021,2.2324356191226236,-0.028189789339981064,5.418672478776715,1.6896072263550836,-0.028189789339981064,5.4172395405231315,1.687930906527401,-0.028189789339981064,6.052266203779437,2.2307592992949408,-0.5340991506128693,6.053699142033021,2.2324356191226236,-0.5340991506128693,5.418672478776715,1.6896072263550836,-0.5340991506128693,5.4172395405231315,1.687930906527401,-0.5340991506128693,6.052266203779437 1.4366233e-05
0 -1.4443850533578673,0.12443122910970689,1.4538599823532214,-1.4439384846761987,0.12443122910970689,1.1567314086273683,-1.7029740794088564,0.12443122910970689,1.1563420916976819,-1.703420648090525,0.12443122910970689,1.453470665423535,-1.4443850533578673,-0.7348938350629235,1.4538599823532214,-1.4439384846761987,-0.7348938350629235,1.1567314086273683,-1.7029740794088564,-0.7348938350629235,1.1563420916976819,-1.703420648090525,-0.7348938350629235,1.453470665423535 5.5824697e-05
0 0.4714753360130881,0.19204663286638257,2.0422936621397563,0.47138193403351525,0.19204663286638257,1.978445825320789,0.3070532351157571,0.19204663286638257,1.9786862191468646,0.30714663709532997,0.19204663286638257,2.042534055965832,0.4714753360130881,-0.7945232893033027,2.0422936621397563,0.47138193403351525,-0.7945232893033027,1.978445825320789,0.3070532351157571,-0.7945232893033027,1.9786862191468646,0.30714663709532997,-0.7945232893033027,2.042534055965832 0.0003976194
0 -2.9663151177906384,0.06241080577104627,-4.620078740710224,-2.965833653351823,0.06241080577104627,-5.294559215148697,-3.613245162055553,0.06241080577104627,-5.295021356946026,-3.6137266264943686,0.06241080577104627,-4.620540882507553,-2.9663151177906384,-0.3091536503526503,-4.620078740710224,-2.965833653351823,-0.3091536503526503,-5.294559215148697,-3.613245162055553,-0.3091536503526503,-5.295021356946026,-3.6137266264943686,-0.3091536503526503,-4.620540882507553 0.0001489864
0 0.44898418120120415,0.2443136748550534,2.0858390156084967,0.4489526355519279,0.2443136748550534,2.02726512978825,0.30603715249325386,0.2443136748550534,2.0273420985882806,0.3060686981425301,0.2443136748550534,2.0859159844085275,0.44898418120120415,-0.7109334048507809,2.0858390156084967,0.4489526355519279,-0.7109334048507809,2.02726512978825,0.30603715249325386,-0.7109334048507809,2.0273420985882806,0.3060686981425301,-0.7109334048507809,2.0859159844085275 0.0006847022
0 0.6214229988111475,0.004117177031853186,-1.5250706991164007,0.6244958610266763,0.004117177031853186,-2.277567006504846,0.1678397727952978,0.004117177031853186,-2.2794317880662165,0.16476691057976897,0.004117177031853186,-1.5269354806777713,0.6214229988111475,-0.3958231966718221,-1.5250706991164007,0.6244958610266763,-0.3958231966718221,-2.277567006504846,0.1678397727952978,-0.3958231966718221,-2.2794317880662165,0.16476691057976897,-0.3958231966718221,-1.5269354806777713 0.013972993
0 -5.058510835985862,0.05704721452287673,3.4209123946900153,-5.056520460327335,0.05704721452287673,2.5937604888684582,-5.500852529187478,0.05704721452287673,2.5926912925963617,-5.502842904846005,0.05704721452287673,3.4198431984179187,-5.058510835985862,-0.2540244722514534,3.4209123946900153,-5.056520460327335,-0.2540244722514534,2.5937604888684582,-5.500852529187478,-0.2540244722514534,2.5926912925963617,-5.502842904846005,-0.2540244722514534,3.4198431984179187 0.00011274269
0 -2.1999184361832764,0.20999239686993898,-5.064581764570213,-2.1993154723594825,0.20999239686993898,-5.433652588680606,-3.0862568148238037,0.20999239686993898,-5.43510161555674,-3.0868597786475975,0.20999239686993898,-5.066030791446347,-2.1999184361832764,-0.03746861521272003,-5.064581764570213,-2.1993154723594825,-0.03746861521272003,-5.433652588680606,-3.0862568148238037,-0.03746861521272003,-5.43510161555674,-3.0868597786475975,-0.03746861521272003,-5.066030791446347 0.00029601544
0 -4.564562099121882,0.11022257448724745,-12.693516746419196,-4.568513490318725,0.11022257448724745,-13.372424286631997,-5.181362850524114,0.11022257448724745,-13.368857368571039,-5.1774114593272715,0.11022257448724745,-12.689949828358237,-4.564562099121882,-0.25912639142564775,-12.693516746419196,-4.568513490318725,-0.25912639142564775,-13.372424286631997,-5.181362850524114,-0.25912639142564775,-13.368857368571039,-5.1774114593272715,-0.25912639142564775,-12.689949828358237 9.451066e-05
0 1.9012341562271056,0.06422363693675998,1.2562339810198178,1.9024351595336684,0.06422363693675998,0.9032105397222847,1.526886456871039,0.06422363693675998,0.9019329043561588,1.5256854535644762,0.06422363693675998,1.2549563456536919,1.9012341562271056,-0.7813184159513473,1.2562339810198178,1.9024351595336684,-0.7813184159513473,0.9032105397222847,1.526886456871039,-0.7813184159513473,0.9019329043561588,1.5256854535644762,-0.7813184159513473,1.2549563456536919 4.3964188e-05
0 0.45962938244516216,0.0777634978931308,-1.648741161076536,0.46106621448298,0.0777634978931308,-2.0321155729619105,0.029703025267774213,0.0777634978931308,-2.033732260020266,0.02826619322995641,0.0777634978931308,-1.6503578481348913,0.45962938244516216,-0.7014927268665194,-1.648741161076536,0.46106621448298,-0.7014927268665194,-2.0321155729619105,0.029703025267774213,-0.7014927268665194,-2.033732260020266,0.02826619322995641,-0.7014927268665194,-1.6503578481348913 7.484787e-05
0 1.5054443949379634,0.046970597381534585,6.101995919064848,1.5050771441889625,0.046970597381534585,5.764608652097532,1.16317356885293,0.046970597381534585,5.764980818911226,1.163540819601931,0.046970597381534585,6.102368085878542,1.5054443949379634,-0.8201852952193642,6.101995919064848,1.5050771441889625,-0.8201852952193642,5.764608652097532,1.16317356885293,-0.8201852952193642,5.764980818911226,1.163540819601931,-0.8201852952193642,6.102368085878542 2.090686e-05
0 -1.4705381690651782,0.21265083449596406,1.3197220195411206,-1.4707557518404957,0.21265083449596406,1.0313110533316165,-1.8296317756980054,0.21265083449596406,1.0315817963005542,-1.829414192922688,0.21265083449596406,1.3199927625100583,-1.4705381690651782,-0.6632999171566392,1.3197220195411206,-1.4707557518404957,-0.6632999171566392,1.0313110533316165,-1.8296317756980054,-0.6632999171566392,1.0315817963005542,-1.829414192922688,-0.6632999171566392,1.3199927625100583 4.7518133e-05
0 1.1650322213394428,0.09555473567537306,2.196321273103825,1.164530264963552,0.09555473567537306,1.2696614008943903,0.8713917002456402,0.09555473567537306,1.269820189222225,0.8718936566215308,0.09555473567537306,2.1964800614316595,1.1650322213394428,-0.21823574246458052,2.196321273103825,1.164530264963552,-0.21823574246458052,1.2696614008943903,0.8713917002456402,-0.21823574246458052,1.269820189222225,0.8718936566215308,-0.21823574246458052,2.1964800614316595 0.0009447625
0 -2.5674965127852545,0.13920435325793265,-4.878133635601291,-2.5671586955818815,0.13920435325793265,-5.502953485528986,-3.1813314214798822,0.13920435325793265,-5.50328554622244,-3.1816692386832552,0.13920435325793265,-4.878465696294745,-2.5674965127852545,-0.16868991421154975,-4.878133635601291,-2.5671586955818815,-0.16868991421154975,-5.502953485528986,-3.1813314214798822,-0.16868991421154975,-5.50328554622244,-3.1816692386832552,-0.16868991421154975,-4.878465696294745 0.0092111295
0 -0.9711331388027775,0.17060455779395106,-1.396482695149987,-0.9704409574015903,0.17060455779395106,-1.7835336020751957,-1.3746505716769588,0.17060455779395106,-1.78425646920243,-1.375342753078146,0.17060455779395106,-1.3972055622772213,-0.9711331388027775,-0.6488328586038112,-1.396482695149987,-0.9704409574015903,-0.6488328586038112,-1.7835336020751957,-1.3746505716769588,-0.6488328586038112,-1.78425646920243,-1.375342753078146,-0.6488328586038112,-1.3972055622772213 3.1954736e-05
0 1.5975046010088443,0.1728529855527544,-1.2489325619639227,1.5973753158001296,0.1728529855527544,-1.633702025321847,0.7155428080487729,0.1728529855527544,-1.6334057234822443,0.7156720932574875,0.1728529855527544,-1.24863626012432,1.5975046010088443,-0.10441786049982549,-1.2489325619639227,1.5973753158001296,-0.10441786049982549,-1.633702025321847,0.7155428080487729,-0.10441786049982549,-1.6334057234822443,0.7156720932574875,-0.10441786049982549,-1.24863626012432 0.0004595279
0 -4.259343973405027,0.3970442627620125,-3.8560406855209752,-4.259619506390359,0.3970442627620125,-4.219866272162864,-4.608707555525637,0.3970442627620125,-4.219601900233419,-4.608432022540305,0.3970442627620125,-3.8557763135915306,-4.259343973405027,-0.44776212322229386,-3.8560406855209752,-4.259619506390359,-0.44776212322229386,-4.219866272162864,-4.608707555525637,-0.44776212322229386,-4.219601900233419,-4.608432022540305,-0.44776212322229386,-3.8557763135915306 5.712501e-05
1 4.206504295825852,0.14093384152354715,5.024447636649446,4.204238631371419,0.14093384152354715,4.356103871926942,3.5113916888238066,0.14093384152354715,4.358452601387663,3.5136573532782394,0.14093384152354715,5.026796366110167,4.206504295825852,-0.0936658941775751,5.024447636649446,4.204238631371419,-0.0936658941775751,4.356103871926942,3.5113916888238066,-0.0936658941775751,4.358452601387663,3.5136573532782394,-0.0936658941775751,5.026796366110167 0.0005376384
1 2.2307592992949408,-0.028189789339981064,6.053699142033021,2.2324356191226236,-0.028189789339981064,5.418672478776715,1.6896072263550836,-0.028189789339981064,5.4172395405231315,1.687930906527401,-0.028189789339981064,6.052266203779437,2.2307592992949408,-0.5340991506128693,6.053699142033021,2.2324356191226236,-0.5340991506128693,5.418672478776715,1.6896072263550836,-0.5340991506128693,5.4172395405231315,1.687930906527401,-0.5340991506128693,6.052266203779437 1.00415655e-05
1 -1.4443850533578673,0.12443122910970689,1.4538599823532214,-1.4439384846761987,0.12443122910970689,1.1567314086273683,-1.7029740794088564,0.12443122910970689,1.1563420916976819,-1.703420648090525,0.12443122910970689,1.453470665423535,-1.4443850533578673,-0.7348938350629235,1.4538599823532214,-1.4439384846761987,-0.7348938350629235,1.1567314086273683,-1.7029740794088564,-0.7348938350629235,1.1563420916976819,-1.703420648090525,-0.7348938350629235,1.453470665423535 5.7724146e-06
1 0.4714753360130881,0.19204663286638257,2.0422936621397563,0.47138193403351525,0.19204663286638257,1.978445825320789,0.3070532351157571,0.19204663286638257,1.9786862191468646,0.30714663709532997,0.19204663286638257,2.042534055965832,0.4714753360130881,-0.7945232893033027,2.0422936621397563,0.47138193403351525,-0.7945232893033027,1.978445825320789,0.3070532351157571,-0.7945232893033027,1.9786862191468646,0.30714663709532997,-0.7945232893033027,2.042534055965832 2.7806054e-05
1 -2.9663151177906384,0.06241080577104627,-4.620078740710224,-2.965833653351823,0.06241080577104627,-5.294559215148697,-3.613245162055553,0.06241080577104627,-5.295021356946026,-3.6137266264943686,0.06241080577104627,-4.620540882507553,-2.9663151177906384,-0.3091536503526503,-4.620078740710224,-2.965833653351823,-0.3091536503526503,-5.294559215148697,-3.613245162055553,-0.3091536503526503,-5.295021356946026,-3.6137266264943686,-0.3091536503526503,-4.620540882507553 0.00014235334
1 0.44898418120120415,0.2443136748550534,2.0858390156084967,0.4489526355519279,0.2443136748550534,2.02726512978825,0.30603715249325386,0.2443136748550534,2.0273420985882806,0.3060686981425301,0.2443136748550534,2.0859159844085275,0.44898418120120415,-0.7109334048507809,2.0858390156084967,0.4489526355519279,-0.7109334048507809,2.02726512978825,0.30603715249325386,-0.7109334048507809,2.0273420985882806,0.3060686981425301,-0.7109334048507809,2.0859159844085275 3.2513148e-05
1 0.6214229988111475,0.004117177031853186,-1.5250706991164007,0.6244958610266763,0.004117177031853186,-2.277567006504846,0.1678397727952978,0.004117177031853186,-2.2794317880662165,0.16476691057976897,0.004117177031853186,-1.5269354806777713,0.6214229988111475,-0.3958231966718221,-1.5250706991164007,0.6244958610266763,-0.3958231966718221,-2.277567006504846,0.1678397727952978,-0.3958231966718221,-2.2794317880662165,0.16476691057976897,-0.3958231966718221,-1.5269354806777713 0.013832102
1 -5.058510835985862,0.05704721452287673,3.4209123946900153,-5.056520460327335,0.05704721452287673,2.5937604888684582,-5.500852529187478,0.05704721452287673,2.5926912925963617,-5.502842904846005,0.05704721452287673,3.4198431984179187,-5.058510835985862,-0.2540244722514534,3.4209123946900153,-5.056520460327335,-0.2540244722514534,2.5937604888684582,-5.500852529187478,-0.2540244722514534,2.5926912925963617,-5.502842904846005,-0.2540244722514534,3.4198431984179187 1.8533123e-05
1 -2.1999184361832764,0.20999239686993898,-5.064581764570213,-2.1993154723594825,0.20999239686993898,-5.433652588680606,-3.0862568148238037,0.20999239686993898,-5.43510161555674,-3.0868597786475975,0.20999239686993898,-5.066030791446347,-2.1999184361832764,-0.03746861521272003,-5.064581764570213,-2.1993154723594825,-0.03746861521272003,-5.433652588680606,-3.0862568148238037,-0.03746861521272003,-5.43510161555674,-3.0868597786475975,-0.03746861521272003,-5.066030791446347 0.9951152
1 -4.564562099121882,0.11022257448724745,-12.693516746419196,-4.568513490318725,0.11022257448724745,-13.372424286631997,-5.181362850524114,0.11022257448724745,-13.368857368571039,-5.1774114593272715,0.11022257448724745,-12.689949828358237,-4.564562099121882,-0.25912639142564775,-12.693516746419196,-4.568513490318725,-0.25912639142564775,-13.372424286631997,-5.181362850524114,-0.25912639142564775,-13.368857368571039,-5.1774114593272715,-0.25912639142564775,-12.689949828358237 0.00026844948
1 1.9012341562271056,0.06422363693675998,1.2562339810198178,1.9024351595336684,0.06422363693675998,0.9032105397222847,1.526886456871039,0.06422363693675998,0.9019329043561588,1.5256854535644762,0.06422363693675998,1.2549563456536919,1.9012341562271056,-0.7813184159513473,1.2562339810198178,1.9024351595336684,-0.7813184159513473,0.9032105397222847,1.526886456871039,-0.7813184159513473,0.9019329043561588,1.5256854535644762,-0.7813184159513473,1.2549563456536919 2.1577398e-05
1 0.45962938244516216,0.0777634978931308,-1.648741161076536,0.46106621448298,0.0777634978931308,-2.0321155729619105,0.029703025267774213,0.0777634978931308,-2.033732260020266,0.02826619322995641,0.0777634978931308,-1.6503578481348913,0.45962938244516216,-0.7014927268665194,-1.648741161076536,0.46106621448298,-0.7014927268665194,-2.0321155729619105,0.029703025267774213,-0.7014927268665194,-2.033732260020266,0.02826619322995641,-0.7014927268665194,-1.6503578481348913 3.8902544e-05
1 1.5054443949379634,0.046970597381534585,6.101995919064848,1.5050771441889625,0.046970597381534585,5.764608652097532,1.16317356885293,0.046970597381534585,5.764980818911226,1.163540819601931,0.046970597381534585,6.102368085878542,1.5054443949379634,-0.8201852952193642,6.101995919064848,1.5050771441889625,-0.8201852952193642,5.764608652097532,1.16317356885293,-0.8201852952193642,5.764980818911226,1.163540819601931,-0.8201852952193642,6.102368085878542 9.772455e-06
1 -1.4705381690651782,0.21265083449596406,1.3197220195411206,-1.4707557518404957,0.21265083449596406,1.0313110533316165,-1.8296317756980054,0.21265083449596406,1.0315817963005542,-1.829414192922688,0.21265083449596406,1.3199927625100583,-1.4705381690651782,-0.6632999171566392,1.3197220195411206,-1.4707557518404957,-0.6632999171566392,1.0313110533316165,-1.8296317756980054,-0.6632999171566392,1.0315817963005542,-1.829414192922688,-0.6632999171566392,1.3199927625100583 7.503053e-06
1 1.1650322213394428,0.09555473567537306,2.196321273103825,1.164530264963552,0.09555473567537306,1.2696614008943903,0.8713917002456402,0.09555473567537306,1.269820189222225,0.8718936566215308,0.09555473567537306,2.1964800614316595,1.1650322213394428,-0.21823574246458052,2.196321273103825,1.164530264963552,-0.21823574246458052,1.2696614008943903,0.8713917002456402,-0.21823574246458052,1.269820189222225,0.8718936566215308,-0.21823574246458052,2.1964800614316595 1.0800653e-05
1 -2.5674965127852545,0.13920435325793265,-4.878133635601291,-2.5671586955818815,0.13920435325793265,-5.502953485528986,-3.1813314214798822,0.13920435325793265,-5.50328554622244,-3.1816692386832552,0.13920435325793265,-4.878465696294745,-2.5674965127852545,-0.16868991421154975,-4.878133635601291,-2.5671586955818815,-0.16868991421154975,-5.502953485528986,-3.1813314214798822,-0.16868991421154975,-5.50328554622244,-3.1816692386832552,-0.16868991421154975,-4.878465696294745 0.41572142
1 -0.9711331388027775,0.17060455779395106,-1.396482695149987,-0.9704409574015903,0.17060455779395106,-1.7835336020751957,-1.3746505716769588,0.17060455779395106,-1.78425646920243,-1.375342753078146,0.17060455779395106,-1.3972055622772213,-0.9711331388027775,-0.6488328586038112,-1.396482695149987,-0.9704409574015903,-0.6488328586038112,-1.7835336020751957,-1.3746505716769588,-0.6488328586038112,-1.78425646920243,-1.375342753078146,-0.6488328586038112,-1.3972055622772213 1.3611298e-05
1 1.5975046010088443,0.1728529855527544,-1.2489325619639227,1.5973753158001296,0.1728529855527544,-1.633702025321847,0.7155428080487729,0.1728529855527544,-1.6334057234822443,0.7156720932574875,0.1728529855527544,-1.24863626012432,1.5975046010088443,-0.10441786049982549,-1.2489325619639227,1.5973753158001296,-0.10441786049982549,-1.633702025321847,0.7155428080487729,-0.10441786049982549,-1.6334057234822443,0.7156720932574875,-0.10441786049982549,-1.24863626012432 0.99133205
1 -4.259343973405027,0.3970442627620125,-3.8560406855209752,-4.259619506390359,0.3970442627620125,-4.219866272162864,-4.608707555525637,0.3970442627620125,-4.219601900233419,-4.608432022540305,0.3970442627620125,-3.8557763135915306,-4.259343973405027,-0.44776212322229386,-3.8560406855209752,-4.259619506390359,-0.44776212322229386,-4.219866272162864,-4.608707555525637,-0.44776212322229386,-4.219601900233419,-4.608432022540305,-0.44776212322229386,-3.8557763135915306 2.427028e-05
2 4.206504295825852,0.14093384152354715,5.024447636649446,4.204238631371419,0.14093384152354715,4.356103871926942,3.5113916888238066,0.14093384152354715,4.358452601387663,3.5136573532782394,0.14093384152354715,5.026796366110167,4.206504295825852,-0.0936658941775751,5.024447636649446,4.204238631371419,-0.0936658941775751,4.356103871926942,3.5113916888238066,-0.0936658941775751,4.358452601387663,3.5136573532782394,-0.0936658941775751,5.026796366110167 0.0001304049
2 2.2307592992949408,-0.028189789339981064,6.053699142033021,2.2324356191226236,-0.028189789339981064,5.418672478776715,1.6896072263550836,-0.028189789339981064,5.4172395405231315,1.687930906527401,-0.028189789339981064,6.052266203779437,2.2307592992949408,-0.5340991506128693,6.053699142033021,2.2324356191226236,-0.5340991506128693,5.418672478776715,1.6896072263550836,-0.5340991506128693,5.4172395405231315,1.687930906527401,-0.5340991506128693,6.052266203779437 0.00010213446
2 -1.4443850533578673,0.12443122910970689,1.4538599823532214,-1.4439384846761987,0.12443122910970689,1.1567314086273683,-1.7029740794088564,0.12443122910970689,1.1563420916976819,-1.703420648090525,0.12443122910970689,1.453470665423535,-1.4443850533578673,-0.7348938350629235,1.4538599823532214,-1.4439384846761987,-0.7348938350629235,1.1567314086273683,-1.7029740794088564,-0.7348938350629235,1.1563420916976819,-1.703420648090525,-0.7348938350629235,1.453470665423535 0.00015019636
2 0.4714753360130881,0.19204663286638257,2.0422936621397563,0.47138193403351525,0.19204663286638257,1.978445825320789,0.3070532351157571,0.19204663286638257,1.9786862191468646,0.30714663709532997,0.19204663286638257,2.042534055965832,0.4714753360130881,-0.7945232893033027,2.0422936621397563,0.47138193403351525,-0.7945232893033027,1.978445825320789,0.3070532351157571,-0.7945232893033027,1.9786862191468646,0.30714663709532997,-0.7945232893033027,2.042534055965832 0.0002690429
2 -2.9663151177906384,0.06241080577104627,-4.620078740710224,-2.965833653351823,0.06241080577104627,-5.294559215148697,-3.613245162055553,0.06241080577104627,-5.295021356946026,-3.6137266264943686,0.06241080577104627,-4.620540882507553,-2.9663151177906384,-0.3091536503526503,-4.620078740710224,-2.965833653351823,-0.3091536503526503,-5.294559215148697,-3.613245162055553,-0.3091536503526503,-5.295021356946026,-3.6137266264943686,-0.3091536503526503,-4.620540882507553 0.00052127324
2 0.44898418120120415,0.2443136748550534,2.0858390156084967,0.4489526355519279,0.2443136748550534,2.02726512978825,0.30603715249325386,0.2443136748550534,2.0273420985882806,0.3060686981425301,0.2443136748550534,2.0859159844085275,0.44898418120120415,-0.7109334048507809,2.0858390156084967,0.4489526355519279,-0.7109334048507809,2.02726512978825,0.30603715249325386,-0.7109334048507809,2.0273420985882806,0.3060686981425301,-0.7109334048507809,2.0859159844085275 0.0006013597
2 0.6214229988111475,0.004117177031853186,-1.5250706991164007,0.6244958610266763,0.004117177031853186,-2.277567006504846,0.1678397727952978,0.004117177031853186,-2.2794317880662165,0.16476691057976897,0.004117177031853186,-1.5269354806777713,0.6214229988111475,-0.3958231966718221,-1.5250706991164007,0.6244958610266763,-0.3958231966718221,-2.277567006504846,0.1678397727952978,-0.3958231966718221,-2.2794317880662165,0.16476691057976897,-0.3958231966718221,-1.5269354806777713 0.07876524
2 -5.058510835985862,0.05704721452287673,3.4209123946900153,-5.056520460327335,0.05704721452287673,2.5937604888684582,-5.500852529187478,0.05704721452287673,2.5926912925963617,-5.502842904846005,0.05704721452287673,3.4198431984179187,-5.058510835985862,-0.2540244722514534,3.4209123946900153,-5.056520460327335,-0.2540244722514534,2.5937604888684582,-5.500852529187478,-0.2540244722514534,2.5926912925963617,-5.502842904846005,-0.2540244722514534,3.4198431984179187 0.0011685769
2 -2.1999184361832764,0.20999239686993898,-5.064581764570213,-2.1993154723594825,0.20999239686993898,-5.433652588680606,-3.0862568148238037,0.20999239686993898,-5.43510161555674,-3.0868597786475975,0.20999239686993898,-5.066030791446347,-2.1999184361832764,-0.03746861521272003,-5.064581764570213,-2.1993154723594825,-0.03746861521272003,-5.433652588680606,-3.0862568148238037,-0.03746861521272003,-5.43510161555674,-3.0868597786475975,-0.03746861521272003,-5.066030791446347 0.00020607999
2 -4.564562099121882,0.11022257448724745,-12.693516746419196,-4.568513490318725,0.11022257448724745,-13.372424286631997,-5.181362850524114,0.11022257448724745,-13.368857368571039,-5.1774114593272715,0.11022257448724745,-12.689949828358237,-4.564562099121882,-0.25912639142564775,-12.693516746419196,-4.568513490318725,-0.25912639142564775,-13.372424286631997,-5.181362850524114,-0.25912639142564775,-13.368857368571039,-5.1774114593272715,-0.25912639142564775,-12.689949828358237 0.00027069144
2 1.9012341562271056,0.06422363693675998,1.2562339810198178,1.9024351595336684,0.06422363693675998,0.9032105397222847,1.526886456871039,0.06422363693675998,0.9019329043561588,1.5256854535644762,0.06422363693675998,1.2549563456536919,1.9012341562271056,-0.7813184159513473,1.2562339810198178,1.9024351595336684,-0.7813184159513473,0.9032105397222847,1.526886456871039,-0.7813184159513473,0.9019329043561588,1.5256854535644762,-0.7813184159513473,1.2549563456536919 0.9988696
2 0.45962938244516216,0.0777634978931308,-1.648741161076536,0.46106621448298,0.0777634978931308,-2.0321155729619105,0.029703025267774213,0.0777634978931308,-2.033732260020266,0.02826619322995641,0.0777634978931308,-1.6503578481348913,0.45962938244516216,-0.7014927268665194,-1.648741161076536,0.46106621448298,-0.7014927268665194,-2.0321155729619105,0.029703025267774213,-0.7014927268665194,-2.033732260020266,0.02826619322995641,-0.7014927268665194,-1.6503578481348913 0.9981341
2 1.5054443949379634,0.046970597381534585,6.101995919064848,1.5050771441889625,0.046970597381534585,5.764608652097532,1.16317356885293,0.046970597381534585,5.764980818911226,1.163540819601931,0.046970597381534585,6.102368085878542,1.5054443949379634,-0.8201852952193642,6.101995919064848,1.5050771441889625,-0.8201852952193642,5.764608652097532,1.16317356885293,-0.8201852952193642,5.764980818911226,1.163540819601931,-0.8201852952193642,6.102368085878542 5.3568536e-05
2 -1.4705381690651782,0.21265083449596406,1.3197220195411206,-1.4707557518404957,0.21265083449596406,1.0313110533316165,-1.8296317756980054,0.21265083449596406,1.0315817963005542,-1.829414192922688,0.21265083449596406,1.3199927625100583,-1.4705381690651782,-0.6632999171566392,1.3197220195411206,-1.4707557518404957,-0.6632999171566392,1.0313110533316165,-1.8296317756980054,-0.6632999171566392,1.0315817963005542,-1.829414192922688,-0.6632999171566392,1.3199927625100583 0.00013116261
2 1.1650322213394428,0.09555473567537306,2.196321273103825,1.164530264963552,0.09555473567537306,1.2696614008943903,0.8713917002456402,0.09555473567537306,1.269820189222225,0.8718936566215308,0.09555473567537306,2.1964800614316595,1.1650322213394428,-0.21823574246458052,2.196321273103825,1.164530264963552,-0.21823574246458052,1.2696614008943903,0.8713917002456402,-0.21823574246458052,1.269820189222225,0.8718936566215308,-0.21823574246458052,2.1964800614316595 0.00044956483
2 -2.5674965127852545,0.13920435325793265,-4.878133635601291,-2.5671586955818815,0.13920435325793265,-5.502953485528986,-3.1813314214798822,0.13920435325793265,-5.50328554622244,-3.1816692386832552,0.13920435325793265,-4.878465696294745,-2.5674965127852545,-0.16868991421154975,-4.878133635601291,-2.5671586955818815,-0.16868991421154975,-5.502953485528986,-3.1813314214798822,-0.16868991421154975,-5.50328554622244,-3.1816692386832552,-0.16868991421154975,-4.878465696294745 0.007888722
2 -0.9711331388027775,0.17060455779395106,-1.396482695149987,-0.9704409574015903,0.17060455779395106,-1.7835336020751957,-1.3746505716769588,0.17060455779395106,-1.78425646920243,-1.375342753078146,0.17060455779395106,-1.3972055622772213,-0.9711331388027775,-0.6488328586038112,-1.396482695149987,-0.9704409574015903,-0.6488328586038112,-1.7835336020751957,-1.3746505716769588,-0.6488328586038112,-1.78425646920243,-1.375342753078146,-0.6488328586038112,-1.3972055622772213 0.9994664
2 1.5975046010088443,0.1728529855527544,-1.2489325619639227,1.5973753158001296,0.1728529855527544,-1.633702025321847,0.7155428080487729,0.1728529855527544,-1.6334057234822443,0.7156720932574875,0.1728529855527544,-1.24863626012432,1.5975046010088443,-0.10441786049982549,-1.2489325619639227,1.5973753158001296,-0.10441786049982549,-1.633702025321847,0.7155428080487729,-0.10441786049982549,-1.6334057234822443,0.7156720932574875,-0.10441786049982549,-1.24863626012432 0.00029807695
2 -4.259343973405027,0.3970442627620125,-3.8560406855209752,-4.259619506390359,0.3970442627620125,-4.219866272162864,-4.608707555525637,0.3970442627620125,-4.219601900233419,-4.608432022540305,0.3970442627620125,-3.8557763135915306,-4.259343973405027,-0.44776212322229386,-3.8560406855209752,-4.259619506390359,-0.44776212322229386,-4.219866272162864,-4.608707555525637,-0.44776212322229386,-4.219601900233419,-4.608432022540305,-0.44776212322229386,-3.8557763135915306 6.775267e-05
3 4.206504295825852,0.14093384152354715,5.024447636649446,4.204238631371419,0.14093384152354715,4.356103871926942,3.5113916888238066,0.14093384152354715,4.358452601387663,3.5136573532782394,0.14093384152354715,5.026796366110167,4.206504295825852,-0.0936658941775751,5.024447636649446,4.204238631371419,-0.0936658941775751,4.356103871926942,3.5113916888238066,-0.0936658941775751,4.358452601387663,3.5136573532782394,-0.0936658941775751,5.026796366110167 0.0001849601
3 2.2307592992949408,-0.028189789339981064,6.053699142033021,2.2324356191226236,-0.028189789339981064,5.418672478776715,1.6896072263550836,-0.028189789339981064,5.4172395405231315,1.687930906527401,-0.028189789339981064,6.052266203779437,2.2307592992949408,-0.5340991506128693,6.053699142033021,2.2324356191226236,-0.5340991506128693,5.418672478776715,1.6896072263550836,-0.5340991506128693,5.4172395405231315,1.687930906527401,-0.5340991506128693,6.052266203779437 4.1369663e-06
3 -1.4443850533578673,0.12443122910970689,1.4538599823532214,-1.4439384846761987,0.12443122910970689,1.1567314086273683,-1.7029740794088564,0.12443122910970689,1.1563420916976819,-1.703420648090525,0.12443122910970689,1.453470665423535,-1.4443850533578673,-0.7348938350629235,1.4538599823532214,-1.4439384846761987,-0.7348938350629235,1.1567314086273683,-1.7029740794088564,-0.7348938350629235,1.1563420916976819,-1.703420648090525,-0.7348938350629235,1.453470665423535 0.0030710325
3 0.4714753360130881,0.19204663286638257,2.0422936621397563,0.47138193403351525,0.19204663286638257,1.978445825320789,0.3070532351157571,0.19204663286638257,1.9786862191468646,0.30714663709532997,0.19204663286638257,2.042534055965832,0.4714753360130881,-0.7945232893033027,2.0422936621397563,0.47138193403351525,-0.7945232893033027,1.978445825320789,0.3070532351157571,-0.7945232893033027,1.9786862191468646,0.30714663709532997,-0.7945232893033027,2.042534055965832 0.0027927635
3 -2.9663151177906384,0.06241080577104627,-4.620078740710224,-2.965833653351823,0.06241080577104627,-5.294559215148697,-3.613245162055553,0.06241080577104627,-5.295021356946026,-3.6137266264943686,0.06241080577104627,-4.620540882507553,-2.9663151177906384,-0.3091536503526503,-4.620078740710224,-2.965833653351823,-0.3091536503526503,-5.294559215148697,-3.613245162055553,-0.3091536503526503,-5.295021356946026,-3.6137266264943686,-0.3091536503526503,-4.620540882507553 4.955963e-05
3 0.44898418120120415,0.2443136748550534,2.0858390156084967,0.4489526355519279,0.2443136748550534,2.02726512978825,0.30603715249325386,0.2443136748550534,2.0273420985882806,0.3060686981425301,0.2443136748550534,2.0859159844085275,0.44898418120120415,-0.7109334048507809,2.0858390156084967,0.4489526355519279,-0.7109334048507809,2.02726512978825,0.30603715249325386,-0.7109334048507809,2.0273420985882806,0.3060686981425301,-0.7109334048507809,2.0859159844085275 0.0034196153
3 0.6214229988111475,0.004117177031853186,-1.5250706991164007,0.6244958610266763,0.004117177031853186,-2.277567006504846,0.1678397727952978,0.004117177031853186,-2.2794317880662165,0.16476691057976897,0.004117177031853186,-1.5269354806777713,0.6214229988111475,-0.3958231966718221,-1.5250706991164007,0.6244958610266763,-0.3958231966718221,-2.277567006504846,0.1678397727952978,-0.3958231966718221,-2.2794317880662165,0.16476691057976897,-0.3958231966718221,-1.5269354806777713 0.00710274
3 -5.058510835985862,0.05704721452287673,3.4209123946900153,-5.056520460327335,0.05704721452287673,2.5937604888684582,-5.500852529187478,0.05704721452287673,2.5926912925963617,-5.502842904846005,0.05704721452287673,3.4198431984179187,-5.058510835985862,-0.2540244722514534,3.4209123946900153,-5.056520460327335,-0.2540244722514534,2.5937604888684582,-5.500852529187478,-0.2540244722514534,2.5926912925963617,-5.502842904846005,-0.2540244722514534,3.4198431984179187 2.3552393e-05
3 -2.1999184361832764,0.20999239686993898,-5.064581764570213,-2.1993154723594825,0.20999239686993898,-5.433652588680606,-3.0862568148238037,0.20999239686993898,-5.43510161555674,-3.0868597786475975,0.20999239686993898,-5.066030791446347,-2.1999184361832764,-0.03746861521272003,-5.064581764570213,-2.1993154723594825,-0.03746861521272003,-5.433652588680606,-3.0862568148238037,-0.03746861521272003,-5.43510161555674,-3.0868597786475975,-0.03746861521272003,-5.066030791446347 3.5203615e-05
3 -4.564562099121882,0.11022257448724745,-12.693516746419196,-4.568513490318725,0.11022257448724745,-13.372424286631997,-5.181362850524114,0.11022257448724745,-13.368857368571039,-5.1774114593272715,0.11022257448724745,-12.689949828358237,-4.564562099121882,-0.25912639142564775,-12.693516746419196,-4.568513490318725,-0.25912639142564775,-13.372424286631997,-5.181362850524114,-0.25912639142564775,-13.368857368571039,-5.1774114593272715,-0.25912639142564775,-12.689949828358237 1.5338466e-05
3 1.9012341562271056,0.06422363693675998,1.2562339810198178,1.9024351595336684,0.06422363693675998,0.9032105397222847,1.526886456871039,0.06422363693675998,0.9019329043561588,1.5256854535644762,0.06422363693675998,1.2549563456536919,1.9012341562271056,-0.7813184159513473,1.2562339810198178,1.9024351595336684,-0.7813184159513473,0.9032105397222847,1.526886456871039,-0.7813184159513473,0.9019329043561588,1.5256854535644762,-0.7813184159513473,1.2549563456536919 0.00021841172
3 0.45962938244516216,0.0777634978931308,-1.648741161076536,0.46106621448298,0.0777634978931308,-2.0321155729619105,0.029703025267774213,0.0777634978931308,-2.033732260020266,0.02826619322995641,0.0777634978931308,-1.6503578481348913,0.45962938244516216,-0.7014927268665194,-1.648741161076536,0.46106621448298,-0.7014927268665194,-2.0321155729619105,0.029703025267774213,-0.7014927268665194,-2.033732260020266,0.02826619322995641,-0.7014927268665194,-1.6503578481348913 0.00017933082
3 1.5054443949379634,0.046970597381534585,6.101995919064848,1.5050771441889625,0.046970597381534585,5.764608652097532,1.16317356885293,0.046970597381534585,5.764980818911226,1.163540819601931,0.046970597381534585,6.102368085878542,1.5054443949379634,-0.8201852952193642,6.101995919064848,1.5050771441889625,-0.8201852952193642,5.764608652097532,1.16317356885293,-0.8201852952193642,5.764980818911226,1.163540819601931,-0.8201852952193642,6.102368085878542 0.0001285518
3 -1.4705381690651782,0.21265083449596406,1.3197220195411206,-1.4707557518404957,0.21265083449596406,1.0313110533316165,-1.8296317756980054,0.21265083449596406,1.0315817963005542,-1.829414192922688,0.21265083449596406,1.3199927625100583,-1.4705381690651782,-0.6632999171566392,1.3197220195411206,-1.4707557518404957,-0.6632999171566392,1.0313110533316165,-1.8296317756980054,-0.6632999171566392,1.0315817963005542,-1.829414192922688,-0.6632999171566392,1.3199927625100583 0.0031576278
3 1.1650322213394428,0.09555473567537306,2.196321273103825,1.164530264963552,0.09555473567537306,1.2696614008943903,0.8713917002456402,0.09555473567537306,1.269820189222225,0.8718936566215308,0.09555473567537306,2.1964800614316595,1.1650322213394428,-0.21823574246458052,2.196321273103825,1.164530264963552,-0.21823574246458052,1.2696614008943903,0.8713917002456402,-0.21823574246458052,1.269820189222225,0.8718936566215308,-0.21823574246458052,2.1964800614316595 0.00010596232
3 -2.5674965127852545,0.13920435325793265,-4.878133635601291,-2.5671586955818815,0.13920435325793265,-5.502953485528986,-3.1813314214798822,0.13920435325793265,-5.50328554622244,-3.1816692386832552,0.13920435325793265,-4.878465696294745,-2.5674965127852545,-0.16868991421154975,-4.878133635601291,-2.5671586955818815,-0.16868991421154975,-5.502953485528986,-3.1813314214798822,-0.16868991421154975,-5.50328554622244,-3.1816692386832552,-0.16868991421154975,-4.878465696294745 0.0019656825
3 -0.9711331388027775,0.17060455779395106,-1.396482695149987,-0.9704409574015903,0.17060455779395106,-1.7835336020751957,-1.3746505716769588,0.17060455779395106,-1.78425646920243,-1.375342753078146,0.17060455779395106,-1.3972055622772213,-0.9711331388027775,-0.6488328586038112,-1.396482695149987,-0.9704409574015903,-0.6488328586038112,-1.7835336020751957,-1.3746505716769588,-0.6488328586038112,-1.78425646920243,-1.375342753078146,-0.6488328586038112,-1.3972055622772213 9.25193e-05
3 1.5975046010088443,0.1728529855527544,-1.2489325619639227,1.5973753158001296,0.1728529855527544,-1.633702025321847,0.7155428080487729,0.1728529855527544,-1.6334057234822443,0.7156720932574875,0.1728529855527544,-1.24863626012432,1.5975046010088443,-0.10441786049982549,-1.2489325619639227,1.5973753158001296,-0.10441786049982549,-1.633702025321847,0.7155428080487729,-0.10441786049982549,-1.6334057234822443,0.7156720932574875,-0.10441786049982549,-1.24863626012432 3.8101636e-05
3 -4.259343973405027,0.3970442627620125,-3.8560406855209752,-4.259619506390359,0.3970442627620125,-4.219866272162864,-4.608707555525637,0.3970442627620125,-4.219601900233419,-4.608432022540305,0.3970442627620125,-3.8557763135915306,-4.259343973405027,-0.44776212322229386,-3.8560406855209752,-4.259619506390359,-0.44776212322229386,-4.219866272162864,-4.608707555525637,-0.44776212322229386,-4.219601900233419,-4.608432022540305,-0.44776212322229386,-3.8557763135915306 0.0059843534
4 4.206504295825852,0.14093384152354715,5.024447636649446,4.204238631371419,0.14093384152354715,4.356103871926942,3.5113916888238066,0.14093384152354715,4.358452601387663,3.5136573532782394,0.14093384152354715,5.026796366110167,4.206504295825852,-0.0936658941775751,5.024447636649446,4.204238631371419,-0.0936658941775751,4.356103871926942,3.5113916888238066,-0.0936658941775751,4.358452601387663,3.5136573532782394,-0.0936658941775751,5.026796366110167 9.305213e-05
4 2.2307592992949408,-0.028189789339981064,6.053699142033021,2.2324356191226236,-0.028189789339981064,5.418672478776715,1.6896072263550836,-0.028189789339981064,5.4172395405231315,1.687930906527401,-0.028189789339981064,6.052266203779437,2.2307592992949408,-0.5340991506128693,6.053699142033021,2.2324356191226236,-0.5340991506128693,5.418672478776715,1.6896072263550836,-0.5340991506128693,5.4172395405231315,1.687930906527401,-0.5340991506128693,6.052266203779437 8.565546e-06
4 -1.4443850533578673,0.12443122910970689,1.4538599823532214,-1.4439384846761987,0.12443122910970689,1.1567314086273683,-1.7029740794088564,0.12443122910970689,1.1563420916976819,-1.703420648090525,0.12443122910970689,1.453470665423535,-1.4443850533578673,-0.7348938350629235,1.4538599823532214,-1.4439384846761987,-0.7348938350629235,1.1567314086273683,-1.7029740794088564,-0.7348938350629235,1.1563420916976819,-1.703420648090525,-0.7348938350629235,1.453470665423535 0.0019986934
4 0.4714753360130881,0.19204663286638257,2.0422936621397563,0.47138193403351525,0.19204663286638257,1.978445825320789,0.3070532351157571,0.19204663286638257,1.9786862191468646,0.30714663709532997,0.19204663286638257,2.042534055965832,0.4714753360130881,-0.7945232893033027,2.0422936621397563,0.47138193403351525,-0.7945232893033027,1.978445825320789,0.3070532351157571,-0.7945232893033027,1.9786862191468646,0.30714663709532997,-0.7945232893033027,2.042534055965832 0.98239785
4 -2.9663151177906384,0.06241080577104627,-4.620078740710224,-2.965833653351823,0.06241080577104627,-5.294559215148697,-3.613245162055553,0.06241080577104627,-5.295021356946026,-3.6137266264943686,0.06241080577104627,-4.620540882507553,-2.9663151177906384,-0.3091536503526503,-4.620078740710224,-2.965833653351823,-0.3091536503526503,-5.294559215148697,-3.613245162055553,-0.3091536503526503,-5.295021356946026,-3.6137266264943686,-0.3091536503526503,-4.620540882507553 7.99445e-05
4 0.44898418120120415,0.2443136748550534,2.0858390156084967,0.4489526355519279,0.2443136748550534,2.02726512978825,0.30603715249325386,0.2443136748550534,2.0273420985882806,0.3060686981425301,0.2443136748550534,2.0859159844085275,0.44898418120120415,-0.7109334048507809,2.0858390156084967,0.4489526355519279,-0.7109334048507809,2.02726512978825,0.30603715249325386,-0.7109334048507809,2.0273420985882806,0.3060686981425301,-0.7109334048507809,2.0859159844085275 0.98283243
4 0.6214229988111475,0.004117177031853186,-1.5250706991164007,0.6244958610266763,0.004117177031853186,-2.277567006504846,0.1678397727952978,0.004117177031853186,-2.2794317880662165,0.16476691057976897,0.004117177031853186,-1.5269354806777713,0.6214229988111475,-0.3958231966718221,-1.5250706991164007,0.6244958610266763,-0.3958231966718221,-2.277567006504846,0.1678397727952978,-0.3958231966718221,-2.2794317880662165,0.16476691057976897,-0.3958231966718221,-1.5269354806777713 0.014622592
4 -5.058510835985862,0.05704721452287673,3.4209123946900153,-5.056520460327335,0.05704721452287673,2.5937604888684582,-5.500852529187478,0.05704721452287673,2.5926912925963617,-5.502842904846005,0.05704721452287673,3.4198431984179187,-5.058510835985862,-0.2540244722514534,3.4209123946900153,-5.056520460327335,-0.2540244722514534,2.5937604888684582,-5.500852529187478,-0.2540244722514534,2.5926912925963617,-5.502842904846005,-0.2540244722514534,3.4198431984179187 1.9726864e-05
4 -2.1999184361832764,0.20999239686993898,-5.064581764570213,-2.1993154723594825,0.20999239686993898,-5.433652588680606,-3.0862568148238037,0.20999239686993898,-5.43510161555674,-3.0868597786475975,0.20999239686993898,-5.066030791446347,-2.1999184361832764,-0.03746861521272003,-5.064581764570213,-2.1993154723594825,-0.03746861521272003,-5.433652588680606,-3.0862568148238037,-0.03746861521272003,-5.43510161555674,-3.0868597786475975,-0.03746861521272003,-5.066030791446347 3.9765546e-05
4 -4.564562099121882,0.11022257448724745,-12.693516746419196,-4.568513490318725,0.11022257448724745,-13.372424286631997,-5.181362850524114,0.11022257448724745,-13.368857368571039,-5.1774114593272715,0.11022257448724745,-12.689949828358237,-4.564562099121882,-0.25912639142564775,-12.693516746419196,-4.568513490318725,-0.25912639142564775,-13.372424286631997,-5.181362850524114,-0.25912639142564775,-13.368857368571039,-5.1774114593272715,-0.25912639142564775,-12.689949828358237 2.7607186e-05
4 1.9012341562271056,0.06422363693675998,1.2562339810198178,1.9024351595336684,0.06422363693675998,0.9032105397222847,1.526886456871039,0.06422363693675998,0.9019329043561588,1.5256854535644762,0.06422363693675998,1.2549563456536919,1.9012341562271056,-0.7813184159513473,1.2562339810198178,1.9024351595336684,-0.7813184159513473,0.9032105397222847,1.526886456871039,-0.7813184159513473,0.9019329043561588,1.5256854535644762,-0.7813184159513473,1.2549563456536919 0.00014864316
4 0.45962938244516216,0.0777634978931308,-1.648741161076536,0.46106621448298,0.0777634978931308,-2.0321155729619105,0.029703025267774213,0.0777634978931308,-2.033732260020266,0.02826619322995641,0.0777634978931308,-1.6503578481348913,0.45962938244516216,-0.7014927268665194,-1.648741161076536,0.46106621448298,-0.7014927268665194,-2.0321155729619105,0.029703025267774213,-0.7014927268665194,-2.033732260020266,0.02826619322995641,-0.7014927268665194,-1.6503578481348913 0.0001777146
4 1.5054443949379634,0.046970597381534585,6.101995919064848,1.5050771441889625,0.046970597381534585,5.764608652097532,1.16317356885293,0.046970597381534585,5.764980818911226,1.163540819601931,0.046970597381534585,6.102368085878542,1.5054443949379634,-0.8201852952193642,6.101995919064848,1.5050771441889625,-0.8201852952193642,5.764608652097532,1.16317356885293,-0.8201852952193642,5.764980818911226,1.163540819601931,-0.8201852952193642,6.102368085878542 0.00042029045
4 -1.4705381690651782,0.21265083449596406,1.3197220195411206,-1.4707557518404957,0.21265083449596406,1.0313110533316165,-1.8296317756980054,0.21265083449596406,1.0315817963005542,-1.829414192922688,0.21265083449596406,1.3199927625100583,-1.4705381690651782,-0.6632999171566392,1.3197220195411206,-1.4707557518404957,-0.6632999171566392,1.0313110533316165,-1.8296317756980054,-0.6632999171566392,1.0315817963005542,-1.829414192922688,-0.6632999171566392,1.3199927625100583 0.002568419
4 1.1650322213394428,0.09555473567537306,2.196321273103825,1.164530264963552,0.09555473567537306,1.2696614008943903,0.8713917002456402,0.09555473567537306,1.269820189222225,0.8718936566215308,0.09555473567537306,2.1964800614316595,1.1650322213394428,-0.21823574246458052,2.196321273103825,1.164530264963552,-0.21823574246458052,1.2696614008943903,0.8713917002456402,-0.21823574246458052,1.269820189222225,0.8718936566215308,-0.21823574246458052,2.1964800614316595 4.620299e-05
4 -2.5674965127852545,0.13920435325793265,-4.878133635601291,-2.5671586955818815,0.13920435325793265,-5.502953485528986,-3.1813314214798822,0.13920435325793265,-5.50328554622244,-3.1816692386832552,0.13920435325793265,-4.878465696294745,-2.5674965127852545,-0.16868991421154975,-4.878133635601291,-2.5671586955818815,-0.16868991421154975,-5.502953485528986,-3.1813314214798822,-0.16868991421154975,-5.50328554622244,-3.1816692386832552,-0.16868991421154975,-4.878465696294745 0.0021360503
4 -0.9711331388027775,0.17060455779395106,-1.396482695149987,-0.9704409574015903,0.17060455779395106,-1.7835336020751957,-1.3746505716769588,0.17060455779395106,-1.78425646920243,-1.375342753078146,0.17060455779395106,-1.3972055622772213,-0.9711331388027775,-0.6488328586038112,-1.396482695149987,-0.9704409574015903,-0.6488328586038112,-1.7835336020751957,-1.3746505716769588,-0.6488328586038112,-1.78425646920243,-1.375342753078146,-0.6488328586038112,-1.3972055622772213 6.312393e-05
4 1.5975046010088443,0.1728529855527544,-1.2489325619639227,1.5973753158001296,0.1728529855527544,-1.633702025321847,0.7155428080487729,0.1728529855527544,-1.6334057234822443,0.7156720932574875,0.1728529855527544,-1.24863626012432,1.5975046010088443,-0.10441786049982549,-1.2489325619639227,1.5973753158001296,-0.10441786049982549,-1.633702025321847,0.7155428080487729,-0.10441786049982549,-1.6334057234822443,0.7156720932574875,-0.10441786049982549,-1.24863626012432 4.061069e-05
4 -4.259343973405027,0.3970442627620125,-3.8560406855209752,-4.259619506390359,0.3970442627620125,-4.219866272162864,-4.608707555525637,0.3970442627620125,-4.219601900233419,-4.608432022540305,0.3970442627620125,-3.8557763135915306,-4.259343973405027,-0.44776212322229386,-3.8560406855209752,-4.259619506390359,-0.44776212322229386,-4.219866272162864,-4.608707555525637,-0.44776212322229386,-4.219601900233419,-4.608432022540305,-0.44776212322229386,-3.8557763135915306 0.0020448447
5 4.206504295825852,0.14093384152354715,5.024447636649446,4.204238631371419,0.14093384152354715,4.356103871926942,3.5113916888238066,0.14093384152354715,4.358452601387663,3.5136573532782394,0.14093384152354715,5.026796366110167,4.206504295825852,-0.0936658941775751,5.024447636649446,4.204238631371419,-0.0936658941775751,4.356103871926942,3.5113916888238066,-0.0936658941775751,4.358452601387663,3.5136573532782394,-0.0936658941775751,5.026796366110167 0.0032098007
5 2.2307592992949408,-0.028189789339981064,6.053699142033021,2.2324356191226236,-0.028189789339981064,5.418672478776715,1.6896072263550836,-0.028189789339981064,5.4172395405231315,1.687930906527401,-0.028189789339981064,6.052266203779437,2.2307592992949408,-0.5340991506128693,6.053699142033021,2.2324356191226236,-0.5340991506128693,5.418672478776715,1.6896072263550836,-0.5340991506128693,5.4172395405231315,1.687930906527401,-0.5340991506128693,6.052266203779437 7.9093974e-05
5 -1.4443850533578673,0.12443122910970689,1.4538599823532214,-1.4439384846761987,0.12443122910970689,1.1567314086273683,-1.7029740794088564,0.12443122910970689,1.1563420916976819,-1.703420648090525,0.12443122910970689,1.453470665423535,-1.4443850533578673,-0.7348938350629235,1.4538599823532214,-1.4439384846761987,-0.7348938350629235,1.1567314086273683,-1.7029740794088564,-0.7348938350629235,1.1563420916976819,-1.703420648090525,-0.7348938350629235,1.453470665423535 0.99366754
5 0.4714753360130881,0.19204663286638257,2.0422936621397563,0.47138193403351525,0.19204663286638257,1.978445825320789,0.3070532351157571,0.19204663286638257,1.9786862191468646,0.30714663709532997,0.19204663286638257,2.042534055965832,0.4714753360130881,-0.7945232893033027,2.0422936621397563,0.47138193403351525,-0.7945232893033027,1.978445825320789,0.3070532351157571,-0.7945232893033027,1.9786862191468646,0.30714663709532997,-0.7945232893033027,2.042534055965832 0.007441754
5 -2.9663151177906384,0.06241080577104627,-4.620078740710224,-2.965833653351823,0.06241080577104627,-5.294559215148697,-3.613245162055553,0.06241080577104627,-5.295021356946026,-3.6137266264943686,0.06241080577104627,-4.620540882507553,-2.9663151177906384,-0.3091536503526503,-4.620078740710224,-2.965833653351823,-0.3091536503526503,-5.294559215148697,-3.613245162055553,-0.3091536503526503,-5.295021356946026,-3.6137266264943686,-0.3091536503526503,-4.620540882507553 0.0020005358
5 0.44898418120120415,0.2443136748550534,2.0858390156084967,0.4489526355519279,0.2443136748550534,2.02726512978825,0.30603715249325386,0.2443136748550534,2.0273420985882806,0.3060686981425301,0.2443136748550534,2.0859159844085275,0.44898418120120415,-0.7109334048507809,2.0858390156084967,0.4489526355519279,-0.7109334048507809,2.02726512978825,0.30603715249325386,-0.7109334048507809,2.0273420985882806,0.3060686981425301,-0.7109334048507809,2.0859159844085275 0.007293829
5 0.6214229988111475,0.004117177031853186,-1.5250706991164007,0.6244958610266763,0.004117177031853186,-2.277567006504846,0.1678397727952978,0.004117177031853186,-2.2794317880662165,0.16476691057976897,0.004117177031853186,-1.5269354806777713,0.6214229988111475,-0.3958231966718221,-1.5250706991164007,0.6244958610266763,-0.3958231966718221,-2.277567006504846,0.1678397727952978,-0.3958231966718221,-2.2794317880662165,0.16476691057976897,-0.3958231966718221,-1.5269354806777713 0.03949771
5 -5.058510835985862,0.05704721452287673,3.4209123946900153,-5.056520460327335,0.05704721452287673,2.5937604888684582,-5.500852529187478,0.05704721452287673,2.5926912925963617,-5.502842904846005,0.05704721452287673,3.4198431984179187,-5.058510835985862,-0.2540244722514534,3.4209123946900153,-5.056520460327335,-0.2540244722514534,2.5937604888684582,-5.500852529187478,-0.2540244722514534,2.5926912925963617,-5.502842904846005,-0.2540244722514534,3.4198431984179187 7.624726e-05
5 -2.1999184361832764,0.20999239686993898,-5.064581764570213,-2.1993154723594825,0.20999239686993898,-5.433652588680606,-3.0862568148238037,0.20999239686993898,-5.43510161555674,-3.0868597786475975,0.20999239686993898,-5.066030791446347,-2.1999184361832764,-0.03746861521272003,-5.064581764570213,-2.1993154723594825,-0.03746861521272003,-5.433652588680606,-3.0862568148238037,-0.03746861521272003,-5.43510161555674,-3.0868597786475975,-0.03746861521272003,-5.066030791446347 0.0020273589
5 -4.564562099121882,0.11022257448724745,-12.693516746419196,-4.568513490318725,0.11022257448724745,-13.372424286631997,-5.181362850524114,0.11022257448724745,-13.368857368571039,-5.1774114593272715,0.11022257448724745,-12.689949828358237,-4.564562099121882,-0.25912639142564775,-12.693516746419196,-4.568513490318725,-0.25912639142564775,-13.372424286631997,-5.181362850524114,-0.25912639142564775,-13.368857368571039,-5.1774114593272715,-0.25912639142564775,-12.689949828358237 0.00038053762
5 1.9012341562271056,0.06422363693675998,1.2562339810198178,1.9024351595336684,0.06422363693675998,0.9032105397222847,1.526886456871039,0.06422363693675998,0.9019329043561588,1.5256854535644762,0.06422363693675998,1.2549563456536919,1.9012341562271056,-0.7813184159513473,1.2562339810198178,1.9024351595336684,-0.7813184159513473,0.9032105397222847,1.526886456871039,-0.7813184159513473,0.9019329043561588,1.5256854535644762,-0.7813184159513473,1.2549563456536919 0.00032586764
5 0.45962938244516216,0.0777634978931308,-1.648741161076536,0.46106621448298,0.0777634978931308,-2.0321155729619105,0.029703025267774213,0.0777634978931308,-2.033732260020266,0.02826619322995641,0.0777634978931308,-1.6503578481348913,0.45962938244516216,-0.7014927268665194,-1.648741161076536,0.46106621448298,-0.7014927268665194,-2.0321155729619105,0.029703025267774213,-0.7014927268665194,-2.033732260020266,0.02826619322995641,-0.7014927268665194,-1.6503578481348913 0.0005344289
5 1.5054443949379634,0.046970597381534585,6.101995919064848,1.5050771441889625,0.046970597381534585,5.764608652097532,1.16317356885293,0.046970597381534585,5.764980818911226,1.163540819601931,0.046970597381534585,6.102368085878542,1.5054443949379634,-0.8201852952193642,6.101995919064848,1.5050771441889625,-0.8201852952193642,5.764608652097532,1.16317356885293,-0.8201852952193642,5.764980818911226,1.163540819601931,-0.8201852952193642,6.102368085878542 0.9985898
5 -1.4705381690651782,0.21265083449596406,1.3197220195411206,-1.4707557518404957,0.21265083449596406,1.0313110533316165,-1.8296317756980054,0.21265083449596406,1.0315817963005542,-1.829414192922688,0.21265083449596406,1.3199927625100583,-1.4705381690651782,-0.6632999171566392,1.3197220195411206,-1.4707557518404957,-0.6632999171566392,1.0313110533316165,-1.8296317756980054,-0.6632999171566392,1.0315817963005542,-1.829414192922688,-0.6632999171566392,1.3199927625100583 0.99351037
5 1.1650322213394428,0.09555473567537306,2.196321273103825,1.164530264963552,0.09555473567537306,1.2696614008943903,0.8713917002456402,0.09555473567537306,1.269820189222225,0.8718936566215308,0.09555473567537306,2.1964800614316595,1.1650322213394428,-0.21823574246458052,2.196321273103825,1.164530264963552,-0.21823574246458052,1.2696614008943903,0.8713917002456402,-0.21823574246458052,1.269820189222225,0.8718936566215308,-0.21823574246458052,2.1964800614316595 0.0002808186
5 -2.5674965127852545,0.13920435325793265,-4.878133635601291,-2.5671586955818815,0.13920435325793265,-5.502953485528986,-3.1813314214798822,0.13920435325793265,-5.50328554622244,-3.1816692386832552,0.13920435325793265,-4.878465696294745,-2.5674965127852545,-0.16868991421154975,-4.878133635601291,-2.5671586955818815,-0.16868991421154975,-5.502953485528986,-3.1813314214798822,-0.16868991421154975,-5.50328554622244,-3.1816692386832552,-0.16868991421154975,-4.878465696294745 0.111477934
5 -0.9711331388027775,0.17060455779395106,-1.396482695149987,-0.9704409574015903,0.17060455779395106,-1.7835336020751957,-1.3746505716769588,0.17060455779395106,-1.78425646920243,-1.375342753078146,0.17060455779395106,-1.3972055622772213,-0.9711331388027775,-0.6488328586038112,-1.396482695149987,-0.9704409574015903,-0.6488328586038112,-1.7835336020751957,-1.3746505716769588,-0.6488328586038112,-1.78425646920243,-1.375342753078146,-0.6488328586038112,-1.3972055622772213 9.875264e-05
5 1.5975046010088443,0.1728529855527544,-1.2489325619639227,1.5973753158001296,0.1728529855527544,-1.633702025321847,0.7155428080487729,0.1728529855527544,-1.6334057234822443,0.7156720932574875,0.1728529855527544,-1.24863626012432,1.5975046010088443,-0.10441786049982549,-1.2489325619639227,1.5973753158001296,-0.10441786049982549,-1.633702025321847,0.7155428080487729,-0.10441786049982549,-1.6334057234822443,0.7156720932574875,-0.10441786049982549,-1.24863626012432 0.0034700285
5 -4.259343973405027,0.3970442627620125,-3.8560406855209752,-4.259619506390359,0.3970442627620125,-4.219866272162864,-4.608707555525637,0.3970442627620125,-4.219601900233419,-4.608432022540305,0.3970442627620125,-3.8557763135915306,-4.259343973405027,-0.44776212322229386,-3.8560406855209752,-4.259619506390359,-0.44776212322229386,-4.219866272162864,-4.608707555525637,-0.44776212322229386,-4.219601900233419,-4.608432022540305,-0.44776212322229386,-3.8557763135915306 0.9914565
6 4.206504295825852,0.14093384152354715,5.024447636649446,4.204238631371419,0.14093384152354715,4.356103871926942,3.5113916888238066,0.14093384152354715,4.358452601387663,3.5136573532782394,0.14093384152354715,5.026796366110167,4.206504295825852,-0.0936658941775751,5.024447636649446,4.204238631371419,-0.0936658941775751,4.356103871926942,3.5113916888238066,-0.0936658941775751,4.358452601387663,3.5136573532782394,-0.0936658941775751,5.026796366110167 0.00013417868
6 2.2307592992949408,-0.028189789339981064,6.053699142033021,2.2324356191226236,-0.028189789339981064,5.418672478776715,1.6896072263550836,-0.028189789339981064,5.4172395405231315,1.687930906527401,-0.028189789339981064,6.052266203779437,2.2307592992949408,-0.5340991506128693,6.053699142033021,2.2324356191226236,-0.5340991506128693,5.418672478776715,1.6896072263550836,-0.5340991506128693,5.4172395405231315,1.687930906527401,-0.5340991506128693,6.052266203779437 2.0484576e-05
6 -1.4443850533578673,0.12443122910970689,1.4538599823532214,-1.4439384846761987,0.12443122910970689,1.1567314086273683,-1.7029740794088564,0.12443122910970689,1.1563420916976819,-1.703420648090525,0.12443122910970689,1.453470665423535,-1.4443850533578673,-0.7348938350629235,1.4538599823532214,-1.4439384846761987,-0.7348938350629235,1.1567314086273683,-1.7029740794088564,-0.7348938350629235,1.1563420916976819,-1.703420648090525,-0.7348938350629235,1.453470665423535 8.234709e-06
6 0.4714753360130881,0.19204663286638257,2.0422936621397563,0.47138193403351525,0.19204663286638257,1.978445825320789,0.3070532351157571,0.19204663286638257,1.9786862191468646,0.30714663709532997,0.19204663286638257,2.042534055965832,0.4714753360130881,-0.7945232893033027,2.0422936621397563,0.47138193403351525,-0.7945232893033027,1.978445825320789,0.3070532351157571,-0.7945232893033027,1.9786862191468646,0.30714663709532997,-0.7945232893033027,2.042534055965832 7.680455e-05
6 -2.9663151177906384,0.06241080577104627,-4.620078740710224,-2.965833653351823,0.06241080577104627,-5.294559215148697,-3.613245162055553,0.06241080577104627,-5.295021356946026,-3.6137266264943686,0.06241080577104627,-4.620540882507553,-2.9663151177906384,-0.3091536503526503,-4.620078740710224,-2.965833653351823,-0.3091536503526503,-5.294559215148697,-3.613245162055553,-0.3091536503526503,-5.295021356946026,-3.6137266264943686,-0.3091536503526503,-4.620540882507553 9.005149e-05
6 0.44898418120120415,0.2443136748550534,2.0858390156084967,0.4489526355519279,0.2443136748550534,2.02726512978825,0.30603715249325386,0.2443136748550534,2.0273420985882806,0.3060686981425301,0.2443136748550534,2.0859159844085275,0.44898418120120415,-0.7109334048507809,2.0858390156084967,0.4489526355519279,-0.7109334048507809,2.02726512978825,0.30603715249325386,-0.7109334048507809,2.0273420985882806,0.3060686981425301,-0.7109334048507809,2.0859159844085275 0.0001002869
6 0.6214229988111475,0.004117177031853186,-1.5250706991164007,0.6244958610266763,0.004117177031853186,-2.277567006504846,0.1678397727952978,0.004117177031853186,-2.2794317880662165,0.16476691057976897,0.004117177031853186,-1.5269354806777713,0.6214229988111475,-0.3958231966718221,-1.5250706991164007,0.6244958610266763,-0.3958231966718221,-2.277567006504846,0.1678397727952978,-0.3958231966718221,-2.2794317880662165,0.16476691057976897,-0.3958231966718221,-1.5269354806777713 0.004512445
6 -5.058510835985862,0.05704721452287673,3.4209123946900153,-5.056520460327335,0.05704721452287673,2.5937604888684582,-5.500852529187478,0.05704721452287673,2.5926912925963617,-5.502842904846005,0.05704721452287673,3.4198431984179187,-5.058510835985862,-0.2540244722514534,3.4209123946900153,-5.056520460327335,-0.2540244722514534,2.5937604888684582,-5.500852529187478,-0.2540244722514534,2.5926912925963617,-5.502842904846005,-0.2540244722514534,3.4198431984179187 0.00011958405
6 -2.1999184361832764,0.20999239686993898,-5.064581764570213,-2.1993154723594825,0.20999239686993898,-5.433652588680606,-3.0862568148238037,0.20999239686993898,-5.43510161555674,-3.0868597786475975,0.20999239686993898,-5.066030791446347,-2.1999184361832764,-0.03746861521272003,-5.064581764570213,-2.1993154723594825,-0.03746861521272003,-5.433652588680606,-3.0862568148238037,-0.03746861521272003,-5.43510161555674,-3.0868597786475975,-0.03746861521272003,-5.066030791446347 0.00025944566
6 -4.564562099121882,0.11022257448724745,-12.693516746419196,-4.568513490318725,0.11022257448724745,-13.372424286631997,-5.181362850524114,0.11022257448724745,-13.368857368571039,-5.1774114593272715,0.11022257448724745,-12.689949828358237,-4.564562099121882,-0.25912639142564775,-12.693516746419196,-4.568513490318725,-0.25912639142564775,-13.372424286631997,-5.181362850524114,-0.25912639142564775,-13.368857368571039,-5.1774114593272715,-0.25912639142564775,-12.689949828358237 7.672949e-05
6 1.9012341562271056,0.06422363693675998,1.2562339810198178,1.9024351595336684,0.06422363693675998,0.9032105397222847,1.526886456871039,0.06422363693675998,0.9019329043561588,1.5256854535644762,0.06422363693675998,1.2549563456536919,1.9012341562271056,-0.7813184159513473,1.2562339810198178,1.9024351595336684,-0.7813184159513473,0.9032105397222847,1.526886456871039,-0.7813184159513473,0.9019329043561588,1.5256854535644762,-0.7813184159513473,1.2549563456536919 7.74123e-05
6 0.45962938244516216,0.0777634978931308,-1.648741161076536,0.46106621448298,0.0777634978931308,-2.0321155729619105,0.029703025267774213,0.0777634978931308,-2.033732260020266,0.02826619322995641,0.0777634978931308,-1.6503578481348913,0.45962938244516216,-0.7014927268665194,-1.648741161076536,0.46106621448298,-0.7014927268665194,-2.0321155729619105,0.029703025267774213,-0.7014927268665194,-2.033732260020266,0.02826619322995641,-0.7014927268665194,-1.6503578481348913 0.00010048721
6 1.5054443949379634,0.046970597381534585,6.101995919064848,1.5050771441889625,0.046970597381534585,5.764608652097532,1.16317356885293,0.046970597381534585,5.764980818911226,1.163540819601931,0.046970597381534585,6.102368085878542,1.5054443949379634,-0.8201852952193642,6.101995919064848,1.5050771441889625,-0.8201852952193642,5.764608652097532,1.16317356885293,-0.8201852952193642,5.764980818911226,1.163540819601931,-0.8201852952193642,6.102368085878542 1.5276199e-06
6 -1.4705381690651782,0.21265083449596406,1.3197220195411206,-1.4707557518404957,0.21265083449596406,1.0313110533316165,-1.8296317756980054,0.21265083449596406,1.0315817963005542,-1.829414192922688,0.21265083449596406,1.3199927625100583,-1.4705381690651782,-0.6632999171566392,1.3197220195411206,-1.4707557518404957,-0.6632999171566392,1.0313110533316165,-1.8296317756980054,-0.6632999171566392,1.0315817963005542,-1.829414192922688,-0.6632999171566392,1.3199927625100583 6.254071e-06
6 1.1650322213394428,0.09555473567537306,2.196321273103825,1.164530264963552,0.09555473567537306,1.2696614008943903,0.8713917002456402,0.09555473567537306,1.269820189222225,0.8718936566215308,0.09555473567537306,2.1964800614316595,1.1650322213394428,-0.21823574246458052,2.196321273103825,1.164530264963552,-0.21823574246458052,1.2696614008943903,0.8713917002456402,-0.21823574246458052,1.269820189222225,0.8718936566215308,-0.21823574246458052,2.1964800614316595 0.00010315648
6 -2.5674965127852545,0.13920435325793265,-4.878133635601291,-2.5671586955818815,0.13920435325793265,-5.502953485528986,-3.1813314214798822,0.13920435325793265,-5.50328554622244,-3.1816692386832552,0.13920435325793265,-4.878465696294745,-2.5674965127852545,-0.16868991421154975,-4.878133635601291,-2.5671586955818815,-0.16868991421154975,-5.502953485528986,-3.1813314214798822,-0.16868991421154975,-5.50328554622244,-3.1816692386832552,-0.16868991421154975,-4.878465696294745 0.0037525175
6 -0.9711331388027775,0.17060455779395106,-1.396482695149987,-0.9704409574015903,0.17060455779395106,-1.7835336020751957,-1.3746505716769588,0.17060455779395106,-1.78425646920243,-1.375342753078146,0.17060455779395106,-1.3972055622772213,-0.9711331388027775,-0.6488328586038112,-1.396482695149987,-0.9704409574015903,-0.6488328586038112,-1.7835336020751957,-1.3746505716769588,-0.6488328586038112,-1.78425646920243,-1.375342753078146,-0.6488328586038112,-1.3972055622772213 7.729385e-05
6 1.5975046010088443,0.1728529855527544,-1.2489325619639227,1.5973753158001296,0.1728529855527544,-1.633702025321847,0.7155428080487729,0.1728529855527544,-1.6334057234822443,0.7156720932574875,0.1728529855527544,-1.24863626012432,1.5975046010088443,-0.10441786049982549,-1.2489325619639227,1.5973753158001296,-0.10441786049982549,-1.633702025321847,0.7155428080487729,-0.10441786049982549,-1.6334057234822443,0.7156720932574875,-0.10441786049982549,-1.24863626012432 0.00025636144
6 -4.259343973405027,0.3970442627620125,-3.8560406855209752,-4.259619506390359,0.3970442627620125,-4.219866272162864,-4.608707555525637,0.3970442627620125,-4.219601900233419,-4.608432022540305,0.3970442627620125,-3.8557763135915306,-4.259343973405027,-0.44776212322229386,-3.8560406855209752,-4.259619506390359,-0.44776212322229386,-4.219866272162864,-4.608707555525637,-0.44776212322229386,-4.219601900233419,-4.608432022540305,-0.44776212322229386,-3.8557763135915306 4.5078878e-06
7 4.206504295825852,0.14093384152354715,5.024447636649446,4.204238631371419,0.14093384152354715,4.356103871926942,3.5113916888238066,0.14093384152354715,4.358452601387663,3.5136573532782394,0.14093384152354715,5.026796366110167,4.206504295825852,-0.0936658941775751,5.024447636649446,4.204238631371419,-0.0936658941775751,4.356103871926942,3.5113916888238066,-0.0936658941775751,4.358452601387663,3.5136573532782394,-0.0936658941775751,5.026796366110167 6.190462e-05
7 2.2307592992949408,-0.028189789339981064,6.053699142033021,2.2324356191226236,-0.028189789339981064,5.418672478776715,1.6896072263550836,-0.028189789339981064,5.4172395405231315,1.687930906527401,-0.028189789339981064,6.052266203779437,2.2307592992949408,-0.5340991506128693,6.053699142033021,2.2324356191226236,-0.5340991506128693,5.418672478776715,1.6896072263550836,-0.5340991506128693,5.4172395405231315,1.687930906527401,-0.5340991506128693,6.052266203779437 2.9697034e-07
7 -1.4443850533578673,0.12443122910970689,1.4538599823532214,-1.4439384846761987,0.12443122910970689,1.1567314086273683,-1.7029740794088564,0.12443122910970689,1.1563420916976819,-1.703420648090525,0.12443122910970689,1.453470665423535,-1.4443850533578673,-0.7348938350629235,1.4538599823532214,-1.4439384846761987,-0.7348938350629235,1.1567314086273683,-1.7029740794088564,-0.7348938350629235,1.1563420916976819,-1.703420648090525,-0.7348938350629235,1.453470665423535 1.7001266e-05
7 0.4714753360130881,0.19204663286638257,2.0422936621397563,0.47138193403351525,0.19204663286638257,1.978445825320789,0.3070532351157571,0.19204663286638257,1.9786862191468646,0.30714663709532997,0.19204663286638257,2.042534055965832,0.4714753360130881,-0.7945232893033027,2.0422936621397563,0.47138193403351525,-0.7945232893033027,1.978445825320789,0.3070532351157571,-0.7945232893033027,1.9786862191468646,0.30714663709532997,-0.7945232893033027,2.042534055965832 1.3722999e-05
7 -2.9663151177906384,0.06241080577104627,-4.620078740710224,-2.965833653351823,0.06241080577104627,-5.294559215148697,-3.613245162055553,0.06241080577104627,-5.295021356946026,-3.6137266264943686,0.06241080577104627,-4.620540882507553,-2.9663151177906384,-0.3091536503526503,-4.620078740710224,-2.965833653351823,-0.3091536503526503,-5.294559215148697,-3.613245162055553,-0.3091536503526503,-5.295021356946026,-3.6137266264943686,-0.3091536503526503,-4.620540882507553 5.2523246e-06
7 0.44898418120120415,0.2443136748550534,2.0858390156084967,0.4489526355519279,0.2443136748550534,2.02726512978825,0.30603715249325386,0.2443136748550534,2.0273420985882806,0.3060686981425301,0.2443136748550534,2.0859159844085275,0.44898418120120415,-0.7109334048507809,2.0858390156084967,0.4489526355519279,-0.7109334048507809,2.02726512978825,0.30603715249325386,-0.7109334048507809,2.0273420985882806,0.3060686981425301,-0.7109334048507809,2.0859159844085275 1.77091e-05
7 0.6214229988111475,0.004117177031853186,-1.5250706991164007,0.6244958610266763,0.004117177031853186,-2.277567006504846,0.1678397727952978,0.004117177031853186,-2.2794317880662165,0.16476691057976897,0.004117177031853186,-1.5269354806777713,0.6214229988111475,-0.3958231966718221,-1.5250706991164007,0.6244958610266763,-0.3958231966718221,-2.277567006504846,0.1678397727952978,-0.3958231966718221,-2.2794317880662165,0.16476691057976897,-0.3958231966718221,-1.5269354806777713 0.0049909167
7 -5.058510835985862,0.05704721452287673,3.4209123946900153,-5.056520460327335,0.05704721452287673,2.5937604888684582,-5.500852529187478,0.05704721452287673,2.5926912925963617,-5.502842904846005,0.05704721452287673,3.4198431984179187,-5.058510835985862,-0.2540244722514534,3.4209123946900153,-5.056520460327335,-0.2540244722514534,2.5937604888684582,-5.500852529187478,-0.2540244722514534,2.5926912925963617,-5.502842904846005,-0.2540244722514534,3.4198431984179187 2.3722328e-06
7 -2.1999184361832764,0.20999239686993898,-5.064581764570213,-2.1993154723594825,0.20999239686993898,-5.433652588680606,-3.0862568148238037,0.20999239686993898,-5.43510161555674,-3.0868597786475975,0.20999239686993898,-5.066030791446347,-2.1999184361832764,-0.03746861521272003,-5.064581764570213,-2.1993154723594825,-0.03746861521272003,-5.433652588680606,-3.0862568148238037,-0.03746861521272003,-5.43510161555674,-3.0868597786475975,-0.03746861521272003,-5.066030791446347 0.00039791813
7 -4.564562099121882,0.11022257448724745,-12.693516746419196,-4.568513490318725,0.11022257448724745,-13.372424286631997,-5.181362850524114,0.11022257448724745,-13.368857368571039,-5.1774114593272715,0.11022257448724745,-12.689949828358237,-4.564562099121882,-0.25912639142564775,-12.693516746419196,-4.568513490318725,-0.25912639142564775,-13.372424286631997,-5.181362850524114,-0.25912639142564775,-13.368857368571039,-5.1774114593272715,-0.25912639142564775,-12.689949828358237 5.878979e-06
7 1.9012341562271056,0.06422363693675998,1.2562339810198178,1.9024351595336684,0.06422363693675998,0.9032105397222847,1.526886456871039,0.06422363693675998,0.9019329043561588,1.5256854535644762,0.06422363693675998,1.2549563456536919,1.9012341562271056,-0.7813184159513473,1.2562339810198178,1.9024351595336684,-0.7813184159513473,0.9032105397222847,1.526886456871039,-0.7813184159513473,0.9019329043561588,1.5256854535644762,-0.7813184159513473,1.2549563456536919 1.2983107e-05
7 0.45962938244516216,0.0777634978931308,-1.648741161076536,0.46106621448298,0.0777634978931308,-2.0321155729619105,0.029703025267774213,0.0777634978931308,-2.033732260020266,0.02826619322995641,0.0777634978931308,-1.6503578481348913,0.45962938244516216,-0.7014927268665194,-1.648741161076536,0.46106621448298,-0.7014927268665194,-2.0321155729619105,0.029703025267774213,-0.7014927268665194,-2.033732260020266,0.02826619322995641,-0.7014927268665194,-1.6503578481348913 1.6726975e-05
7 1.5054443949379634,0.046970597381534585,6.101995919064848,1.5050771441889625,0.046970597381534585,5.764608652097532,1.16317356885293,0.046970597381534585,5.764980818911226,1.163540819601931,0.046970597381534585,6.102368085878542,1.5054443949379634,-0.8201852952193642,6.101995919064848,1.5050771441889625,-0.8201852952193642,5.764608652097532,1.16317356885293,-0.8201852952193642,5.764980818911226,1.163540819601931,-0.8201852952193642,6.102368085878542 3.753627e-06
7 -1.4705381690651782,0.21265083449596406,1.3197220195411206,-1.4707557518404957,0.21265083449596406,1.0313110533316165,-1.8296317756980054,0.21265083449596406,1.0315817963005542,-1.829414192922688,0.21265083449596406,1.3199927625100583,-1.4705381690651782,-0.6632999171566392,1.3197220195411206,-1.4707557518404957,-0.6632999171566392,1.0313110533316165,-1.8296317756980054,-0.6632999171566392,1.0315817963005542,-1.829414192922688,-0.6632999171566392,1.3199927625100583 4.7252008e-05
7 1.1650322213394428,0.09555473567537306,2.196321273103825,1.164530264963552,0.09555473567537306,1.2696614008943903,0.8713917002456402,0.09555473567537306,1.269820189222225,0.8718936566215308,0.09555473567537306,2.1964800614316595,1.1650322213394428,-0.21823574246458052,2.196321273103825,1.164530264963552,-0.21823574246458052,1.2696614008943903,0.8713917002456402,-0.21823574246458052,1.269820189222225,0.8718936566215308,-0.21823574246458052,2.1964800614316595 2.2977242e-06
7 -2.5674965127852545,0.13920435325793265,-4.878133635601291,-2.5671586955818815,0.13920435325793265,-5.502953485528986,-3.1813314214798822,0.13920435325793265,-5.50328554622244,-3.1816692386832552,0.13920435325793265,-4.878465696294745,-2.5674965127852545,-0.16868991421154975,-4.878133635601291,-2.5671586955818815,-0.16868991421154975,-5.502953485528986,-3.1813314214798822,-0.16868991421154975,-5.50328554622244,-3.1816692386832552,-0.16868991421154975,-4.878465696294745 0.002397495
7 -0.9711331388027775,0.17060455779395106,-1.396482695149987,-0.9704409574015903,0.17060455779395106,-1.7835336020751957,-1.3746505716769588,0.17060455779395106,-1.78425646920243,-1.375342753078146,0.17060455779395106,-1.3972055622772213,-0.9711331388027775,-0.6488328586038112,-1.396482695149987,-0.9704409574015903,-0.6488328586038112,-1.7835336020751957,-1.3746505716769588,-0.6488328586038112,-1.78425646920243,-1.375342753078146,-0.6488328586038112,-1.3972055622772213 6.243829e-06
7 1.5975046010088443,0.1728529855527544,-1.2489325619639227,1.5973753158001296,0.1728529855527544,-1.633702025321847,0.7155428080487729,0.1728529855527544,-1.6334057234822443,0.7156720932574875,0.1728529855527544,-1.24863626012432,1.5975046010088443,-0.10441786049982549,-1.2489325619639227,1.5973753158001296,-0.10441786049982549,-1.633702025321847,0.7155428080487729,-0.10441786049982549,-1.6334057234822443,0.7156720932574875,-0.10441786049982549,-1.24863626012432 0.00037312566
7 -4.259343973405027,0.3970442627620125,-3.8560406855209752,-4.259619506390359,0.3970442627620125,-4.219866272162864,-4.608707555525637,0.3970442627620125,-4.219601900233419,-4.608432022540305,0.3970442627620125,-3.8557763135915306,-4.259343973405027,-0.44776212322229386,-3.8560406855209752,-4.259619506390359,-0.44776212322229386,-4.219866272162864,-4.608707555525637,-0.44776212322229386,-4.219601900233419,-4.608432022540305,-0.44776212322229386,-3.8557763135915306 2.7615346e-05
8 4.206504295825852,0.14093384152354715,5.024447636649446,4.204238631371419,0.14093384152354715,4.356103871926942,3.5113916888238066,0.14093384152354715,4.358452601387663,3.5136573532782394,0.14093384152354715,5.026796366110167,4.206504295825852,-0.0936658941775751,5.024447636649446,4.204238631371419,-0.0936658941775751,4.356103871926942,3.5113916888238066,-0.0936658941775751,4.358452601387663,3.5136573532782394,-0.0936658941775751,5.026796366110167 0.00033094335
8 2.2307592992949408,-0.028189789339981064,6.053699142033021,2.2324356191226236,-0.028189789339981064,5.418672478776715,1.6896072263550836,-0.028189789339981064,5.4172395405231315,1.687930906527401,-0.028189789339981064,6.052266203779437,2.2307592992949408,-0.5340991506128693,6.053699142033021,2.2324356191226236,-0.5340991506128693,5.418672478776715,1.6896072263550836,-0.5340991506128693,5.4172395405231315,1.687930906527401,-0.5340991506128693,6.052266203779437 4.845436e-06
8 -1.4443850533578673,0.12443122910970689,1.4538599823532214,-1.4439384846761987,0.12443122910970689,1.1567314086273683,-1.7029740794088564,0.12443122910970689,1.1563420916976819,-1.703420648090525,0.12443122910970689,1.453470665423535,-1.4443850533578673,-0.7348938350629235,1.4538599823532214,-1.4439384846761987,-0.7348938350629235,1.1567314086273683,-1.7029740794088564,-0.7348938350629235,1.1563420916976819,-1.703420648090525,-0.7348938350629235,1.453470665423535 1.4627689e-05
8 0.4714753360130881,0.19204663286638257,2.0422936621397563,0.47138193403351525,0.19204663286638257,1.978445825320789,0.3070532351157571,0.19204663286638257,1.9786862191468646,0.30714663709532997,0.19204663286638257,2.042534055965832,0.4714753360130881,-0.7945232893033027,2.0422936621397563,0.47138193403351525,-0.7945232893033027,1.978445825320789,0.3070532351157571,-0.7945232893033027,1.9786862191468646,0.30714663709532997,-0.7945232893033027,2.042534055965832 0.0022297336
8 -2.9663151177906384,0.06241080577104627,-4.620078740710224,-2.965833653351823,0.06241080577104627,-5.294559215148697,-3.613245162055553,0.06241080577104627,-5.295021356946026,-3.6137266264943686,0.06241080577104627,-4.620540882507553,-2.9663151177906384,-0.3091536503526503,-4.620078740710224,-2.965833653351823,-0.3091536503526503,-5.294559215148697,-3.613245162055553,-0.3091536503526503,-5.295021356946026,-3.6137266264943686,-0.3091536503526503,-4.620540882507553 6.407415e-05
8 0.44898418120120415,0.2443136748550534,2.0858390156084967,0.4489526355519279,0.2443136748550534,2.02726512978825,0.30603715249325386,0.2443136748550534,2.0273420985882806,0.3060686981425301,0.2443136748550534,2.0859159844085275,0.44898418120120415,-0.7109334048507809,2.0858390156084967,0.4489526355519279,-0.7109334048507809,2.02726512978825,0.30603715249325386,-0.7109334048507809,2.0273420985882806,0.3060686981425301,-0.7109334048507809,2.0859159844085275 0.0016651694
8 0.6214229988111475,0.004117177031853186,-1.5250706991164007,0.6244958610266763,0.004117177031853186,-2.277567006504846,0.1678397727952978,0.004117177031853186,-2.2794317880662165,0.16476691057976897,0.004117177031853186,-1.5269354806777713,0.6214229988111475,-0.3958231966718221,-1.5250706991164007,0.6244958610266763,-0.3958231966718221,-2.277567006504846,0.1678397727952978,-0.3958231966718221,-2.2794317880662165,0.16476691057976897,-0.3958231966718221,-1.5269354806777713 0.018359208
8 -5.058510835985862,0.05704721452287673,3.4209123946900153,-5.056520460327335,0.05704721452287673,2.5937604888684582,-5.500852529187478,0.05704721452287673,2.5926912925963617,-5.502842904846005,0.05704721452287673,3.4198431984179187,-5.058510835985862,-0.2540244722514534,3.4209123946900153,-5.056520460327335,-0.2540244722514534,2.5937604888684582,-5.500852529187478,-0.2540244722514534,2.5926912925963617,-5.502842904846005,-0.2540244722514534,3.4198431984179187 6.480924e-06
8 -2.1999184361832764,0.20999239686993898,-5.064581764570213,-2.1993154723594825,0.20999239686993898,-5.433652588680606,-3.0862568148238037,0.20999239686993898,-5.43510161555674,-3.0868597786475975,0.20999239686993898,-5.066030791446347,-2.1999184361832764,-0.03746861521272003,-5.064581764570213,-2.1993154723594825,-0.03746861521272003,-5.433652588680606,-3.0862568148238037,-0.03746861521272003,-5.43510161555674,-3.0868597786475975,-0.03746861521272003,-5.066030791446347 0.00028427027
8 -4.564562099121882,0.11022257448724745,-12.693516746419196,-4.568513490318725,0.11022257448724745,-13.372424286631997,-5.181362850524114,0.11022257448724745,-13.368857368571039,-5.1774114593272715,0.11022257448724745,-12.689949828358237,-4.564562099121882,-0.25912639142564775,-12.693516746419196,-4.568513490318725,-0.25912639142564775,-13.372424286631997,-5.181362850524114,-0.25912639142564775,-13.368857368571039,-5.1774114593272715,-0.25912639142564775,-12.689949828358237 6.3257394e-05
8 1.9012341562271056,0.06422363693675998,1.2562339810198178,1.9024351595336684,0.06422363693675998,0.9032105397222847,1.526886456871039,0.06422363693675998,0.9019329043561588,1.5256854535644762,0.06422363693675998,1.2549563456536919,1.9012341562271056,-0.7813184159513473,1.2562339810198178,1.9024351595336684,-0.7813184159513473,0.9032105397222847,1.526886456871039,-0.7813184159513473,0.9019329043561588,1.5256854535644762,-0.7813184159513473,1.2549563456536919 3.974069e-05
8 0.45962938244516216,0.0777634978931308,-1.648741161076536,0.46106621448298,0.0777634978931308,-2.0321155729619105,0.029703025267774213,0.0777634978931308,-2.033732260020266,0.02826619322995641,0.0777634978931308,-1.6503578481348913,0.45962938244516216,-0.7014927268665194,-1.648741161076536,0.46106621448298,-0.7014927268665194,-2.0321155729619105,0.029703025267774213,-0.7014927268665194,-2.033732260020266,0.02826619322995641,-0.7014927268665194,-1.6503578481348913 6.1243634e-05
8 1.5054443949379634,0.046970597381534585,6.101995919064848,1.5050771441889625,0.046970597381534585,5.764608652097532,1.16317356885293,0.046970597381534585,5.764980818911226,1.163540819601931,0.046970597381534585,6.102368085878542,1.5054443949379634,-0.8201852952193642,6.101995919064848,1.5050771441889625,-0.8201852952193642,5.764608652097532,1.16317356885293,-0.8201852952193642,5.764980818911226,1.163540819601931,-0.8201852952193642,6.102368085878542 7.294563e-06
8 -1.4705381690651782,0.21265083449596406,1.3197220195411206,-1.4707557518404957,0.21265083449596406,1.0313110533316165,-1.8296317756980054,0.21265083449596406,1.0315817963005542,-1.829414192922688,0.21265083449596406,1.3199927625100583,-1.4705381690651782,-0.6632999171566392,1.3197220195411206,-1.4707557518404957,-0.6632999171566392,1.0313110533316165,-1.8296317756980054,-0.6632999171566392,1.0315817963005542,-1.829414192922688,-0.6632999171566392,1.3199927625100583 3.0273546e-05
8 1.1650322213394428,0.09555473567537306,2.196321273103825,1.164530264963552,0.09555473567537306,1.2696614008943903,0.8713917002456402,0.09555473567537306,1.269820189222225,0.8718936566215308,0.09555473567537306,2.1964800614316595,1.1650322213394428,-0.21823574246458052,2.196321273103825,1.164530264963552,-0.21823574246458052,1.2696614008943903,0.8713917002456402,-0.21823574246458052,1.269820189222225,0.8718936566215308,-0.21823574246458052,2.1964800614316595 5.9312997e-06
8 -2.5674965127852545,0.13920435325793265,-4.878133635601291,-2.5671586955818815,0.13920435325793265,-5.502953485528986,-3.1813314214798822,0.13920435325793265,-5.50328554622244,-3.1816692386832552,0.13920435325793265,-4.878465696294745,-2.5674965127852545,-0.16868991421154975,-4.878133635601291,-2.5671586955818815,-0.16868991421154975,-5.502953485528986,-3.1813314214798822,-0.16868991421154975,-5.50328554622244,-3.1816692386832552,-0.16868991421154975,-4.878465696294745 0.006490237
8 -0.9711331388027775,0.17060455779395106,-1.396482695149987,-0.9704409574015903,0.17060455779395106,-1.7835336020751957,-1.3746505716769588,0.17060455779395106,-1.78425646920243,-1.375342753078146,0.17060455779395106,-1.3972055622772213,-0.9711331388027775,-0.6488328586038112,-1.396482695149987,-0.9704409574015903,-0.6488328586038112,-1.7835336020751957,-1.3746505716769588,-0.6488328586038112,-1.78425646920243,-1.375342753078146,-0.6488328586038112,-1.3972055622772213 2.475415e-05
8 1.5975046010088443,0.1728529855527544,-1.2489325619639227,1.5973753158001296,0.1728529855527544,-1.633702025321847,0.7155428080487729,0.1728529855527544,-1.6334057234822443,0.7156720932574875,0.1728529855527544,-1.24863626012432,1.5975046010088443,-0.10441786049982549,-1.2489325619639227,1.5973753158001296,-0.10441786049982549,-1.633702025321847,0.7155428080487729,-0.10441786049982549,-1.6334057234822443,0.7156720932574875,-0.10441786049982549,-1.24863626012432 0.0005038727
8 -4.259343973405027,0.3970442627620125,-3.8560406855209752,-4.259619506390359,0.3970442627620125,-4.219866272162864,-4.608707555525637,0.3970442627620125,-4.219601900233419,-4.608432022540305,0.3970442627620125,-3.8557763135915306,-4.259343973405027,-0.44776212322229386,-3.8560406855209752,-4.259619506390359,-0.44776212322229386,-4.219866272162864,-4.608707555525637,-0.44776212322229386,-4.219601900233419,-4.608432022540305,-0.44776212322229386,-3.8557763135915306 1.2507768e-05
9 4.206504295825852,0.14093384152354715,5.024447636649446,4.204238631371419,0.14093384152354715,4.356103871926942,3.5113916888238066,0.14093384152354715,4.358452601387663,3.5136573532782394,0.14093384152354715,5.026796366110167,4.206504295825852,-0.0936658941775751,5.024447636649446,4.204238631371419,-0.0936658941775751,4.356103871926942,3.5113916888238066,-0.0936658941775751,4.358452601387663,3.5136573532782394,-0.0936658941775751,5.026796366110167 0.0006721339
9 2.2307592992949408,-0.028189789339981064,6.053699142033021,2.2324356191226236,-0.028189789339981064,5.418672478776715,1.6896072263550836,-0.028189789339981064,5.4172395405231315,1.687930906527401,-0.028189789339981064,6.052266203779437,2.2307592992949408,-0.5340991506128693,6.053699142033021,2.2324356191226236,-0.5340991506128693,5.418672478776715,1.6896072263550836,-0.5340991506128693,5.4172395405231315,1.687930906527401,-0.5340991506128693,6.052266203779437 0.9997216
9 -1.4443850533578673,0.12443122910970689,1.4538599823532214,-1.4439384846761987,0.12443122910970689,1.1567314086273683,-1.7029740794088564,0.12443122910970689,1.1563420916976819,-1.703420648090525,0.12443122910970689,1.453470665423535,-1.4443850533578673,-0.7348938350629235,1.4538599823532214,-1.4439384846761987,-0.7348938350629235,1.1567314086273683,-1.7029740794088564,-0.7348938350629235,1.1563420916976819,-1.703420648090525,-0.7348938350629235,1.453470665423535 0.0002285194
9 0.4714753360130881,0.19204663286638257,2.0422936621397563,0.47138193403351525,0.19204663286638257,1.978445825320789,0.3070532351157571,0.19204663286638257,1.9786862191468646,0.30714663709532997,0.19204663286638257,2.042534055965832,0.4714753360130881,-0.7945232893033027,2.0422936621397563,0.47138193403351525,-0.7945232893033027,1.978445825320789,0.3070532351157571,-0.7945232893033027,1.9786862191468646,0.30714663709532997,-0.7945232893033027,2.042534055965832 0.00085291086
9 -2.9663151177906384,0.06241080577104627,-4.620078740710224,-2.965833653351823,0.06241080577104627,-5.294559215148697,-3.613245162055553,0.06241080577104627,-5.295021356946026,-3.6137266264943686,0.06241080577104627,-4.620540882507553,-2.9663151177906384,-0.3091536503526503,-4.620078740710224,-2.965833653351823,-0.3091536503526503,-5.294559215148697,-3.613245162055553,-0.3091536503526503,-5.295021356946026,-3.6137266264943686,-0.3091536503526503,-4.620540882507553 0.9967622
9 0.44898418120120415,0.2443136748550534,2.0858390156084967,0.4489526355519279,0.2443136748550534,2.02726512978825,0.30603715249325386,0.2443136748550534,2.0273420985882806,0.3060686981425301,0.2443136748550534,2.0859159844085275,0.44898418120120415,-0.7109334048507809,2.0858390156084967,0.4489526355519279,-0.7109334048507809,2.02726512978825,0.30603715249325386,-0.7109334048507809,2.0273420985882806,0.3060686981425301,-0.7109334048507809,2.0859159844085275 0.0010516434
9 0.6214229988111475,0.004117177031853186,-1.5250706991164007,0.6244958610266763,0.004117177031853186,-2.277567006504846,0.1678397727952978,0.004117177031853186,-2.2794317880662165,0.16476691057976897,0.004117177031853186,-1.5269354806777713,0.6214229988111475,-0.3958231966718221,-1.5250706991164007,0.6244958610266763,-0.3958231966718221,-2.277567006504846,0.1678397727952978,-0.3958231966718221,-2.2794317880662165,0.16476691057976897,-0.3958231966718221,-1.5269354806777713 0.79783463
9 -5.058510835985862,0.05704721452287673,3.4209123946900153,-5.056520460327335,0.05704721452287673,2.5937604888684582,-5.500852529187478,0.05704721452287673,2.5926912925963617,-5.502842904846005,0.05704721452287673,3.4198431984179187,-5.058510835985862,-0.2540244722514534,3.4209123946900153,-5.056520460327335,-0.2540244722514534,2.5937604888684582,-5.500852529187478,-0.2540244722514534,2.5926912925963617,-5.502842904846005,-0.2540244722514534,3.4198431984179187 0.9983574
9 -2.1999184361832764,0.20999239686993898,-5.064581764570213,-2.1993154723594825,0.20999239686993898,-5.433652588680606,-3.0862568148238037,0.20999239686993898,-5.43510161555674,-3.0868597786475975,0.20999239686993898,-5.066030791446347,-2.1999184361832764,-0.03746861521272003,-5.064581764570213,-2.1993154723594825,-0.03746861521272003,-5.433652588680606,-3.0862568148238037,-0.03746861521272003,-5.43510161555674,-3.0868597786475975,-0.03746861521272003,-5.066030791446347 0.0011984289
9 -4.564562099121882,0.11022257448724745,-12.693516746419196,-4.568513490318725,0.11022257448724745,-13.372424286631997,-5.181362850524114,0.11022257448724745,-13.368857368571039,-5.1774114593272715,0.11022257448724745,-12.689949828358237,-4.564562099121882,-0.25912639142564775,-12.693516746419196,-4.568513490318725,-0.25912639142564775,-13.372424286631997,-5.181362850524114,-0.25912639142564775,-13.368857368571039,-5.1774114593272715,-0.25912639142564775,-12.689949828358237 0.9987373
9 1.9012341562271056,0.06422363693675998,1.2562339810198178,1.9024351595336684,0.06422363693675998,0.9032105397222847,1.526886456871039,0.06422363693675998,0.9019329043561588,1.5256854535644762,0.06422363693675998,1.2549563456536919,1.9012341562271056,-0.7813184159513473,1.2562339810198178,1.9024351595336684,-0.7813184159513473,0.9032105397222847,1.526886456871039,-0.7813184159513473,0.9019329043561588,1.5256854535644762,-0.7813184159513473,1.2549563456536919 0.00019296893
9 0.45962938244516216,0.0777634978931308,-1.648741161076536,0.46106621448298,0.0777634978931308,-2.0321155729619105,0.029703025267774213,0.0777634978931308,-2.033732260020266,0.02826619322995641,0.0777634978931308,-1.6503578481348913,0.45962938244516216,-0.7014927268665194,-1.648741161076536,0.46106621448298,-0.7014927268665194,-2.0321155729619105,0.029703025267774213,-0.7014927268665194,-2.033732260020266,0.02826619322995641,-0.7014927268665194,-1.6503578481348913 0.00061977055
9 1.5054443949379634,0.046970597381534585,6.101995919064848,1.5050771441889625,0.046970597381534585,5.764608652097532,1.16317356885293,0.046970597381534585,5.764980818911226,1.163540819601931,0.046970597381534585,6.102368085878542,1.5054443949379634,-0.8201852952193642,6.101995919064848,1.5050771441889625,-0.8201852952193642,5.764608652097532,1.16317356885293,-0.8201852952193642,5.764980818911226,1.163540819601931,-0.8201852952193642,6.102368085878542 0.0005975202
9 -1.4705381690651782,0.21265083449596406,1.3197220195411206,-1.4707557518404957,0.21265083449596406,1.0313110533316165,-1.8296317756980054,0.21265083449596406,1.0315817963005542,-1.829414192922688,0.21265083449596406,1.3199927625100583,-1.4705381690651782,-0.6632999171566392,1.3197220195411206,-1.4707557518404957,-0.6632999171566392,1.0313110533316165,-1.8296317756980054,-0.6632999171566392,1.0315817963005542,-1.829414192922688,-0.6632999171566392,1.3199927625100583 0.0001873568
9 1.1650322213394428,0.09555473567537306,2.196321273103825,1.164530264963552,0.09555473567537306,1.2696614008943903,0.8713917002456402,0.09555473567537306,1.269820189222225,0.8718936566215308,0.09555473567537306,2.1964800614316595,1.1650322213394428,-0.21823574246458052,2.196321273103825,1.164530264963552,-0.21823574246458052,1.2696614008943903,0.8713917002456402,-0.21823574246458052,1.269820189222225,0.8718936566215308,-0.21823574246458052,2.1964800614316595 0.99781054
9 -2.5674965127852545,0.13920435325793265,-4.878133635601291,-2.5671586955818815,0.13920435325793265,-5.502953485528986,-3.1813314214798822,0.13920435325793265,-5.50328554622244,-3.1816692386832552,0.13920435325793265,-4.878465696294745,-2.5674965127852545,-0.16868991421154975,-4.878133635601291,-2.5671586955818815,-0.16868991421154975,-5.502953485528986,-3.1813314214798822,-0.16868991421154975,-5.50328554622244,-3.1816692386832552,-0.16868991421154975,-4.878465696294745 0.4383309
9 -0.9711331388027775,0.17060455779395106,-1.396482695149987,-0.9704409574015903,0.17060455779395106,-1.7835336020751957,-1.3746505716769588,0.17060455779395106,-1.78425646920243,-1.375342753078146,0.17060455779395106,-1.3972055622772213,-0.9711331388027775,-0.6488328586038112,-1.396482695149987,-0.9704409574015903,-0.6488328586038112,-1.7835336020751957,-1.3746505716769588,-0.6488328586038112,-1.78425646920243,-1.375342753078146,-0.6488328586038112,-1.3972055622772213 9.3636045e-05
9 1.5975046010088443,0.1728529855527544,-1.2489325619639227,1.5973753158001296,0.1728529855527544,-1.633702025321847,0.7155428080487729,0.1728529855527544,-1.6334057234822443,0.7156720932574875,0.1728529855527544,-1.24863626012432,1.5975046010088443,-0.10441786049982549,-1.2489325619639227,1.5973753158001296,-0.10441786049982549,-1.633702025321847,0.7155428080487729,-0.10441786049982549,-1.6334057234822443,0.7156720932574875,-0.10441786049982549,-1.24863626012432 0.0031413906
9 -4.259343973405027,0.3970442627620125,-3.8560406855209752,-4.259619506390359,0.3970442627620125,-4.219866272162864,-4.608707555525637,0.3970442627620125,-4.219601900233419,-4.608432022540305,0.3970442627620125,-3.8557763135915306,-4.259343973405027,-0.44776212322229386,-3.8560406855209752,-4.259619506390359,-0.44776212322229386,-4.219866272162864,-4.608707555525637,-0.44776212322229386,-4.219601900233419,-4.608432022540305,-0.44776212322229386,-3.8557763135915306 0.00021588137
