3 -0.8233861876182175,0.12479785064368187,1.9667622447095192,-0.8233861876182175,0.12479785064368187,1.6471522450365745,-0.8911461877174759,0.12479785064368187,1.6471522450365745,-0.8911461877174759,0.12479785064368187,1.9667622447095192,-0.8233861876182175,-0.8184521494260305,1.9667622447095192,-0.8233861876182175,-0.8184521494260305,1.6471522450365745,-0.8911461877174759,-0.8184521494260305,1.6471522450365745,-0.8911461877174759,-0.8184521494260305,1.9667622447095192
8 -0.9372368283355618,-0.048720088025131225,-1.373571424737432,-0.9372368283355618,-0.048720088025131225,-1.4619214246125436,-1.8841068320190524,-0.048720088025131225,-1.4619214246125436,-1.8841068320190524,-0.048720088025131225,-1.373571424737432,-0.9372368283355618,-0.33802008984466553,-1.373571424737432,-0.9372368283355618,-0.33802008984466553,-1.4619214246125436,-1.8841068320190524,-0.33802008984466553,-1.4619214246125436,-1.8841068320190524,-0.33802008984466553,-1.373571424737432
4 0.28147549448156356,0.0893849510974325,-1.9707192619701623,0.28147549448156356,0.0893849510974325,-2.017659262810111,0.0232154923901558,0.0893849510974325,-2.017659262810111,0.0232154923901558,0.0893849510974325,-1.9707192619701623,0.28147549448156356,-0.8755350489444174,-1.9707192619701623,0.28147549448156356,-0.8755350489444174,-2.017659262810111,0.0232154923901558,-0.8755350489444174,-2.017659262810111,0.0232154923901558,-0.8755350489444174,-1.9707192619701623
9 1.9747659709969712,-0.0834686568231201,-0.5225939604501438,1.9747659709969712,-0.0834686568231201,-1.2653739598532008,1.6033859703024673,-0.0834686568231201,-1.2653739598532008,1.6033859703024673,-0.0834686568231201,-0.5225939604501438,1.9747659709969712,-0.6405386516600037,-0.5225939604501438,1.9747659709969712,-0.6405386516600037,-1.2653739598532008,1.6033859703024673,-0.6405386516600037,-1.2653739598532008,1.6033859703024673,-0.6405386516600037,-0.5225939604501438
3 1.7700443743266248,0.10605221337771653,1.1795913451432563,1.7700443743266248,0.10605221337771653,0.8022913462401056,1.7044543744526721,0.10605221337771653,0.8022913462401056,1.7044543744526721,0.10605221337771653,1.1795913451432563,1.7700443743266248,-0.8118377859065556,1.1795913451432563,1.7700443743266248,-0.8118377859065556,0.8022913462401056,1.7044543744526721,-0.8118377859065556,0.8022913462401056,1.7044543744526721,-0.8118377859065556,1.1795913451432563
5 2.084249489989357,0.2790889431785965,0.30213337999116896,2.084249489989357,0.2790889431785965,0.11166337270009993,1.894289500031395,0.2790889431785965,0.11166337270009993,1.894289500031395,0.2790889431785965,0.30213337999116896,2.084249489989357,-0.6827710558723832,0.30213337999116896,2.084249489989357,-0.6827710558723832,0.11166337270009993,1.894289500031395,-0.6827710558723832,0.11166337270009993,1.894289500031395,-0.6827710558723832,0.30213337999116896
3 -0.30631595752163887,0.1678100687278682,-1.8186018899933123,-0.30631595752163887,0.1678100687278682,-2.1301118894561504,-0.33216595747546196,0.1678100687278682,-2.1301118894561504,-0.33216595747546196,0.1678100687278682,-1.8186018899933123,-0.30631595752163887,-0.7778299313796931,-1.8186018899933123,-0.30631595752163887,-0.7778299313796931,-2.1301118894561504,-0.33216595747546196,-0.7778299313796931,-2.1301118894561504,-0.33216595747546196,-0.7778299313796931,-1.8186018899933123
5 1.216961902614908,0.07466657357925416,-1.484056921188717,1.216961902614908,0.07466657357925416,-2.0486169145656774,0.6592618999516201,0.07466657357925416,-2.0486169145656774,0.6592618999516201,0.07466657357925416,-1.484056921188717,1.216961902614908,-0.5309334238123322,-1.484056921188717,1.216961902614908,-0.5309334238123322,-2.0486169145656774,0.6592618999516201,-0.5309334238123322,-2.0486169145656774,0.6592618999516201,-0.5309334238123322,-1.484056921188717
1 0.7388173005478549,0.03419573976775647,-5.801611055281246,0.7388173005478549,0.03419573976775647,-6.183091055009282,-0.13307270025183437,0.03419573976775647,-6.183091055009282,-0.13307270025183437,0.03419573976775647,-5.801611055281246,0.7388173005478549,-0.2445242591120863,-5.801611055281246,0.7388173005478549,-0.2445242591120863,-6.183091055009282,-0.13307270025183437,-0.2445242591120863,-6.183091055009282,-0.13307270025183437,-0.2445242591120863,-5.801611055281246
3 -1.5916658872269012,0.11862338663211702,-1.0006505760748559,-1.5916658872269012,0.11862338663211702,-1.3256905761163063,-1.662275887141385,0.11862338663211702,-1.3256905761163063,-1.662275887141385,0.11862338663211702,-1.0006505760748559,-1.5916658872269012,-0.8132866132365787,-1.0006505760748559,-1.5916658872269012,-0.8132866132365787,-1.3256905761163063,-1.662275887141385,-0.8132866132365787,-1.3256905761163063,-1.662275887141385,-0.8132866132365787,-1.0006505760748559
3 -0.9185437017116612,0.1388904461929822,-1.6068209982395791,-0.9185437017116612,0.1388904461929822,-1.9116809987544394,-0.9841237015094692,0.1388904461929822,-1.9116809987544394,-0.9841237015094692,0.1388904461929822,-1.6068209982395791,-0.9185437017116612,-0.810019553668263,-1.6068209982395791,-0.9185437017116612,-0.810019553668263,-1.9116809987544394,-0.9841237015094692,-0.810019553668263,-1.9116809987544394,-0.9841237015094692,-0.810019553668263,-1.6068209982395791
6 1.9971262182554603,0.12235507892724515,-0.6571301197047044,1.9971262182554603,0.12235507892724515,-1.3769301200871658,1.447086218420565,0.12235507892724515,-1.3769301200871658,1.447086218420565,0.12235507892724515,-0.6571301197047044,1.9971262182554603,-0.3009049199735785,-0.6571301197047044,1.9971262182554603,-0.3009049199735785,-1.3769301200871658,1.447086218420565,-0.3009049199735785,-1.3769301200871658,1.447086218420565,-0.3009049199735785,-0.6571301197047044
3 1.156947442377367,0.17150551316461204,1.791245088455019,1.156947442377367,0.17150551316461204,1.4945250893861675,1.1242174421898938,0.17150551316461204,1.4945250893861675,1.1242174421898938,0.17150551316461204,1.791245088455019,1.156947442377367,-0.778324487182709,1.791245088455019,1.156947442377367,-0.778324487182709,1.4945250893861675,1.1242174421898938,-0.778324487182709,1.4945250893861675,1.1242174421898938,-0.778324487182709,1.791245088455019
2 -4.276312279262152,-0.01392564264276025,-3.7783677096694803,-4.276312279262152,-0.01392564264276025,-4.182087707963577,-4.703172278843317,-0.01392564264276025,-4.182087707963577,-4.703172278843317,-0.01392564264276025,-3.7783677096694803,-4.276312279262152,-0.8154556444551706,-3.7783677096694803,-4.276312279262152,-0.8154556444551706,-4.182087707963577,-4.703172278843317,-0.8154556444551706,-4.182087707963577,-4.703172278843317,-0.8154556444551706,-3.7783677096694803
9 4.426755923471804,-0.1387581078559971,-3.8636383640627576,4.426755923471804,-0.1387581078559971,-4.643078364147692,4.0370359237572,-0.1387581078559971,-4.643078364147692,4.0370359237572,-0.1387581078559971,-3.8636383640627576,4.426755923471804,-0.629258111283102,-3.8636383640627576,4.426755923471804,-0.629258111283102,-4.643078364147692,4.0370359237572,-0.629258111283102,-4.643078364147692,4.0370359237572,-0.629258111283102,-3.8636383640627576
1 5.2159652125541855,0.005102809510436068,3.815187504155329,5.2159652125541855,0.005102809510436068,3.464137504237005,4.324025212555678,0.005102809510436068,3.464137504237005,4.324025212555678,0.005102809510436068,3.815187504155329,5.2159652125541855,-0.2640171907760763,3.815187504155329,5.2159652125541855,-0.2640171907760763,3.464137504237005,4.324025212555678,-0.2640171907760763,3.464137504237005,4.324025212555678,-0.2640171907760763,3.815187504155329
