0 -0.15875702779982792,0.27105862603482833,-1.7035829923328705,-0.16725701685028527,0.27105862603482833,-2.334285363791944,-0.8846061857392956,0.27105862603482833,-2.3246176340404205,-0.8761061966888383,0.27105862603482833,-1.693915262581347,-0.15875702779982792,0.07521151795091995,-1.7035829923328705,-0.16725701685028527,0.07521151795091995,-2.334285363791944,-0.8846061857392956,0.07521151795091995,-2.3246176340404205,-0.8761061966888383,0.07521151795091995,-1.693915262581347 0.9314361
0 -0.2849381650877671,0.20900079497212587,-1.365187061769444,-0.27868243034458257,0.20900079497212587,-2.0337794908944407,-0.9675717865037246,0.20900079497212587,-2.040225135343593,-0.9738275212469092,0.20900079497212587,-1.3716327062185965,-0.2849381650877671,0.007809595381076936,-1.365187061769444,-0.27868243034458257,0.007809595381076936,-2.0337794908944407,-0.9675717865037246,0.007809595381076936,-2.040225135343593,-0.9738275212469092,0.007809595381076936,-1.3716327062185965 0.9340077
0 -0.44563735682724,0.14360015984701036,-0.07780572795285001,-0.4522499829684076,0.14360015984701036,-0.7140282352215734,-1.1541238908076477,0.14360015984701036,-0.706733256345856,-1.14751126466648,0.14360015984701036,-0.07051074907713267,-0.44563735682724,-0.05506636347698092,-0.07780572795285001,-0.4522499829684076,-0.05506636347698092,-0.7140282352215734,-1.1541238908076477,-0.05506636347698092,-0.706733256345856,-1.14751126466648,-0.05506636347698092,-0.07051074907713267 0.95072764
0 0.9606317413831283,0.1443211798619652,0.45741724925520666,0.964068031943107,0.1443211798619652,0.16672315598965884,0.5799859630083511,0.1443211798619652,0.16218292755601163,0.5765496724483725,0.1443211798619652,0.45287702082155945,0.9606317413831283,-0.8451654677342797,0.45741724925520666,0.964068031943107,-0.8451654677342797,0.16672315598965884,0.5799859630083511,-0.8451654677342797,0.16218292755601163,0.5765496724483725,-0.8451654677342797,0.45287702082155945 0.1500736
0 0.2660287018854691,0.07097523358086634,-0.40376525441868827,0.2564334946203639,0.07097523358086634,-1.0572257660448883,-0.4171814020712449,0.07097523358086634,-1.047334618170423,-0.40758619480613967,0.07097523358086634,-0.3938741065442231,0.2660287018854691,-0.12421655353526163,-0.40376525441868827,0.2564334946203639,-0.12421655353526163,-1.0572257660448883,-0.4171814020712449,-0.12421655353526163,-1.047334618170423,-0.40758619480613967,-0.12421655353526163,-0.3938741065442231 0.9540885
0 0.7923772868540317,0.14180995154327392,0.44182686268774124,0.7956635631371368,0.14180995154327392,0.1124973967121484,0.7428316536519497,0.14180995154327392,0.1119702035239592,0.7395453773688446,0.14180995154327392,0.441299669499552,0.7923772868540317,-0.6767987720960998,0.44182686268774124,0.7956635631371368,-0.6767987720960998,0.1124973967121484,0.7428316536519497,-0.6767987720960998,0.1119702035239592,0.7395453773688446,-0.6767987720960998,0.441299669499552 0.11469239
0 0.9004349668866339,0.35852441089862824,0.5939322527197871,0.9038091910032416,0.35852441089862824,0.30029050517962574,0.5418105165118036,0.35852441089862824,0.2961307946892705,0.5384362923951959,0.35852441089862824,0.5897725422294319,0.9004349668866339,-0.5875729014229203,0.5939322527197871,0.9038091910032416,-0.5875729014229203,0.30029050517962574,0.5418105165118036,-0.5875729014229203,0.2961307946892705,0.5384362923951959,-0.5875729014229203,0.5897725422294319 0.13099365
0 0.8235645622568769,0.2994737439150238,0.4959404001576416,0.8259323312231859,0.2994737439150238,0.1810519874600325,0.7707101970357256,0.2994737439150238,0.18063675066404414,0.7683424280694167,0.2994737439150238,0.4955251633616533,0.8235645622568769,-0.552306126832428,0.4959404001576416,0.8259323312231859,-0.552306126832428,0.1810519874600325,0.7707101970357256,-0.552306126832428,0.18063675066404414,0.7683424280694167,-0.552306126832428,0.4955251633616533 0.1211664
0 0.354931513607152,0.14071411575267134,-0.5893237714513468,0.34321960353223835,0.14071411575267134,-1.2687345252808993,-0.3267452519532519,0.14071411575267134,-1.2571854467645955,-0.3150333418783382,0.14071411575267134,-0.5777746929350431,0.354931513607152,-0.050136975302193756,-0.5893237714513468,0.34321960353223835,-0.050136975302193756,-1.2687345252808993,-0.3267452519532519,-0.050136975302193756,-1.2571854467645955,-0.3150333418783382,-0.050136975302193756,-0.5777746929350431 0.9415425
0 -0.1303051283058964,0.1313839771594577,-1.5497466744295052,-0.1332828315320676,0.1313839771594577,-2.2266540895313875,-0.8408361504378474,0.1313839771594577,-2.2235415755399774,-0.8378584472116763,0.1313839771594577,-1.5466341604380949,-0.1303051283058964,-0.06509182535071902,-1.5497466744295052,-0.1332828315320676,-0.06509182535071902,-2.2266540895313875,-0.8408361504378474,-0.06509182535071902,-2.2235415755399774,-0.8378584472116763,-0.06509182535071902,-1.5466341604380949 0.9474471
0 1.1261444737625976,0.27105505662673957,0.6308412106260868,1.1259795071953964,0.27105505662673957,0.29017120040322597,0.7215296576308349,0.27105505662673957,0.29036705181745565,0.7216946241980363,0.27105505662673957,0.6310370620403165,1.1261444737625976,-0.7632376392435456,0.6308412106260868,1.1259795071953964,-0.7632376392435456,0.29017120040322597,0.7215296576308349,-0.7632376392435456,0.29036705181745565,0.7216946241980363,-0.7632376392435456,0.6310370620403165 0.15535314
0 0.7642980331684616,0.10018336403316497,0.5169335801127584,0.7694566652435276,0.10018336403316497,0.18944408415665487,0.7127520328258011,0.10018336403316497,0.1885508697506755,0.7075934007507351,0.10018336403316497,0.5160403657067789,0.7642980331684616,-0.711809750675621,0.5169335801127584,0.7694566652435276,-0.711809750675621,0.18944408415665487,0.7127520328258011,-0.711809750675621,0.1885508697506755,0.7075934007507351,-0.711809750675621,0.5160403657067789 0.14269662
0 0.8876169105273338,0.41922991725749015,0.5780312261427488,0.891116128931803,0.41922991725749015,0.23161658464870188,0.8395189861554054,0.41922991725749015,0.23109538938154314,0.8360197677509362,0.41922991725749015,0.57751003087559,0.8876169105273338,-0.491191275447073,0.5780312261427488,0.891116128931803,-0.491191275447073,0.23161658464870188,0.8395189861554054,-0.491191275447073,0.23109538938154314,0.8360197677509362,-0.491191275447073,0.57751003087559 0.11869681
0 0.7007349310742036,0.193896006822052,0.5175672607522837,0.706769625082237,0.193896006822052,0.1906170494940948,0.6498239459170684,0.193896006822052,0.1895659727949271,0.643789251909035,0.193896006822052,0.5165161840531158,0.7007349310742036,-0.5997679345602417,0.5175672607522837,0.706769625082237,-0.5997679345602417,0.1906170494940948,0.6498239459170684,-0.5997679345602417,0.1895659727949271,0.643789251909035,-0.5997679345602417,0.5165161840531158 0.14088449
0 0.8560169892621967,0.25375731664842605,0.5230791201985991,0.8608013840894068,0.25375731664842605,0.19315431421143311,0.8090943140672711,0.25375731664842605,0.19240448566306467,0.804309919240061,0.25375731664842605,0.5223292916502307,0.8560169892621967,-0.570547688781681,0.5230791201985991,0.8608013840894068,-0.570547688781681,0.19315431421143311,0.8090943140672711,-0.570547688781681,0.19240448566306467,0.804309919240061,-0.570547688781681,0.5223292916502307 0.11399577
1 -0.15875702779982792,0.27105862603482833,-1.7035829923328705,-0.16725701685028527,0.27105862603482833,-2.334285363791944,-0.8846061857392956,0.27105862603482833,-2.3246176340404205,-0.8761061966888383,0.27105862603482833,-1.693915262581347,-0.15875702779982792,0.07521151795091995,-1.7035829923328705,-0.16725701685028527,0.07521151795091995,-2.334285363791944,-0.8846061857392956,0.07521151795091995,-2.3246176340404205,-0.8761061966888383,0.07521151795091995,-1.693915262581347 0.0025862881
1 -0.2849381650877671,0.20900079497212587,-1.365187061769444,-0.27868243034458257,0.20900079497212587,-2.0337794908944407,-0.9675717865037246,0.20900079497212587,-2.040225135343593,-0.9738275212469092,0.20900079497212587,-1.3716327062185965,-0.2849381650877671,0.007809595381076936,-1.365187061769444,-0.27868243034458257,0.007809595381076936,-2.0337794908944407,-0.9675717865037246,0.007809595381076936,-2.040225135343593,-0.9738275212469092,0.007809595381076936,-1.3716327062185965 0.003103045
1 -0.44563735682724,0.14360015984701036,-0.07780572795285001,-0.4522499829684076,0.14360015984701036,-0.7140282352215734,-1.1541238908076477,0.14360015984701036,-0.706733256345856,-1.14751126466648,0.14360015984701036,-0.07051074907713267,-0.44563735682724,-0.05506636347698092,-0.07780572795285001,-0.4522499829684076,-0.05506636347698092,-0.7140282352215734,-1.1541238908076477,-0.05506636347698092,-0.706733256345856,-1.14751126466648,-0.05506636347698092,-0.07051074907713267 0.0025680382
1 0.9606317413831283,0.1443211798619652,0.45741724925520666,0.964068031943107,0.1443211798619652,0.16672315598965884,0.5799859630083511,0.1443211798619652,0.16218292755601163,0.5765496724483725,0.1443211798619652,0.45287702082155945,0.9606317413831283,-0.8451654677342797,0.45741724925520666,0.964068031943107,-0.8451654677342797,0.16672315598965884,0.5799859630083511,-0.8451654677342797,0.16218292755601163,0.5765496724483725,-0.8451654677342797,0.45287702082155945 0.022797199
1 0.2660287018854691,0.07097523358086634,-0.40376525441868827,0.2564334946203639,0.07097523358086634,-1.0572257660448883,-0.4171814020712449,0.07097523358086634,-1.047334618170423,-0.40758619480613967,0.07097523358086634,-0.3938741065442231,0.2660287018854691,-0.12421655353526163,-0.40376525441868827,0.2564334946203639,-0.12421655353526163,-1.0572257660448883,-0.4171814020712449,-0.12421655353526163,-1.047334618170423,-0.40758619480613967,-0.12421655353526163,-0.3938741065442231 0.0022734948
1 0.7923772868540317,0.14180995154327392,0.44182686268774124,0.7956635631371368,0.14180995154327392,0.1124973967121484,0.7428316536519497,0.14180995154327392,0.1119702035239592,0.7395453773688446,0.14180995154327392,0.441299669499552,0.7923772868540317,-0.6767987720960998,0.44182686268774124,0.7956635631371368,-0.6767987720960998,0.1124973967121484,0.7428316536519497,-0.6767987720960998,0.1119702035239592,0.7395453773688446,-0.6767987720960998,0.441299669499552 0.024148421
1 0.9004349668866339,0.35852441089862824,0.5939322527197871,0.9038091910032416,0.35852441089862824,0.30029050517962574,0.5418105165118036,0.35852441089862824,0.2961307946892705,0.5384362923951959,0.35852441089862824,0.5897725422294319,0.9004349668866339,-0.5875729014229203,0.5939322527197871,0.9038091910032416,-0.5875729014229203,0.30029050517962574,0.5418105165118036,-0.5875729014229203,0.2961307946892705,0.5384362923951959,-0.5875729014229203,0.5897725422294319 0.029461522
1 0.8235645622568769,0.2994737439150238,0.4959404001576416,0.8259323312231859,0.2994737439150238,0.1810519874600325,0.7707101970357256,0.2994737439150238,0.18063675066404414,0.7683424280694167,0.2994737439150238,0.4955251633616533,0.8235645622568769,-0.552306126832428,0.4959404001576416,0.8259323312231859,-0.552306126832428,0.1810519874600325,0.7707101970357256,-0.552306126832428,0.18063675066404414,0.7683424280694167,-0.552306126832428,0.4955251633616533 0.024082024
1 0.354931513607152,0.14071411575267134,-0.5893237714513468,0.34321960353223835,0.14071411575267134,-1.2687345252808993,-0.3267452519532519,0.14071411575267134,-1.2571854467645955,-0.3150333418783382,0.14071411575267134,-0.5777746929350431,0.354931513607152,-0.050136975302193756,-0.5893237714513468,0.34321960353223835,-0.050136975302193756,-1.2687345252808993,-0.3267452519532519,-0.050136975302193756,-1.2571854467645955,-0.3150333418783382,-0.050136975302193756,-0.5777746929350431 0.0033009006
1 -0.1303051283058964,0.1313839771594577,-1.5497466744295052,-0.1332828315320676,0.1313839771594577,-2.2266540895313875,-0.8408361504378474,0.1313839771594577,-2.2235415755399774,-0.8378584472116763,0.1313839771594577,-1.5466341604380949,-0.1303051283058964,-0.06509182535071902,-1.5497466744295052,-0.1332828315320676,-0.06509182535071902,-2.2266540895313875,-0.8408361504378474,-0.06509182535071902,-2.2235415755399774,-0.8378584472116763,-0.06509182535071902,-1.5466341604380949 0.0021738145
1 1.1261444737625976,0.27105505662673957,0.6308412106260868,1.1259795071953964,0.27105505662673957,0.29017120040322597,0.7215296576308349,0.27105505662673957,0.29036705181745565,0.7216946241980363,0.27105505662673957,0.6310370620403165,1.1261444737625976,-0.7632376392435456,0.6308412106260868,1.1259795071953964,-0.7632376392435456,0.29017120040322597,0.7215296576308349,-0.7632376392435456,0.29036705181745565,0.7216946241980363,-0.7632376392435456,0.6310370620403165 0.018805644
1 0.7642980331684616,0.10018336403316497,0.5169335801127584,0.7694566652435276,0.10018336403316497,0.18944408415665487,0.7127520328258011,0.10018336403316497,0.1885508697506755,0.7075934007507351,0.10018336403316497,0.5160403657067789,0.7642980331684616,-0.711809750675621,0.5169335801127584,0.7694566652435276,-0.711809750675621,0.18944408415665487,0.7127520328258011,-0.711809750675621,0.1885508697506755,0.7075934007507351,-0.711809750675621,0.5160403657067789 0.023380151
1 0.8876169105273338,0.41922991725749015,0.5780312261427488,0.891116128931803,0.41922991725749015,0.23161658464870188,0.8395189861554054,0.41922991725749015,0.23109538938154314,0.8360197677509362,0.41922991725749015,0.57751003087559,0.8876169105273338,-0.491191275447073,0.5780312261427488,0.891116128931803,-0.491191275447073,0.23161658464870188,0.8395189861554054,-0.491191275447073,0.23109538938154314,0.8360197677509362,-0.491191275447073,0.57751003087559 0.021182764
1 0.7007349310742036,0.193896006822052,0.5175672607522837,0.706769625082237,0.193896006822052,0.1906170494940948,0.6498239459170684,0.193896006822052,0.1895659727949271,0.643789251909035,0.193896006822052,0.5165161840531158,0.7007349310742036,-0.5997679345602417,0.5175672607522837,0.706769625082237,-0.5997679345602417,0.1906170494940948,0.6498239459170684,-0.5997679345602417,0.1895659727949271,0.643789251909035,-0.5997679345602417,0.5165161840531158 0.025423734
1 0.8560169892621967,0.25375731664842605,0.5230791201985991,0.8608013840894068,0.25375731664842605,0.19315431421143311,0.8090943140672711,0.25375731664842605,0.19240448566306467,0.804309919240061,0.25375731664842605,0.5223292916502307,0.8560169892621967,-0.570547688781681,0.5230791201985991,0.8608013840894068,-0.570547688781681,0.19315431421143311,0.8090943140672711,-0.570547688781681,0.19240448566306467,0.804309919240061,-0.570547688781681,0.5223292916502307 0.02085751
2 -0.15875702779982792,0.27105862603482833,-1.7035829923328705,-0.16725701685028527,0.27105862603482833,-2.334285363791944,-0.8846061857392956,0.27105862603482833,-2.3246176340404205,-0.8761061966888383,0.27105862603482833,-1.693915262581347,-0.15875702779982792,0.07521151795091995,-1.7035829923328705,-0.16725701685028527,0.07521151795091995,-2.334285363791944,-0.8846061857392956,0.07521151795091995,-2.3246176340404205,-0.8761061966888383,0.07521151795091995,-1.693915262581347 0.0018734031
2 -0.2849381650877671,0.20900079497212587,-1.365187061769444,-0.27868243034458257,0.20900079497212587,-2.0337794908944407,-0.9675717865037246,0.20900079497212587,-2.040225135343593,-0.9738275212469092,0.20900079497212587,-1.3716327062185965,-0.2849381650877671,0.007809595381076936,-1.365187061769444,-0.27868243034458257,0.007809595381076936,-2.0337794908944407,-0.9675717865037246,0.007809595381076936,-2.040225135343593,-0.9738275212469092,0.007809595381076936,-1.3716327062185965 0.002586941
2 -0.44563735682724,0.14360015984701036,-0.07780572795285001,-0.4522499829684076,0.14360015984701036,-0.7140282352215734,-1.1541238908076477,0.14360015984701036,-0.706733256345856,-1.14751126466648,0.14360015984701036,-0.07051074907713267,-0.44563735682724,-0.05506636347698092,-0.07780572795285001,-0.4522499829684076,-0.05506636347698092,-0.7140282352215734,-1.1541238908076477,-0.05506636347698092,-0.706733256345856,-1.14751126466648,-0.05506636347698092,-0.07051074907713267 0.00234837
2 0.9606317413831283,0.1443211798619652,0.45741724925520666,0.964068031943107,0.1443211798619652,0.16672315598965884,0.5799859630083511,0.1443211798619652,0.16218292755601163,0.5765496724483725,0.1443211798619652,0.45287702082155945,0.9606317413831283,-0.8451654677342797,0.45741724925520666,0.964068031943107,-0.8451654677342797,0.16672315598965884,0.5799859630083511,-0.8451654677342797,0.16218292755601163,0.5765496724483725,-0.8451654677342797,0.45287702082155945 0.033112086
2 0.2660287018854691,0.07097523358086634,-0.40376525441868827,0.2564334946203639,0.07097523358086634,-1.0572257660448883,-0.4171814020712449,0.07097523358086634,-1.047334618170423,-0.40758619480613967,0.07097523358086634,-0.3938741065442231,0.2660287018854691,-0.12421655353526163,-0.40376525441868827,0.2564334946203639,-0.12421655353526163,-1.0572257660448883,-0.4171814020712449,-0.12421655353526163,-1.047334618170423,-0.40758619480613967,-0.12421655353526163,-0.3938741065442231 0.0020577312
2 0.7923772868540317,0.14180995154327392,0.44182686268774124,0.7956635631371368,0.14180995154327392,0.1124973967121484,0.7428316536519497,0.14180995154327392,0.1119702035239592,0.7395453773688446,0.14180995154327392,0.441299669499552,0.7923772868540317,-0.6767987720960998,0.44182686268774124,0.7956635631371368,-0.6767987720960998,0.1124973967121484,0.7428316536519497,-0.6767987720960998,0.1119702035239592,0.7395453773688446,-0.6767987720960998,0.441299669499552 0.039842237
2 0.9004349668866339,0.35852441089862824,0.5939322527197871,0.9038091910032416,0.35852441089862824,0.30029050517962574,0.5418105165118036,0.35852441089862824,0.2961307946892705,0.5384362923951959,0.35852441089862824,0.5897725422294319,0.9004349668866339,-0.5875729014229203,0.5939322527197871,0.9038091910032416,-0.5875729014229203,0.30029050517962574,0.5418105165118036,-0.5875729014229203,0.2961307946892705,0.5384362923951959,-0.5875729014229203,0.5897725422294319 0.02744185
2 0.8235645622568769,0.2994737439150238,0.4959404001576416,0.8259323312231859,0.2994737439150238,0.1810519874600325,0.7707101970357256,0.2994737439150238,0.18063675066404414,0.7683424280694167,0.2994737439150238,0.4955251633616533,0.8235645622568769,-0.552306126832428,0.4959404001576416,0.8259323312231859,-0.552306126832428,0.1810519874600325,0.7707101970357256,-0.552306126832428,0.18063675066404414,0.7683424280694167,-0.552306126832428,0.4955251633616533 0.038206708
2 0.354931513607152,0.14071411575267134,-0.5893237714513468,0.34321960353223835,0.14071411575267134,-1.2687345252808993,-0.3267452519532519,0.14071411575267134,-1.2571854467645955,-0.3150333418783382,0.14071411575267134,-0.5777746929350431,0.354931513607152,-0.050136975302193756,-0.5893237714513468,0.34321960353223835,-0.050136975302193756,-1.2687345252808993,-0.3267452519532519,-0.050136975302193756,-1.2571854467645955,-0.3150333418783382,-0.050136975302193756,-0.5777746929350431 0.0024230473
2 -0.1303051283058964,0.1313839771594577,-1.5497466744295052,-0.1332828315320676,0.1313839771594577,-2.2266540895313875,-0.8408361504378474,0.1313839771594577,-2.2235415755399774,-0.8378584472116763,0.1313839771594577,-1.5466341604380949,-0.1303051283058964,-0.06509182535071902,-1.5497466744295052,-0.1332828315320676,-0.06509182535071902,-2.2266540895313875,-0.8408361504378474,-0.06509182535071902,-2.2235415755399774,-0.8378584472116763,-0.06509182535071902,-1.5466341604380949 0.0025060296
2 1.1261444737625976,0.27105505662673957,0.6308412106260868,1.1259795071953964,0.27105505662673957,0.29017120040322597,0.7215296576308349,0.27105505662673957,0.29036705181745565,0.7216946241980363,0.27105505662673957,0.6310370620403165,1.1261444737625976,-0.7632376392435456,0.6308412106260868,1.1259795071953964,-0.7632376392435456,0.29017120040322597,0.7215296576308349,-0.7632376392435456,0.29036705181745565,0.7216946241980363,-0.7632376392435456,0.6310370620403165 0.03338374
2 0.7642980331684616,0.10018336403316497,0.5169335801127584,0.7694566652435276,0.10018336403316497,0.18944408415665487,0.7127520328258011,0.10018336403316497,0.1885508697506755,0.7075934007507351,0.10018336403316497,0.5160403657067789,0.7642980331684616,-0.711809750675621,0.5169335801127584,0.7694566652435276,-0.711809750675621,0.18944408415665487,0.7127520328258011,-0.711809750675621,0.1885508697506755,0.7075934007507351,-0.711809750675621,0.5160403657067789 0.030752
2 0.8876169105273338,0.41922991725749015,0.5780312261427488,0.891116128931803,0.41922991725749015,0.23161658464870188,0.8395189861554054,0.41922991725749015,0.23109538938154314,0.8360197677509362,0.41922991725749015,0.57751003087559,0.8876169105273338,-0.491191275447073,0.5780312261427488,0.891116128931803,-0.491191275447073,0.23161658464870188,0.8395189861554054,-0.491191275447073,0.23109538938154314,0.8360197677509362,-0.491191275447073,0.57751003087559 0.03455641
2 0.7007349310742036,0.193896006822052,0.5175672607522837,0.706769625082237,0.193896006822052,0.1906170494940948,0.6498239459170684,0.193896006822052,0.1895659727949271,0.643789251909035,0.193896006822052,0.5165161840531158,0.7007349310742036,-0.5997679345602417,0.5175672607522837,0.706769625082237,-0.5997679345602417,0.1906170494940948,0.6498239459170684,-0.5997679345602417,0.1895659727949271,0.643789251909035,-0.5997679345602417,0.5165161840531158 0.030636318
2 0.8560169892621967,0.25375731664842605,0.5230791201985991,0.8608013840894068,0.25375731664842605,0.19315431421143311,0.8090943140672711,0.25375731664842605,0.19240448566306467,0.804309919240061,0.25375731664842605,0.5223292916502307,0.8560169892621967,-0.570547688781681,0.5230791201985991,0.8608013840894068,-0.570547688781681,0.19315431421143311,0.8090943140672711,-0.570547688781681,0.19240448566306467,0.804309919240061,-0.570547688781681,0.5223292916502307 0.03736555
3 -0.15875702779982792,0.27105862603482833,-1.7035829923328705,-0.16725701685028527,0.27105862603482833,-2.334285363791944,-0.8846061857392956,0.27105862603482833,-2.3246176340404205,-0.8761061966888383,0.27105862603482833,-1.693915262581347,-0.15875702779982792,0.07521151795091995,-1.7035829923328705,-0.16725701685028527,0.07521151795091995,-2.334285363791944,-0.8846061857392956,0.07521151795091995,-2.3246176340404205,-0.8761061966888383,0.07521151795091995,-1.693915262581347 0.015339913
3 -0.2849381650877671,0.20900079497212587,-1.365187061769444,-0.27868243034458257,0.20900079497212587,-2.0337794908944407,-0.9675717865037246,0.20900079497212587,-2.040225135343593,-0.9738275212469092,0.20900079497212587,-1.3716327062185965,-0.2849381650877671,0.007809595381076936,-1.365187061769444,-0.27868243034458257,0.007809595381076936,-2.0337794908944407,-0.9675717865037246,0.007809595381076936,-2.040225135343593,-0.9738275212469092,0.007809595381076936,-1.3716327062185965 0.0076280795
3 -0.44563735682724,0.14360015984701036,-0.07780572795285001,-0.4522499829684076,0.14360015984701036,-0.7140282352215734,-1.1541238908076477,0.14360015984701036,-0.706733256345856,-1.14751126466648,0.14360015984701036,-0.07051074907713267,-0.44563735682724,-0.05506636347698092,-0.07780572795285001,-0.4522499829684076,-0.05506636347698092,-0.7140282352215734,-1.1541238908076477,-0.05506636347698092,-0.706733256345856,-1.14751126466648,-0.05506636347698092,-0.07051074907713267 0.005481154
3 0.9606317413831283,0.1443211798619652,0.45741724925520666,0.964068031943107,0.1443211798619652,0.16672315598965884,0.5799859630083511,0.1443211798619652,0.16218292755601163,0.5765496724483725,0.1443211798619652,0.45287702082155945,0.9606317413831283,-0.8451654677342797,0.45741724925520666,0.964068031943107,-0.8451654677342797,0.16672315598965884,0.5799859630083511,-0.8451654677342797,0.16218292755601163,0.5765496724483725,-0.8451654677342797,0.45287702082155945 0.41703004
3 0.2660287018854691,0.07097523358086634,-0.40376525441868827,0.2564334946203639,0.07097523358086634,-1.0572257660448883,-0.4171814020712449,0.07097523358086634,-1.047334618170423,-0.40758619480613967,0.07097523358086634,-0.3938741065442231,0.2660287018854691,-0.12421655353526163,-0.40376525441868827,0.2564334946203639,-0.12421655353526163,-1.0572257660448883,-0.4171814020712449,-0.12421655353526163,-1.047334618170423,-0.40758619480613967,-0.12421655353526163,-0.3938741065442231 0.00617781
3 0.7923772868540317,0.14180995154327392,0.44182686268774124,0.7956635631371368,0.14180995154327392,0.1124973967121484,0.7428316536519497,0.14180995154327392,0.1119702035239592,0.7395453773688446,0.14180995154327392,0.441299669499552,0.7923772868540317,-0.6767987720960998,0.44182686268774124,0.7956635631371368,-0.6767987720960998,0.1124973967121484,0.7428316536519497,-0.6767987720960998,0.1119702035239592,0.7395453773688446,-0.6767987720960998,0.441299669499552 0.44402412
3 0.9004349668866339,0.35852441089862824,0.5939322527197871,0.9038091910032416,0.35852441089862824,0.30029050517962574,0.5418105165118036,0.35852441089862824,0.2961307946892705,0.5384362923951959,0.35852441089862824,0.5897725422294319,0.9004349668866339,-0.5875729014229203,0.5939322527197871,0.9038091910032416,-0.5875729014229203,0.30029050517962574,0.5418105165118036,-0.5875729014229203,0.2961307946892705,0.5384362923951959,-0.5875729014229203,0.5897725422294319 0.3983837
3 0.8235645622568769,0.2994737439150238,0.4959404001576416,0.8259323312231859,0.2994737439150238,0.1810519874600325,0.7707101970357256,0.2994737439150238,0.18063675066404414,0.7683424280694167,0.2994737439150238,0.4955251633616533,0.8235645622568769,-0.552306126832428,0.4959404001576416,0.8259323312231859,-0.552306126832428,0.1810519874600325,0.7707101970357256,-0.552306126832428,0.18063675066404414,0.7683424280694167,-0.552306126832428,0.4955251633616533 0.4193223
3 0.354931513607152,0.14071411575267134,-0.5893237714513468,0.34321960353223835,0.14071411575267134,-1.2687345252808993,-0.3267452519532519,0.14071411575267134,-1.2571854467645955,-0.3150333418783382,0.14071411575267134,-0.5777746929350431,0.354931513607152,-0.050136975302193756,-0.5893237714513468,0.34321960353223835,-0.050136975302193756,-1.2687345252808993,-0.3267452519532519,-0.050136975302193756,-1.2571854467645955,-0.3150333418783382,-0.050136975302193756,-0.5777746929350431 0.0075292867
3 -0.1303051283058964,0.1313839771594577,-1.5497466744295052,-0.1332828315320676,0.1313839771594577,-2.2266540895313875,-0.8408361504378474,0.1313839771594577,-2.2235415755399774,-0.8378584472116763,0.1313839771594577,-1.5466341604380949,-0.1303051283058964,-0.06509182535071902,-1.5497466744295052,-0.1332828315320676,-0.06509182535071902,-2.2266540895313875,-0.8408361504378474,-0.06509182535071902,-2.2235415755399774,-0.8378584472116763,-0.06509182535071902,-1.5466341604380949 0.0038495385
3 1.1261444737625976,0.27105505662673957,0.6308412106260868,1.1259795071953964,0.27105505662673957,0.29017120040322597,0.7215296576308349,0.27105505662673957,0.29036705181745565,0.7216946241980363,0.27105505662673957,0.6310370620403165,1.1261444737625976,-0.7632376392435456,0.6308412106260868,1.1259795071953964,-0.7632376392435456,0.29017120040322597,0.7215296576308349,-0.7632376392435456,0.29036705181745565,0.7216946241980363,-0.7632376392435456,0.6310370620403165 0.43928143
3 0.7642980331684616,0.10018336403316497,0.5169335801127584,0.7694566652435276,0.10018336403316497,0.18944408415665487,0.7127520328258011,0.10018336403316497,0.1885508697506755,0.7075934007507351,0.10018336403316497,0.5160403657067789,0.7642980331684616,-0.711809750675621,0.5169335801127584,0.7694566652435276,-0.711809750675621,0.18944408415665487,0.7127520328258011,-0.711809750675621,0.1885508697506755,0.7075934007507351,-0.711809750675621,0.5160403657067789 0.41848513
3 0.8876169105273338,0.41922991725749015,0.5780312261427488,0.891116128931803,0.41922991725749015,0.23161658464870188,0.8395189861554054,0.41922991725749015,0.23109538938154314,0.8360197677509362,0.41922991725749015,0.57751003087559,0.8876169105273338,-0.491191275447073,0.5780312261427488,0.891116128931803,-0.491191275447073,0.23161658464870188,0.8395189861554054,-0.491191275447073,0.23109538938154314,0.8360197677509362,-0.491191275447073,0.57751003087559 0.45866385
3 0.7007349310742036,0.193896006822052,0.5175672607522837,0.706769625082237,0.193896006822052,0.1906170494940948,0.6498239459170684,0.193896006822052,0.1895659727949271,0.643789251909035,0.193896006822052,0.5165161840531158,0.7007349310742036,-0.5997679345602417,0.5175672607522837,0.706769625082237,-0.5997679345602417,0.1906170494940948,0.6498239459170684,-0.5997679345602417,0.1895659727949271,0.643789251909035,-0.5997679345602417,0.5165161840531158 0.390366
3 0.8560169892621967,0.25375731664842605,0.5230791201985991,0.8608013840894068,0.25375731664842605,0.19315431421143311,0.8090943140672711,0.25375731664842605,0.19240448566306467,0.804309919240061,0.25375731664842605,0.5223292916502307,0.8560169892621967,-0.570547688781681,0.5230791201985991,0.8608013840894068,-0.570547688781681,0.19315431421143311,0.8090943140672711,-0.570547688781681,0.19240448566306467,0.804309919240061,-0.570547688781681,0.5223292916502307 0.45724854
4 -0.15875702779982792,0.27105862603482833,-1.7035829923328705,-0.16725701685028527,0.27105862603482833,-2.334285363791944,-0.8846061857392956,0.27105862603482833,-2.3246176340404205,-0.8761061966888383,0.27105862603482833,-1.693915262581347,-0.15875702779982792,0.07521151795091995,-1.7035829923328705,-0.16725701685028527,0.07521151795091995,-2.334285363791944,-0.8846061857392956,0.07521151795091995,-2.3246176340404205,-0.8761061966888383,0.07521151795091995,-1.693915262581347 0.00095806783
4 -0.2849381650877671,0.20900079497212587,-1.365187061769444,-0.27868243034458257,0.20900079497212587,-2.0337794908944407,-0.9675717865037246,0.20900079497212587,-2.040225135343593,-0.9738275212469092,0.20900079497212587,-1.3716327062185965,-0.2849381650877671,0.007809595381076936,-1.365187061769444,-0.27868243034458257,0.007809595381076936,-2.0337794908944407,-0.9675717865037246,0.007809595381076936,-2.040225135343593,-0.9738275212469092,0.007809595381076936,-1.3716327062185965 0.0011668663
4 -0.44563735682724,0.14360015984701036,-0.07780572795285001,-0.4522499829684076,0.14360015984701036,-0.7140282352215734,-1.1541238908076477,0.14360015984701036,-0.706733256345856,-1.14751126466648,0.14360015984701036,-0.07051074907713267,-0.44563735682724,-0.05506636347698092,-0.07780572795285001,-0.4522499829684076,-0.05506636347698092,-0.7140282352215734,-1.1541238908076477,-0.05506636347698092,-0.706733256345856,-1.14751126466648,-0.05506636347698092,-0.07051074907713267 0.00086732936
4 0.9606317413831283,0.1443211798619652,0.45741724925520666,0.964068031943107,0.1443211798619652,0.16672315598965884,0.5799859630083511,0.1443211798619652,0.16218292755601163,0.5765496724483725,0.1443211798619652,0.45287702082155945,0.9606317413831283,-0.8451654677342797,0.45741724925520666,0.964068031943107,-0.8451654677342797,0.16672315598965884,0.5799859630083511,-0.8451654677342797,0.16218292755601163,0.5765496724483725,-0.8451654677342797,0.45287702082155945 0.02113347
4 0.2660287018854691,0.07097523358086634,-0.40376525441868827,0.2564334946203639,0.07097523358086634,-1.0572257660448883,-0.4171814020712449,0.07097523358086634,-1.047334618170423,-0.40758619480613967,0.07097523358086634,-0.3938741065442231,0.2660287018854691,-0.12421655353526163,-0.40376525441868827,0.2564334946203639,-0.12421655353526163,-1.0572257660448883,-0.4171814020712449,-0.12421655353526163,-1.047334618170423,-0.40758619480613967,-0.12421655353526163,-0.3938741065442231 0.00089091895
4 0.7923772868540317,0.14180995154327392,0.44182686268774124,0.7956635631371368,0.14180995154327392,0.1124973967121484,0.7428316536519497,0.14180995154327392,0.1119702035239592,0.7395453773688446,0.14180995154327392,0.441299669499552,0.7923772868540317,-0.6767987720960998,0.44182686268774124,0.7956635631371368,-0.6767987720960998,0.1124973967121484,0.7428316536519497,-0.6767987720960998,0.1119702035239592,0.7395453773688446,-0.6767987720960998,0.441299669499552 0.025643853
4 0.9004349668866339,0.35852441089862824,0.5939322527197871,0.9038091910032416,0.35852441089862824,0.30029050517962574,0.5418105165118036,0.35852441089862824,0.2961307946892705,0.5384362923951959,0.35852441089862824,0.5897725422294319,0.9004349668866339,-0.5875729014229203,0.5939322527197871,0.9038091910032416,-0.5875729014229203,0.30029050517962574,0.5418105165118036,-0.5875729014229203,0.2961307946892705,0.5384362923951959,-0.5875729014229203,0.5897725422294319 0.02414975
4 0.8235645622568769,0.2994737439150238,0.4959404001576416,0.8259323312231859,0.2994737439150238,0.1810519874600325,0.7707101970357256,0.2994737439150238,0.18063675066404414,0.7683424280694167,0.2994737439150238,0.4955251633616533,0.8235645622568769,-0.552306126832428,0.4959404001576416,0.8259323312231859,-0.552306126832428,0.1810519874600325,0.7707101970357256,-0.552306126832428,0.18063675066404414,0.7683424280694167,-0.552306126832428,0.4955251633616533 0.022917047
4 0.354931513607152,0.14071411575267134,-0.5893237714513468,0.34321960353223835,0.14071411575267134,-1.2687345252808993,-0.3267452519532519,0.14071411575267134,-1.2571854467645955,-0.3150333418783382,0.14071411575267134,-0.5777746929350431,0.354931513607152,-0.050136975302193756,-0.5893237714513468,0.34321960353223835,-0.050136975302193756,-1.2687345252808993,-0.3267452519532519,-0.050136975302193756,-1.2571854467645955,-0.3150333418783382,-0.050136975302193756,-0.5777746929350431 0.0012315923
4 -0.1303051283058964,0.1313839771594577,-1.5497466744295052,-0.1332828315320676,0.1313839771594577,-2.2266540895313875,-0.8408361504378474,0.1313839771594577,-2.2235415755399774,-0.8378584472116763,0.1313839771594577,-1.5466341604380949,-0.1303051283058964,-0.06509182535071902,-1.5497466744295052,-0.1332828315320676,-0.06509182535071902,-2.2266540895313875,-0.8408361504378474,-0.06509182535071902,-2.2235415755399774,-0.8378584472116763,-0.06509182535071902,-1.5466341604380949 0.0009495253
4 1.1261444737625976,0.27105505662673957,0.6308412106260868,1.1259795071953964,0.27105505662673957,0.29017120040322597,0.7215296576308349,0.27105505662673957,0.29036705181745565,0.7216946241980363,0.27105505662673957,0.6310370620403165,1.1261444737625976,-0.7632376392435456,0.6308412106260868,1.1259795071953964,-0.7632376392435456,0.29017120040322597,0.7215296576308349,-0.7632376392435456,0.29036705181745565,0.7216946241980363,-0.7632376392435456,0.6310370620403165 0.016034758
4 0.7642980331684616,0.10018336403316497,0.5169335801127584,0.7694566652435276,0.10018336403316497,0.18944408415665487,0.7127520328258011,0.10018336403316497,0.1885508697506755,0.7075934007507351,0.10018336403316497,0.5160403657067789,0.7642980331684616,-0.711809750675621,0.5169335801127584,0.7694566652435276,-0.711809750675621,0.18944408415665487,0.7127520328258011,-0.711809750675621,0.1885508697506755,0.7075934007507351,-0.711809750675621,0.5160403657067789 0.021892004
4 0.8876169105273338,0.41922991725749015,0.5780312261427488,0.891116128931803,0.41922991725749015,0.23161658464870188,0.8395189861554054,0.41922991725749015,0.23109538938154314,0.8360197677509362,0.41922991725749015,0.57751003087559,0.8876169105273338,-0.491191275447073,0.5780312261427488,0.891116128931803,-0.491191275447073,0.23161658464870188,0.8395189861554054,-0.491191275447073,0.23109538938154314,0.8360197677509362,-0.491191275447073,0.57751003087559 0.019754821
4 0.7007349310742036,0.193896006822052,0.5175672607522837,0.706769625082237,0.193896006822052,0.1906170494940948,0.6498239459170684,0.193896006822052,0.1895659727949271,0.643789251909035,0.193896006822052,0.5165161840531158,0.7007349310742036,-0.5997679345602417,0.5175672607522837,0.706769625082237,-0.5997679345602417,0.1906170494940948,0.6498239459170684,-0.5997679345602417,0.1895659727949271,0.643789251909035,-0.5997679345602417,0.5165161840531158 0.022801246
4 0.8560169892621967,0.25375731664842605,0.5230791201985991,0.8608013840894068,0.25375731664842605,0.19315431421143311,0.8090943140672711,0.25375731664842605,0.19240448566306467,0.804309919240061,0.25375731664842605,0.5223292916502307,0.8560169892621967,-0.570547688781681,0.5230791201985991,0.8608013840894068,-0.570547688781681,0.19315431421143311,0.8090943140672711,-0.570547688781681,0.19240448566306467,0.804309919240061,-0.570547688781681,0.5223292916502307 0.021022266
5 -0.15875702779982792,0.27105862603482833,-1.7035829923328705,-0.16725701685028527,0.27105862603482833,-2.334285363791944,-0.8846061857392956,0.27105862603482833,-2.3246176340404205,-0.8761061966888383,0.27105862603482833,-1.693915262581347,-0.15875702779982792,0.07521151795091995,-1.7035829923328705,-0.16725701685028527,0.07521151795091995,-2.334285363791944,-0.8846061857392956,0.07521151795091995,-2.3246176340404205,-0.8761061966888383,0.07521151795091995,-1.693915262581347 0.032834873
5 -0.2849381650877671,0.20900079497212587,-1.365187061769444,-0.27868243034458257,0.20900079497212587,-2.0337794908944407,-0.9675717865037246,0.20900079497212587,-2.040225135343593,-0.9738275212469092,0.20900079497212587,-1.3716327062185965,-0.2849381650877671,0.007809595381076936,-1.365187061769444,-0.27868243034458257,0.007809595381076936,-2.0337794908944407,-0.9675717865037246,0.007809595381076936,-2.040225135343593,-0.9738275212469092,0.007809595381076936,-1.3716327062185965 0.030235063
5 -0.44563735682724,0.14360015984701036,-0.07780572795285001,-0.4522499829684076,0.14360015984701036,-0.7140282352215734,-1.1541238908076477,0.14360015984701036,-0.706733256345856,-1.14751126466648,0.14360015984701036,-0.07051074907713267,-0.44563735682724,-0.05506636347698092,-0.07780572795285001,-0.4522499829684076,-0.05506636347698092,-0.7140282352215734,-1.1541238908076477,-0.05506636347698092,-0.706733256345856,-1.14751126466648,-0.05506636347698092,-0.07051074907713267 0.022737041
5 0.9606317413831283,0.1443211798619652,0.45741724925520666,0.964068031943107,0.1443211798619652,0.16672315598965884,0.5799859630083511,0.1443211798619652,0.16218292755601163,0.5765496724483725,0.1443211798619652,0.45287702082155945,0.9606317413831283,-0.8451654677342797,0.45741724925520666,0.964068031943107,-0.8451654677342797,0.16672315598965884,0.5799859630083511,-0.8451654677342797,0.16218292755601163,0.5765496724483725,-0.8451654677342797,0.45287702082155945 0.29043803
5 0.2660287018854691,0.07097523358086634,-0.40376525441868827,0.2564334946203639,0.07097523358086634,-1.0572257660448883,-0.4171814020712449,0.07097523358086634,-1.047334618170423,-0.40758619480613967,0.07097523358086634,-0.3938741065442231,0.2660287018854691,-0.12421655353526163,-0.40376525441868827,0.2564334946203639,-0.12421655353526163,-1.0572257660448883,-0.4171814020712449,-0.12421655353526163,-1.047334618170423,-0.40758619480613967,-0.12421655353526163,-0.3938741065442231 0.020985391
5 0.7923772868540317,0.14180995154327392,0.44182686268774124,0.7956635631371368,0.14180995154327392,0.1124973967121484,0.7428316536519497,0.14180995154327392,0.1119702035239592,0.7395453773688446,0.14180995154327392,0.441299669499552,0.7923772868540317,-0.6767987720960998,0.44182686268774124,0.7956635631371368,-0.6767987720960998,0.1124973967121484,0.7428316536519497,-0.6767987720960998,0.1119702035239592,0.7395453773688446,-0.6767987720960998,0.441299669499552 0.2760847
5 0.9004349668866339,0.35852441089862824,0.5939322527197871,0.9038091910032416,0.35852441089862824,0.30029050517962574,0.5418105165118036,0.35852441089862824,0.2961307946892705,0.5384362923951959,0.35852441089862824,0.5897725422294319,0.9004349668866339,-0.5875729014229203,0.5939322527197871,0.9038091910032416,-0.5875729014229203,0.30029050517962574,0.5418105165118036,-0.5875729014229203,0.2961307946892705,0.5384362923951959,-0.5875729014229203,0.5897725422294319 0.32317692
5 0.8235645622568769,0.2994737439150238,0.4959404001576416,0.8259323312231859,0.2994737439150238,0.1810519874600325,0.7707101970357256,0.2994737439150238,0.18063675066404414,0.7683424280694167,0.2994737439150238,0.4955251633616533,0.8235645622568769,-0.552306126832428,0.4959404001576416,0.8259323312231859,-0.552306126832428,0.1810519874600325,0.7707101970357256,-0.552306126832428,0.18063675066404414,0.7683424280694167,-0.552306126832428,0.4955251633616533 0.30233803
5 0.354931513607152,0.14071411575267134,-0.5893237714513468,0.34321960353223835,0.14071411575267134,-1.2687345252808993,-0.3267452519532519,0.14071411575267134,-1.2571854467645955,-0.3150333418783382,0.14071411575267134,-0.5777746929350431,0.354931513607152,-0.050136975302193756,-0.5893237714513468,0.34321960353223835,-0.050136975302193756,-1.2687345252808993,-0.3267452519532519,-0.050136975302193756,-1.2571854467645955,-0.3150333418783382,-0.050136975302193756,-0.5777746929350431 0.022700377
5 -0.1303051283058964,0.1313839771594577,-1.5497466744295052,-0.1332828315320676,0.1313839771594577,-2.2266540895313875,-0.8408361504378474,0.1313839771594577,-2.2235415755399774,-0.8378584472116763,0.1313839771594577,-1.5466341604380949,-0.1303051283058964,-0.06509182535071902,-1.5497466744295052,-0.1332828315320676,-0.06509182535071902,-2.2266540895313875,-0.8408361504378474,-0.06509182535071902,-2.2235415755399774,-0.8378584472116763,-0.06509182535071902,-1.5466341604380949 0.018276209
5 1.1261444737625976,0.27105505662673957,0.6308412106260868,1.1259795071953964,0.27105505662673957,0.29017120040322597,0.7215296576308349,0.27105505662673957,0.29036705181745565,0.7216946241980363,0.27105505662673957,0.6310370620403165,1.1261444737625976,-0.7632376392435456,0.6308412106260868,1.1259795071953964,-0.7632376392435456,0.29017120040322597,0.7215296576308349,-0.7632376392435456,0.29036705181745565,0.7216946241980363,-0.7632376392435456,0.6310370620403165 0.28441975
5 0.7642980331684616,0.10018336403316497,0.5169335801127584,0.7694566652435276,0.10018336403316497,0.18944408415665487,0.7127520328258011,0.10018336403316497,0.1885508697506755,0.7075934007507351,0.10018336403316497,0.5160403657067789,0.7642980331684616,-0.711809750675621,0.5169335801127584,0.7694566652435276,-0.711809750675621,0.18944408415665487,0.7127520328258011,-0.711809750675621,0.1885508697506755,0.7075934007507351,-0.711809750675621,0.5160403657067789 0.29568222
5 0.8876169105273338,0.41922991725749015,0.5780312261427488,0.891116128931803,0.41922991725749015,0.23161658464870188,0.8395189861554054,0.41922991725749015,0.23109538938154314,0.8360197677509362,0.41922991725749015,0.57751003087559,0.8876169105273338,-0.491191275447073,0.5780312261427488,0.891116128931803,-0.491191275447073,0.23161658464870188,0.8395189861554054,-0.491191275447073,0.23109538938154314,0.8360197677509362,-0.491191275447073,0.57751003087559 0.28888887
5 0.7007349310742036,0.193896006822052,0.5175672607522837,0.706769625082237,0.193896006822052,0.1906170494940948,0.6498239459170684,0.193896006822052,0.1895659727949271,0.643789251909035,0.193896006822052,0.5165161840531158,0.7007349310742036,-0.5997679345602417,0.5175672607522837,0.706769625082237,-0.5997679345602417,0.1906170494940948,0.6498239459170684,-0.5997679345602417,0.1895659727949271,0.643789251909035,-0.5997679345602417,0.5165161840531158 0.31733662
5 0.8560169892621967,0.25375731664842605,0.5230791201985991,0.8608013840894068,0.25375731664842605,0.19315431421143311,0.8090943140672711,0.25375731664842605,0.19240448566306467,0.804309919240061,0.25375731664842605,0.5223292916502307,0.8560169892621967,-0.570547688781681,0.5230791201985991,0.8608013840894068,-0.570547688781681,0.19315431421143311,0.8090943140672711,-0.570547688781681,0.19240448566306467,0.804309919240061,-0.570547688781681,0.5223292916502307 0.28361624
6 -0.15875702779982792,0.27105862603482833,-1.7035829923328705,-0.16725701685028527,0.27105862603482833,-2.334285363791944,-0.8846061857392956,0.27105862603482833,-2.3246176340404205,-0.8761061966888383,0.27105862603482833,-1.693915262581347,-0.15875702779982792,0.07521151795091995,-1.7035829923328705,-0.16725701685028527,0.07521151795091995,-2.334285363791944,-0.8846061857392956,0.07521151795091995,-2.3246176340404205,-0.8761061966888383,0.07521151795091995,-1.693915262581347 0.0040636263
6 -0.2849381650877671,0.20900079497212587,-1.365187061769444,-0.27868243034458257,0.20900079497212587,-2.0337794908944407,-0.9675717865037246,0.20900079497212587,-2.040225135343593,-0.9738275212469092,0.20900079497212587,-1.3716327062185965,-0.2849381650877671,0.007809595381076936,-1.365187061769444,-0.27868243034458257,0.007809595381076936,-2.0337794908944407,-0.9675717865037246,0.007809595381076936,-2.040225135343593,-0.9738275212469092,0.007809595381076936,-1.3716327062185965 0.0056851925
6 -0.44563735682724,0.14360015984701036,-0.07780572795285001,-0.4522499829684076,0.14360015984701036,-0.7140282352215734,-1.1541238908076477,0.14360015984701036,-0.706733256345856,-1.14751126466648,0.14360015984701036,-0.07051074907713267,-0.44563735682724,-0.05506636347698092,-0.07780572795285001,-0.4522499829684076,-0.05506636347698092,-0.7140282352215734,-1.1541238908076477,-0.05506636347698092,-0.706733256345856,-1.14751126466648,-0.05506636347698092,-0.07051074907713267 0.0039566094
6 0.9606317413831283,0.1443211798619652,0.45741724925520666,0.964068031943107,0.1443211798619652,0.16672315598965884,0.5799859630083511,0.1443211798619652,0.16218292755601163,0.5765496724483725,0.1443211798619652,0.45287702082155945,0.9606317413831283,-0.8451654677342797,0.45741724925520666,0.964068031943107,-0.8451654677342797,0.16672315598965884,0.5799859630083511,-0.8451654677342797,0.16218292755601163,0.5765496724483725,-0.8451654677342797,0.45287702082155945 0.024031807
6 0.2660287018854691,0.07097523358086634,-0.40376525441868827,0.2564334946203639,0.07097523358086634,-1.0572257660448883,-0.4171814020712449,0.07097523358086634,-1.047334618170423,-0.40758619480613967,0.07097523358086634,-0.3938741065442231,0.2660287018854691,-0.12421655353526163,-0.40376525441868827,0.2564334946203639,-0.12421655353526163,-1.0572257660448883,-0.4171814020712449,-0.12421655353526163,-1.047334618170423,-0.40758619480613967,-0.12421655353526163,-0.3938741065442231 0.004314535
6 0.7923772868540317,0.14180995154327392,0.44182686268774124,0.7956635631371368,0.14180995154327392,0.1124973967121484,0.7428316536519497,0.14180995154327392,0.1119702035239592,0.7395453773688446,0.14180995154327392,0.441299669499552,0.7923772868540317,-0.6767987720960998,0.44182686268774124,0.7956635631371368,-0.6767987720960998,0.1124973967121484,0.7428316536519497,-0.6767987720960998,0.1119702035239592,0.7395453773688446,-0.6767987720960998,0.441299669499552 0.026565185
6 0.9004349668866339,0.35852441089862824,0.5939322527197871,0.9038091910032416,0.35852441089862824,0.30029050517962574,0.5418105165118036,0.35852441089862824,0.2961307946892705,0.5384362923951959,0.35852441089862824,0.5897725422294319,0.9004349668866339,-0.5875729014229203,0.5939322527197871,0.9038091910032416,-0.5875729014229203,0.30029050517962574,0.5418105165118036,-0.5875729014229203,0.2961307946892705,0.5384362923951959,-0.5875729014229203,0.5897725422294319 0.025692482
6 0.8235645622568769,0.2994737439150238,0.4959404001576416,0.8259323312231859,0.2994737439150238,0.1810519874600325,0.7707101970357256,0.2994737439150238,0.18063675066404414,0.7683424280694167,0.2994737439150238,0.4955251633616533,0.8235645622568769,-0.552306126832428,0.4959404001576416,0.8259323312231859,-0.552306126832428,0.1810519874600325,0.7707101970357256,-0.552306126832428,0.18063675066404414,0.7683424280694167,-0.552306126832428,0.4955251633616533 0.02565216
6 0.354931513607152,0.14071411575267134,-0.5893237714513468,0.34321960353223835,0.14071411575267134,-1.2687345252808993,-0.3267452519532519,0.14071411575267134,-1.2571854467645955,-0.3150333418783382,0.14071411575267134,-0.5777746929350431,0.354931513607152,-0.050136975302193756,-0.5893237714513468,0.34321960353223835,-0.050136975302193756,-1.2687345252808993,-0.3267452519532519,-0.050136975302193756,-1.2571854467645955,-0.3150333418783382,-0.050136975302193756,-0.5777746929350431 0.0055802898
6 -0.1303051283058964,0.1313839771594577,-1.5497466744295052,-0.1332828315320676,0.1313839771594577,-2.2266540895313875,-0.8408361504378474,0.1313839771594577,-2.2235415755399774,-0.8378584472116763,0.1313839771594577,-1.5466341604380949,-0.1303051283058964,-0.06509182535071902,-1.5497466744295052,-0.1332828315320676,-0.06509182535071902,-2.2266540895313875,-0.8408361504378474,-0.06509182535071902,-2.2235415755399774,-0.8378584472116763,-0.06509182535071902,-1.5466341604380949 0.005101907
6 1.1261444737625976,0.27105505662673957,0.6308412106260868,1.1259795071953964,0.27105505662673957,0.29017120040322597,0.7215296576308349,0.27105505662673957,0.29036705181745565,0.7216946241980363,0.27105505662673957,0.6310370620403165,1.1261444737625976,-0.7632376392435456,0.6308412106260868,1.1259795071953964,-0.7632376392435456,0.29017120040322597,0.7215296576308349,-0.7632376392435456,0.29036705181745565,0.7216946241980363,-0.7632376392435456,0.6310370620403165 0.018636502
6 0.7642980331684616,0.10018336403316497,0.5169335801127584,0.7694566652435276,0.10018336403316497,0.18944408415665487,0.7127520328258011,0.10018336403316497,0.1885508697506755,0.7075934007507351,0.10018336403316497,0.5160403657067789,0.7642980331684616,-0.711809750675621,0.5169335801127584,0.7694566652435276,-0.711809750675621,0.18944408415665487,0.7127520328258011,-0.711809750675621,0.1885508697506755,0.7075934007507351,-0.711809750675621,0.5160403657067789 0.024623534
6 0.8876169105273338,0.41922991725749015,0.5780312261427488,0.891116128931803,0.41922991725749015,0.23161658464870188,0.8395189861554054,0.41922991725749015,0.23109538938154314,0.8360197677509362,0.41922991725749015,0.57751003087559,0.8876169105273338,-0.491191275447073,0.5780312261427488,0.891116128931803,-0.491191275447073,0.23161658464870188,0.8395189861554054,-0.491191275447073,0.23109538938154314,0.8360197677509362,-0.491191275447073,0.57751003087559 0.020953935
6 0.7007349310742036,0.193896006822052,0.5175672607522837,0.706769625082237,0.193896006822052,0.1906170494940948,0.6498239459170684,0.193896006822052,0.1895659727949271,0.643789251909035,0.193896006822052,0.5165161840531158,0.7007349310742036,-0.5997679345602417,0.5175672607522837,0.706769625082237,-0.5997679345602417,0.1906170494940948,0.6498239459170684,-0.5997679345602417,0.1895659727949271,0.643789251909035,-0.5997679345602417,0.5165161840531158 0.027423408
6 0.8560169892621967,0.25375731664842605,0.5230791201985991,0.8608013840894068,0.25375731664842605,0.19315431421143311,0.8090943140672711,0.25375731664842605,0.19240448566306467,0.804309919240061,0.25375731664842605,0.5223292916502307,0.8560169892621967,-0.570547688781681,0.5230791201985991,0.8608013840894068,-0.570547688781681,0.19315431421143311,0.8090943140672711,-0.570547688781681,0.19240448566306467,0.804309919240061,-0.570547688781681,0.5223292916502307 0.023307053
7 -0.15875702779982792,0.27105862603482833,-1.7035829923328705,-0.16725701685028527,0.27105862603482833,-2.334285363791944,-0.8846061857392956,0.27105862603482833,-2.3246176340404205,-0.8761061966888383,0.27105862603482833,-1.693915262581347,-0.15875702779982792,0.07521151795091995,-1.7035829923328705,-0.16725701685028527,0.07521151795091995,-2.334285363791944,-0.8846061857392956,0.07521151795091995,-2.3246176340404205,-0.8761061966888383,0.07521151795091995,-1.693915262581347 0.00042929858
7 -0.2849381650877671,0.20900079497212587,-1.365187061769444,-0.27868243034458257,0.20900079497212587,-2.0337794908944407,-0.9675717865037246,0.20900079497212587,-2.040225135343593,-0.9738275212469092,0.20900079497212587,-1.3716327062185965,-0.2849381650877671,0.007809595381076936,-1.365187061769444,-0.27868243034458257,0.007809595381076936,-2.0337794908944407,-0.9675717865037246,0.007809595381076936,-2.040225135343593,-0.9738275212469092,0.007809595381076936,-1.3716327062185965 0.00056306116
7 -0.44563735682724,0.14360015984701036,-0.07780572795285001,-0.4522499829684076,0.14360015984701036,-0.7140282352215734,-1.1541238908076477,0.14360015984701036,-0.706733256345856,-1.14751126466648,0.14360015984701036,-0.07051074907713267,-0.44563735682724,-0.05506636347698092,-0.07780572795285001,-0.4522499829684076,-0.05506636347698092,-0.7140282352215734,-1.1541238908076477,-0.05506636347698092,-0.706733256345856,-1.14751126466648,-0.05506636347698092,-0.07051074907713267 0.00040614075
7 0.9606317413831283,0.1443211798619652,0.45741724925520666,0.964068031943107,0.1443211798619652,0.16672315598965884,0.5799859630083511,0.1443211798619652,0.16218292755601163,0.5765496724483725,0.1443211798619652,0.45287702082155945,0.9606317413831283,-0.8451654677342797,0.45741724925520666,0.964068031943107,-0.8451654677342797,0.16672315598965884,0.5799859630083511,-0.8451654677342797,0.16218292755601163,0.5765496724483725,-0.8451654677342797,0.45287702082155945 0.008555578
7 0.2660287018854691,0.07097523358086634,-0.40376525441868827,0.2564334946203639,0.07097523358086634,-1.0572257660448883,-0.4171814020712449,0.07097523358086634,-1.047334618170423,-0.40758619480613967,0.07097523358086634,-0.3938741065442231,0.2660287018854691,-0.12421655353526163,-0.40376525441868827,0.2564334946203639,-0.12421655353526163,-1.0572257660448883,-0.4171814020712449,-0.12421655353526163,-1.047334618170423,-0.40758619480613967,-0.12421655353526163,-0.3938741065442231 0.00038556397
7 0.7923772868540317,0.14180995154327392,0.44182686268774124,0.7956635631371368,0.14180995154327392,0.1124973967121484,0.7428316536519497,0.14180995154327392,0.1119702035239592,0.7395453773688446,0.14180995154327392,0.441299669499552,0.7923772868540317,-0.6767987720960998,0.44182686268774124,0.7956635631371368,-0.6767987720960998,0.1124973967121484,0.7428316536519497,-0.6767987720960998,0.1119702035239592,0.7395453773688446,-0.6767987720960998,0.441299669499552 0.010803688
7 0.9004349668866339,0.35852441089862824,0.5939322527197871,0.9038091910032416,0.35852441089862824,0.30029050517962574,0.5418105165118036,0.35852441089862824,0.2961307946892705,0.5384362923951959,0.35852441089862824,0.5897725422294319,0.9004349668866339,-0.5875729014229203,0.5939322527197871,0.9038091910032416,-0.5875729014229203,0.30029050517962574,0.5418105165118036,-0.5875729014229203,0.2961307946892705,0.5384362923951959,-0.5875729014229203,0.5897725422294319 0.009012015
7 0.8235645622568769,0.2994737439150238,0.4959404001576416,0.8259323312231859,0.2994737439150238,0.1810519874600325,0.7707101970357256,0.2994737439150238,0.18063675066404414,0.7683424280694167,0.2994737439150238,0.4955251633616533,0.8235645622568769,-0.552306126832428,0.4959404001576416,0.8259323312231859,-0.552306126832428,0.1810519874600325,0.7707101970357256,-0.552306126832428,0.18063675066404414,0.7683424280694167,-0.552306126832428,0.4955251633616533 0.010134244
7 0.354931513607152,0.14071411575267134,-0.5893237714513468,0.34321960353223835,0.14071411575267134,-1.2687345252808993,-0.3267452519532519,0.14071411575267134,-1.2571854467645955,-0.3150333418783382,0.14071411575267134,-0.5777746929350431,0.354931513607152,-0.050136975302193756,-0.5893237714513468,0.34321960353223835,-0.050136975302193756,-1.2687345252808993,-0.3267452519532519,-0.050136975302193756,-1.2571854467645955,-0.3150333418783382,-0.050136975302193756,-0.5777746929350431 0.0005901681
7 -0.1303051283058964,0.1313839771594577,-1.5497466744295052,-0.1332828315320676,0.1313839771594577,-2.2266540895313875,-0.8408361504378474,0.1313839771594577,-2.2235415755399774,-0.8378584472116763,0.1313839771594577,-1.5466341604380949,-0.1303051283058964,-0.06509182535071902,-1.5497466744295052,-0.1332828315320676,-0.06509182535071902,-2.2266540895313875,-0.8408361504378474,-0.06509182535071902,-2.2235415755399774,-0.8378584472116763,-0.06509182535071902,-1.5466341604380949 0.00043967762
7 1.1261444737625976,0.27105505662673957,0.6308412106260868,1.1259795071953964,0.27105505662673957,0.29017120040322597,0.7215296576308349,0.27105505662673957,0.29036705181745565,0.7216946241980363,0.27105505662673957,0.6310370620403165,1.1261444737625976,-0.7632376392435456,0.6308412106260868,1.1259795071953964,-0.7632376392435456,0.29017120040322597,0.7215296576308349,-0.7632376392435456,0.29036705181745565,0.7216946241980363,-0.7632376392435456,0.6310370620403165 0.006360166
7 0.7642980331684616,0.10018336403316497,0.5169335801127584,0.7694566652435276,0.10018336403316497,0.18944408415665487,0.7127520328258011,0.10018336403316497,0.1885508697506755,0.7075934007507351,0.10018336403316497,0.5160403657067789,0.7642980331684616,-0.711809750675621,0.5169335801127584,0.7694566652435276,-0.711809750675621,0.18944408415665487,0.7127520328258011,-0.711809750675621,0.1885508697506755,0.7075934007507351,-0.711809750675621,0.5160403657067789 0.008714171
7 0.8876169105273338,0.41922991725749015,0.5780312261427488,0.891116128931803,0.41922991725749015,0.23161658464870188,0.8395189861554054,0.41922991725749015,0.23109538938154314,0.8360197677509362,0.41922991725749015,0.57751003087559,0.8876169105273338,-0.491191275447073,0.5780312261427488,0.891116128931803,-0.491191275447073,0.23161658464870188,0.8395189861554054,-0.491191275447073,0.23109538938154314,0.8360197677509362,-0.491191275447073,0.57751003087559 0.008011103
7 0.7007349310742036,0.193896006822052,0.5175672607522837,0.706769625082237,0.193896006822052,0.1906170494940948,0.6498239459170684,0.193896006822052,0.1895659727949271,0.643789251909035,0.193896006822052,0.5165161840531158,0.7007349310742036,-0.5997679345602417,0.5175672607522837,0.706769625082237,-0.5997679345602417,0.1906170494940948,0.6498239459170684,-0.5997679345602417,0.1895659727949271,0.643789251909035,-0.5997679345602417,0.5165161840531158 0.009165163
7 0.8560169892621967,0.25375731664842605,0.5230791201985991,0.8608013840894068,0.25375731664842605,0.19315431421143311,0.8090943140672711,0.25375731664842605,0.19240448566306467,0.804309919240061,0.25375731664842605,0.5223292916502307,0.8560169892621967,-0.570547688781681,0.5230791201985991,0.8608013840894068,-0.570547688781681,0.19315431421143311,0.8090943140672711,-0.570547688781681,0.19240448566306467,0.804309919240061,-0.570547688781681,0.5223292916502307 0.008883114
8 -0.15875702779982792,0.27105862603482833,-1.7035829923328705,-0.16725701685028527,0.27105862603482833,-2.334285363791944,-0.8846061857392956,0.27105862603482833,-2.3246176340404205,-0.8761061966888383,0.27105862603482833,-1.693915262581347,-0.15875702779982792,0.07521151795091995,-1.7035829923328705,-0.16725701685028527,0.07521151795091995,-2.334285363791944,-0.8846061857392956,0.07521151795091995,-2.3246176340404205,-0.8761061966888383,0.07521151795091995,-1.693915262581347 0.00041702462
8 -0.2849381650877671,0.20900079497212587,-1.365187061769444,-0.27868243034458257,0.20900079497212587,-2.0337794908944407,-0.9675717865037246,0.20900079497212587,-2.040225135343593,-0.9738275212469092,0.20900079497212587,-1.3716327062185965,-0.2849381650877671,0.007809595381076936,-1.365187061769444,-0.27868243034458257,0.007809595381076936,-2.0337794908944407,-0.9675717865037246,0.007809595381076936,-2.040225135343593,-0.9738275212469092,0.007809595381076936,-1.3716327062185965 0.0006828873
8 -0.44563735682724,0.14360015984701036,-0.07780572795285001,-0.4522499829684076,0.14360015984701036,-0.7140282352215734,-1.1541238908076477,0.14360015984701036,-0.706733256345856,-1.14751126466648,0.14360015984701036,-0.07051074907713267,-0.44563735682724,-0.05506636347698092,-0.07780572795285001,-0.4522499829684076,-0.05506636347698092,-0.7140282352215734,-1.1541238908076477,-0.05506636347698092,-0.706733256345856,-1.14751126466648,-0.05506636347698092,-0.07051074907713267 0.00056909875
8 0.9606317413831283,0.1443211798619652,0.45741724925520666,0.964068031943107,0.1443211798619652,0.16672315598965884,0.5799859630083511,0.1443211798619652,0.16218292755601163,0.5765496724483725,0.1443211798619652,0.45287702082155945,0.9606317413831283,-0.8451654677342797,0.45741724925520666,0.964068031943107,-0.8451654677342797,0.16672315598965884,0.5799859630083511,-0.8451654677342797,0.16218292755601163,0.5765496724483725,-0.8451654677342797,0.45287702082155945 0.008969854
8 0.2660287018854691,0.07097523358086634,-0.40376525441868827,0.2564334946203639,0.07097523358086634,-1.0572257660448883,-0.4171814020712449,0.07097523358086634,-1.047334618170423,-0.40758619480613967,0.07097523358086634,-0.3938741065442231,0.2660287018854691,-0.12421655353526163,-0.40376525441868827,0.2564334946203639,-0.12421655353526163,-1.0572257660448883,-0.4171814020712449,-0.12421655353526163,-1.047334618170423,-0.40758619480613967,-0.12421655353526163,-0.3938741065442231 0.0004052233
8 0.7923772868540317,0.14180995154327392,0.44182686268774124,0.7956635631371368,0.14180995154327392,0.1124973967121484,0.7428316536519497,0.14180995154327392,0.1119702035239592,0.7395453773688446,0.14180995154327392,0.441299669499552,0.7923772868540317,-0.6767987720960998,0.44182686268774124,0.7956635631371368,-0.6767987720960998,0.1124973967121484,0.7428316536519497,-0.6767987720960998,0.1119702035239592,0.7395453773688446,-0.6767987720960998,0.441299669499552 0.01038074
8 0.9004349668866339,0.35852441089862824,0.5939322527197871,0.9038091910032416,0.35852441089862824,0.30029050517962574,0.5418105165118036,0.35852441089862824,0.2961307946892705,0.5384362923951959,0.35852441089862824,0.5897725422294319,0.9004349668866339,-0.5875729014229203,0.5939322527197871,0.9038091910032416,-0.5875729014229203,0.30029050517962574,0.5418105165118036,-0.5875729014229203,0.2961307946892705,0.5384362923951959,-0.5875729014229203,0.5897725422294319 0.008819145
8 0.8235645622568769,0.2994737439150238,0.4959404001576416,0.8259323312231859,0.2994737439150238,0.1810519874600325,0.7707101970357256,0.2994737439150238,0.18063675066404414,0.7683424280694167,0.2994737439150238,0.4955251633616533,0.8235645622568769,-0.552306126832428,0.4959404001576416,0.8259323312231859,-0.552306126832428,0.1810519874600325,0.7707101970357256,-0.552306126832428,0.18063675066404414,0.7683424280694167,-0.552306126832428,0.4955251633616533 0.009755065
8 0.354931513607152,0.14071411575267134,-0.5893237714513468,0.34321960353223835,0.14071411575267134,-1.2687345252808993,-0.3267452519532519,0.14071411575267134,-1.2571854467645955,-0.3150333418783382,0.14071411575267134,-0.5777746929350431,0.354931513607152,-0.050136975302193756,-0.5893237714513468,0.34321960353223835,-0.050136975302193756,-1.2687345252808993,-0.3267452519532519,-0.050136975302193756,-1.2571854467645955,-0.3150333418783382,-0.050136975302193756,-0.5777746929350431 0.00077748107
8 -0.1303051283058964,0.1313839771594577,-1.5497466744295052,-0.1332828315320676,0.1313839771594577,-2.2266540895313875,-0.8408361504378474,0.1313839771594577,-2.2235415755399774,-0.8378584472116763,0.1313839771594577,-1.5466341604380949,-0.1303051283058964,-0.06509182535071902,-1.5497466744295052,-0.1332828315320676,-0.06509182535071902,-2.2266540895313875,-0.8408361504378474,-0.06509182535071902,-2.2235415755399774,-0.8378584472116763,-0.06509182535071902,-1.5466341604380949 0.0008325032
8 1.1261444737625976,0.27105505662673957,0.6308412106260868,1.1259795071953964,0.27105505662673957,0.29017120040322597,0.7215296576308349,0.27105505662673957,0.29036705181745565,0.7216946241980363,0.27105505662673957,0.6310370620403165,1.1261444737625976,-0.7632376392435456,0.6308412106260868,1.1259795071953964,-0.7632376392435456,0.29017120040322597,0.7215296576308349,-0.7632376392435456,0.29036705181745565,0.7216946241980363,-0.7632376392435456,0.6310370620403165 0.006837561
8 0.7642980331684616,0.10018336403316497,0.5169335801127584,0.7694566652435276,0.10018336403316497,0.18944408415665487,0.7127520328258011,0.10018336403316497,0.1885508697506755,0.7075934007507351,0.10018336403316497,0.5160403657067789,0.7642980331684616,-0.711809750675621,0.5169335801127584,0.7694566652435276,-0.711809750675621,0.18944408415665487,0.7127520328258011,-0.711809750675621,0.1885508697506755,0.7075934007507351,-0.711809750675621,0.5160403657067789 0.009267262
8 0.8876169105273338,0.41922991725749015,0.5780312261427488,0.891116128931803,0.41922991725749015,0.23161658464870188,0.8395189861554054,0.41922991725749015,0.23109538938154314,0.8360197677509362,0.41922991725749015,0.57751003087559,0.8876169105273338,-0.491191275447073,0.5780312261427488,0.891116128931803,-0.491191275447073,0.23161658464870188,0.8395189861554054,-0.491191275447073,0.23109538938154314,0.8360197677509362,-0.491191275447073,0.57751003087559 0.0075087403
8 0.7007349310742036,0.193896006822052,0.5175672607522837,0.706769625082237,0.193896006822052,0.1906170494940948,0.6498239459170684,0.193896006822052,0.1895659727949271,0.643789251909035,0.193896006822052,0.5165161840531158,0.7007349310742036,-0.5997679345602417,0.5175672607522837,0.706769625082237,-0.5997679345602417,0.1906170494940948,0.6498239459170684,-0.5997679345602417,0.1895659727949271,0.643789251909035,-0.5997679345602417,0.5165161840531158 0.009336383
8 0.8560169892621967,0.25375731664842605,0.5230791201985991,0.8608013840894068,0.25375731664842605,0.19315431421143311,0.8090943140672711,0.25375731664842605,0.19240448566306467,0.804309919240061,0.25375731664842605,0.5223292916502307,0.8560169892621967,-0.570547688781681,0.5230791201985991,0.8608013840894068,-0.570547688781681,0.19315431421143311,0.8090943140672711,-0.570547688781681,0.19240448566306467,0.804309919240061,-0.570547688781681,0.5223292916502307 0.009289656
9 -0.15875702779982792,0.27105862603482833,-1.7035829923328705,-0.16725701685028527,0.27105862603482833,-2.334285363791944,-0.8846061857392956,0.27105862603482833,-2.3246176340404205,-0.8761061966888383,0.27105862603482833,-1.693915262581347,-0.15875702779982792,0.07521151795091995,-1.7035829923328705,-0.16725701685028527,0.07521151795091995,-2.334285363791944,-0.8846061857392956,0.07521151795091995,-2.3246176340404205,-0.8761061966888383,0.07521151795091995,-1.693915262581347 0.0054183076
9 -0.2849381650877671,0.20900079497212587,-1.365187061769444,-0.27868243034458257,0.20900079497212587,-2.0337794908944407,-0.9675717865037246,0.20900079497212587,-2.040225135343593,-0.9738275212469092,0.20900079497212587,-1.3716327062185965,-0.2849381650877671,0.007809595381076936,-1.365187061769444,-0.27868243034458257,0.007809595381076936,-2.0337794908944407,-0.9675717865037246,0.007809595381076936,-2.040225135343593,-0.9738275212469092,0.007809595381076936,-1.3716327062185965 0.010309359
9 -0.44563735682724,0.14360015984701036,-0.07780572795285001,-0.4522499829684076,0.14360015984701036,-0.7140282352215734,-1.1541238908076477,0.14360015984701036,-0.706733256345856,-1.14751126466648,0.14360015984701036,-0.07051074907713267,-0.44563735682724,-0.05506636347698092,-0.07780572795285001,-0.4522499829684076,-0.05506636347698092,-0.7140282352215734,-1.1541238908076477,-0.05506636347698092,-0.706733256345856,-1.14751126466648,-0.05506636347698092,-0.07051074907713267 0.007584287
9 0.9606317413831283,0.1443211798619652,0.45741724925520666,0.964068031943107,0.1443211798619652,0.16672315598965884,0.5799859630083511,0.1443211798619652,0.16218292755601163,0.5765496724483725,0.1443211798619652,0.45287702082155945,0.9606317413831283,-0.8451654677342797,0.45741724925520666,0.964068031943107,-0.8451654677342797,0.16672315598965884,0.5799859630083511,-0.8451654677342797,0.16218292755601163,0.5765496724483725,-0.8451654677342797,0.45287702082155945 0.008865989
9 0.2660287018854691,0.07097523358086634,-0.40376525441868827,0.2564334946203639,0.07097523358086634,-1.0572257660448883,-0.4171814020712449,0.07097523358086634,-1.047334618170423,-0.40758619480613967,0.07097523358086634,-0.3938741065442231,0.2660287018854691,-0.12421655353526163,-0.40376525441868827,0.2564334946203639,-0.12421655353526163,-1.0572257660448883,-0.4171814020712449,-0.12421655353526163,-1.047334618170423,-0.40758619480613967,-0.12421655353526163,-0.3938741065442231 0.004971311
9 0.7923772868540317,0.14180995154327392,0.44182686268774124,0.7956635631371368,0.14180995154327392,0.1124973967121484,0.7428316536519497,0.14180995154327392,0.1119702035239592,0.7395453773688446,0.14180995154327392,0.441299669499552,0.7923772868540317,-0.6767987720960998,0.44182686268774124,0.7956635631371368,-0.6767987720960998,0.1124973967121484,0.7428316536519497,-0.6767987720960998,0.1119702035239592,0.7395453773688446,-0.6767987720960998,0.441299669499552 0.009592233
9 0.9004349668866339,0.35852441089862824,0.5939322527197871,0.9038091910032416,0.35852441089862824,0.30029050517962574,0.5418105165118036,0.35852441089862824,0.2961307946892705,0.5384362923951959,0.35852441089862824,0.5897725422294319,0.9004349668866339,-0.5875729014229203,0.5939322527197871,0.9038091910032416,-0.5875729014229203,0.30029050517962574,0.5418105165118036,-0.5875729014229203,0.2961307946892705,0.5384362923951959,-0.5875729014229203,0.5897725422294319 0.011023661
9 0.8235645622568769,0.2994737439150238,0.4959404001576416,0.8259323312231859,0.2994737439150238,0.1810519874600325,0.7707101970357256,0.2994737439150238,0.18063675066404414,0.7683424280694167,0.2994737439150238,0.4955251633616533,0.8235645622568769,-0.552306126832428,0.4959404001576416,0.8259323312231859,-0.552306126832428,0.1810519874600325,0.7707101970357256,-0.552306126832428,0.18063675066404414,0.7683424280694167,-0.552306126832428,0.4955251633616533 0.010603632
9 0.354931513607152,0.14071411575267134,-0.5893237714513468,0.34321960353223835,0.14071411575267134,-1.2687345252808993,-0.3267452519532519,0.14071411575267134,-1.2571854467645955,-0.3150333418783382,0.14071411575267134,-0.5777746929350431,0.354931513607152,-0.050136975302193756,-0.5893237714513468,0.34321960353223835,-0.050136975302193756,-1.2687345252808993,-0.3267452519532519,-0.050136975302193756,-1.2571854467645955,-0.3150333418783382,-0.050136975302193756,-0.5777746929350431 0.010252255
9 -0.1303051283058964,0.1313839771594577,-1.5497466744295052,-0.1332828315320676,0.1313839771594577,-2.2266540895313875,-0.8408361504378474,0.1313839771594577,-2.2235415755399774,-0.8378584472116763,0.1313839771594577,-1.5466341604380949,-0.1303051283058964,-0.06509182535071902,-1.5497466744295052,-0.1332828315320676,-0.06509182535071902,-2.2266540895313875,-0.8408361504378474,-0.06509182535071902,-2.2235415755399774,-0.8378584472116763,-0.06509182535071902,-1.5466341604380949 0.015379639
9 1.1261444737625976,0.27105505662673957,0.6308412106260868,1.1259795071953964,0.27105505662673957,0.29017120040322597,0.7215296576308349,0.27105505662673957,0.29036705181745565,0.7216946241980363,0.27105505662673957,0.6310370620403165,1.1261444737625976,-0.7632376392435456,0.6308412106260868,1.1259795071953964,-0.7632376392435456,0.29017120040322597,0.7215296576308349,-0.7632376392435456,0.29036705181745565,0.7216946241980363,-0.7632376392435456,0.6310370620403165 0.0070072557
9 0.7642980331684616,0.10018336403316497,0.5169335801127584,0.7694566652435276,0.10018336403316497,0.18944408415665487,0.7127520328258011,0.10018336403316497,0.1885508697506755,0.7075934007507351,0.10018336403316497,0.5160403657067789,0.7642980331684616,-0.711809750675621,0.5169335801127584,0.7694566652435276,-0.711809750675621,0.18944408415665487,0.7127520328258011,-0.711809750675621,0.1885508697506755,0.7075934007507351,-0.711809750675621,0.5160403657067789 0.009518905
9 0.8876169105273338,0.41922991725749015,0.5780312261427488,0.891116128931803,0.41922991725749015,0.23161658464870188,0.8395189861554054,0.41922991725749015,0.23109538938154314,0.8360197677509362,0.41922991725749015,0.57751003087559,0.8876169105273338,-0.491191275447073,0.5780312261427488,0.891116128931803,-0.491191275447073,0.23161658464870188,0.8395189861554054,-0.491191275447073,0.23109538938154314,0.8360197677509362,-0.491191275447073,0.57751003087559 0.0075735888
9 0.7007349310742036,0.193896006822052,0.5175672607522837,0.706769625082237,0.193896006822052,0.1906170494940948,0.6498239459170684,0.193896006822052,0.1895659727949271,0.643789251909035,0.193896006822052,0.5165161840531158,0.7007349310742036,-0.5997679345602417,0.5175672607522837,0.706769625082237,-0.5997679345602417,0.1906170494940948,0.6498239459170684,-0.5997679345602417,0.1895659727949271,0.643789251909035,-0.5997679345602417,0.5165161840531158 0.011929125
9 0.8560169892621967,0.25375731664842605,0.5230791201985991,0.8608013840894068,0.25375731664842605,0.19315431421143311,0.8090943140672711,0.25375731664842605,0.19240448566306467,0.804309919240061,0.25375731664842605,0.5223292916502307,0.8560169892621967,-0.570547688781681,0.5230791201985991,0.8608013840894068,-0.570547688781681,0.19315431421143311,0.8090943140672711,-0.570547688781681,0.19240448566306467,0.804309919240061,-0.570547688781681,0.5223292916502307 0.008730637
