0 0.24445088397270004,-0.15436907672205924,0.761064042505339,0.2540961719337435,-0.15436907672205924,0.36227927312177377,-0.7122849393964366,-0.15436907672205924,0.3389057021769731,-0.7219302273574801,-0.15436907672205924,0.7376904715605382,0.24445088397270004,-0.3937510047026539,0.761064042505339,0.2540961719337435,-0.3937510047026539,0.36227927312177377,-0.7122849393964366,-0.3937510047026539,0.3389057021769731,-0.7219302273574801,-0.3937510047026539,0.7376904715605382 0.046116386
0 -1.0185417773292884,0.00907643155745505,1.9828229202156205,-1.0346084880836888,0.00907643155745505,1.1145260988958274,-1.5333912728263512,0.00907643155745505,1.1237554298515182,-1.5173245620719509,0.00907643155745505,1.9920522511713112,-1.0185417773292884,-0.27699808792761804,1.9828229202156205,-1.0346084880836888,-0.27699808792761804,1.1145260988958274,-1.5333912728263512,-0.27699808792761804,1.1237554298515182,-1.5173245620719509,-0.27699808792761804,1.9920522511713112 0.019897634
0 0.04565615284976171,-0.27941558866210936,1.1893214280400455,0.04668937872500606,-0.27941558866210936,0.5016324459615076,-0.4878577672296445,-0.27941558866210936,0.5008293097224057,-0.48889099310488887,-0.27941558866210936,1.1885182918009436,0.04565615284976171,-0.6435912439375305,1.1893214280400455,0.04668937872500606,-0.6435912439375305,0.5016324459615076,-0.4878577672296445,-0.6435912439375305,0.5008293097224057,-0.48889099310488887,-0.6435912439375305,1.1885182918009436 0.008800192
0 -0.2727586267867368,-0.09673208726950647,-0.6587627742932002,-0.2757777546283936,-0.09673208726950647,-1.5238405963129118,-0.7655286552033145,-0.09673208726950647,-1.522131362135633,-0.7625095273616577,-0.09673208726950647,-0.6570535401159211,-0.2727586267867368,-0.35621108876160623,-0.6587627742932002,-0.2757777546283936,-0.35621108876160623,-1.5238405963129118,-0.7655286552033145,-0.35621108876160623,-1.522131362135633,-0.7625095273616577,-0.35621108876160623,-0.6570535401159211 0.009871843
0 0.17906671213144504,-0.33363809792705534,1.519613478964036,0.1568271628391051,-0.33363809792705534,0.7860645455829358,-0.322187924852316,-0.33363809792705534,0.8005872027223653,-0.2999483755599761,-0.33363809792705534,1.5341361361034656,0.17906671213144504,-0.5512218216209793,1.519613478964036,0.1568271628391051,-0.5512218216209793,0.7860645455829358,-0.322187924852316,-0.5512218216209793,0.8005872027223653,-0.2999483755599761,-0.5512218216209793,1.5341361361034656 0.0104400385
0 -0.1776035784143789,0.00830385105303763,1.1614825368134947,-0.17554409184089126,0.00830385105303763,0.6860731915011332,-0.7527027370076792,0.00830385105303763,0.6835729241163759,-0.7547622235811668,0.00830385105303763,1.1589822694287375,-0.1776035784143789,-0.35017335431269647,1.1614825368134947,-0.17554409184089126,-0.35017335431269647,0.6860731915011332,-0.7527027370076792,-0.35017335431269647,0.6835729241163759,-0.7547622235811668,-0.35017335431269647,1.1589822694287375 0.012046831
0 0.14225349906332574,0.02582957518837689,1.3161366722546448,0.13493341492514727,0.02582957518837689,0.669018660741947,-0.3357998836363085,0.02582957518837689,0.6743435123004089,-0.32847979949813005,0.02582957518837689,1.3214615238131067,0.14225349906332574,-0.323382578022697,1.3161366722546448,0.13493341492514727,-0.323382578022697,0.669018660741947,-0.3357998836363085,-0.323382578022697,0.6743435123004089,-0.32847979949813005,-0.323382578022697,1.3214615238131067 0.0058776606
0 -0.1409975480675218,-0.164398189470253,1.2857999406829328,-0.1492582740513227,-0.164398189470253,0.7085782813521103,-0.6333102989554884,-0.164398189470253,0.7155056394562274,-0.6250495729716876,-0.164398189470253,1.29272729878705,-0.1409975480675218,-0.5055056253223801,1.2857999406829328,-0.1492582740513227,-0.5055056253223801,0.7085782813521103,-0.6333102989554884,-0.5055056253223801,0.7155056394562274,-0.6250495729716876,-0.5055056253223801,1.29272729878705 0.0039723758
0 -1.3319565351729956,-0.03529443575449945,1.700116298830304,-1.3505321320588148,-0.03529443575449945,0.9746051300981765,-1.7776926461929712,-0.03529443575449945,0.9855419176461364,-1.759117049307152,-0.03529443575449945,1.7110530863782638,-1.3319565351729956,-0.32041171954564096,1.700116298830304,-1.3505321320588148,-0.32041171954564096,0.9746051300981765,-1.7776926461929712,-0.32041171954564096,0.9855419176461364,-1.759117049307152,-0.32041171954564096,1.7110530863782638 0.0066295965
0 -0.4571851117298067,-0.0041138379127597935,-0.5116268945182598,-0.44982246474565435,-0.0041138379127597935,-1.41149197270921,-0.9360994475200712,-0.0041138379127597935,-1.41547066445696,-0.9434620945042236,-0.0041138379127597935,-0.5156055862660098,-0.4571851117298067,-0.27074684219054224,-0.5116268945182598,-0.44982246474565435,-0.27074684219054224,-1.41149197270921,-0.9360994475200712,-0.27074684219054224,-1.41547066445696,-0.9434620945042236,-0.27074684219054224,-0.5156055862660098 0.013124907
0 -0.4709463689850308,-0.07797986951105954,1.2040609961542736,-0.4841295117604508,-0.07797986951105954,0.5929929965683454,-0.9779455091430209,-0.07797986951105954,0.6036465519872058,-0.9647623663676009,-0.07797986951105954,1.2147145515731341,-0.4709463689850308,-0.45632010016209723,1.2040609961542736,-0.4841295117604508,-0.45632010016209723,0.5929929965683454,-0.9779455091430209,-0.45632010016209723,0.6036465519872058,-0.9647623663676009,-0.45632010016209723,1.2147145515731341 0.022910107
0 -0.36473974889582267,-0.1996178774387455,-0.4520960211880742,-0.38597536790146364,-0.1996178774387455,-1.3311293969700915,-0.9067516594522609,-0.1996178774387455,-1.3185485243670405,-0.8855160404466198,-0.1996178774387455,-0.4395151485850233,-0.36473974889582267,-0.492108807131567,-0.4520960211880742,-0.38597536790146364,-0.492108807131567,-1.3311293969700915,-0.9067516594522609,-0.492108807131567,-1.3185485243670405,-0.8855160404466198,-0.492108807131567,-0.4395151485850233 0.008109304
0 0.07273868492695829,-0.11042748002716066,1.1307456729938041,0.0686064959809182,-0.11042748002716066,0.5219738819903532,-0.4337933140144064,-0.11042748002716066,0.5253840448330391,-0.4296611250683663,-0.11042748002716066,1.13415583583649,0.07273868492695829,-0.43950923176101686,1.1307456729938041,0.0686064959809182,-0.43950923176101686,0.5219738819903532,-0.4337933140144064,-0.43950923176101686,0.5253840448330391,-0.4296611250683663,-0.43950923176101686,1.13415583583649 0.0038333205
0 0.2312594845790187,-0.18143035082527162,1.306674819482554,0.22961877404912387,-0.18143035082527162,0.556348056322082,-0.21029727606957352,-0.18143035082527162,0.5573100037443748,-0.20865656553967868,-0.18143035082527162,1.3076367669048468,0.2312594845790187,-0.5106412062197113,1.306674819482554,0.22961877404912387,-0.5106412062197113,0.556348056322082,-0.21029727606957352,-0.5106412062197113,0.5573100037443748,-0.20865656553967868,-0.5106412062197113,1.3076367669048468 0.009391737
0 -1.169422281232818,-0.14748837409921647,1.751049940389515,-1.1812666910302554,-0.14748837409921647,1.010550766254761,-1.6266494865741887,-0.14748837409921647,1.0176747395573844,-1.6148050767767514,-0.14748837409921647,1.7581739136921384,-1.169422281232818,-0.47165463508657457,1.751049940389515,-1.1812666910302554,-0.47165463508657457,1.010550766254761,-1.6266494865741887,-0.47165463508657457,1.0176747395573844,-1.6148050767767514,-0.47165463508657457,1.7581739136921384 0.0066329283
1 0.24445088397270004,-0.15436907672205924,0.761064042505339,0.2540961719337435,-0.15436907672205924,0.36227927312177377,-0.7122849393964366,-0.15436907672205924,0.3389057021769731,-0.7219302273574801,-0.15436907672205924,0.7376904715605382,0.24445088397270004,-0.3937510047026539,0.761064042505339,0.2540961719337435,-0.3937510047026539,0.36227927312177377,-0.7122849393964366,-0.3937510047026539,0.3389057021769731,-0.7219302273574801,-0.3937510047026539,0.7376904715605382 0.29214576
1 -1.0185417773292884,0.00907643155745505,1.9828229202156205,-1.0346084880836888,0.00907643155745505,1.1145260988958274,-1.5333912728263512,0.00907643155745505,1.1237554298515182,-1.5173245620719509,0.00907643155745505,1.9920522511713112,-1.0185417773292884,-0.27699808792761804,1.9828229202156205,-1.0346084880836888,-0.27699808792761804,1.1145260988958274,-1.5333912728263512,-0.27699808792761804,1.1237554298515182,-1.5173245620719509,-0.27699808792761804,1.9920522511713112 0.012073534
1 0.04565615284976171,-0.27941558866210936,1.1893214280400455,0.04668937872500606,-0.27941558866210936,0.5016324459615076,-0.4878577672296445,-0.27941558866210936,0.5008293097224057,-0.48889099310488887,-0.27941558866210936,1.1885182918009436,0.04565615284976171,-0.6435912439375305,1.1893214280400455,0.04668937872500606,-0.6435912439375305,0.5016324459615076,-0.4878577672296445,-0.6435912439375305,0.5008293097224057,-0.48889099310488887,-0.6435912439375305,1.1885182918009436 0.026207369
1 -0.2727586267867368,-0.09673208726950647,-0.6587627742932002,-0.2757777546283936,-0.09673208726950647,-1.5238405963129118,-0.7655286552033145,-0.09673208726950647,-1.522131362135633,-0.7625095273616577,-0.09673208726950647,-0.6570535401159211,-0.2727586267867368,-0.35621108876160623,-0.6587627742932002,-0.2757777546283936,-0.35621108876160623,-1.5238405963129118,-0.7655286552033145,-0.35621108876160623,-1.522131362135633,-0.7625095273616577,-0.35621108876160623,-0.6570535401159211 0.0046004974
1 0.17906671213144504,-0.33363809792705534,1.519613478964036,0.1568271628391051,-0.33363809792705534,0.7860645455829358,-0.322187924852316,-0.33363809792705534,0.8005872027223653,-0.2999483755599761,-0.33363809792705534,1.5341361361034656,0.17906671213144504,-0.5512218216209793,1.519613478964036,0.1568271628391051,-0.5512218216209793,0.7860645455829358,-0.322187924852316,-0.5512218216209793,0.8005872027223653,-0.2999483755599761,-0.5512218216209793,1.5341361361034656 0.007926658
1 -0.1776035784143789,0.00830385105303763,1.1614825368134947,-0.17554409184089126,0.00830385105303763,0.6860731915011332,-0.7527027370076792,0.00830385105303763,0.6835729241163759,-0.7547622235811668,0.00830385105303763,1.1589822694287375,-0.1776035784143789,-0.35017335431269647,1.1614825368134947,-0.17554409184089126,-0.35017335431269647,0.6860731915011332,-0.7527027370076792,-0.35017335431269647,0.6835729241163759,-0.7547622235811668,-0.35017335431269647,1.1589822694287375 0.121751495
1 0.14225349906332574,0.02582957518837689,1.3161366722546448,0.13493341492514727,0.02582957518837689,0.669018660741947,-0.3357998836363085,0.02582957518837689,0.6743435123004089,-0.32847979949813005,0.02582957518837689,1.3214615238131067,0.14225349906332574,-0.323382578022697,1.3161366722546448,0.13493341492514727,-0.323382578022697,0.669018660741947,-0.3357998836363085,-0.323382578022697,0.6743435123004089,-0.32847979949813005,-0.323382578022697,1.3214615238131067 0.01391353
1 -0.1409975480675218,-0.164398189470253,1.2857999406829328,-0.1492582740513227,-0.164398189470253,0.7085782813521103,-0.6333102989554884,-0.164398189470253,0.7155056394562274,-0.6250495729716876,-0.164398189470253,1.29272729878705,-0.1409975480675218,-0.5055056253223801,1.2857999406829328,-0.1492582740513227,-0.5055056253223801,0.7085782813521103,-0.6333102989554884,-0.5055056253223801,0.7155056394562274,-0.6250495729716876,-0.5055056253223801,1.29272729878705 0.0180403
1 -1.3319565351729956,-0.03529443575449945,1.700116298830304,-1.3505321320588148,-0.03529443575449945,0.9746051300981765,-1.7776926461929712,-0.03529443575449945,0.9855419176461364,-1.759117049307152,-0.03529443575449945,1.7110530863782638,-1.3319565351729956,-0.32041171954564096,1.700116298830304,-1.3505321320588148,-0.32041171954564096,0.9746051300981765,-1.7776926461929712,-0.32041171954564096,0.9855419176461364,-1.759117049307152,-0.32041171954564096,1.7110530863782638 0.0042077117
1 -0.4571851117298067,-0.0041138379127597935,-0.5116268945182598,-0.44982246474565435,-0.0041138379127597935,-1.41149197270921,-0.9360994475200712,-0.0041138379127597935,-1.41547066445696,-0.9434620945042236,-0.0041138379127597935,-0.5156055862660098,-0.4571851117298067,-0.27074684219054224,-0.5116268945182598,-0.44982246474565435,-0.27074684219054224,-1.41149197270921,-0.9360994475200712,-0.27074684219054224,-1.41547066445696,-0.9434620945042236,-0.27074684219054224,-0.5156055862660098 0.0072091497
1 -0.4709463689850308,-0.07797986951105954,1.2040609961542736,-0.4841295117604508,-0.07797986951105954,0.5929929965683454,-0.9779455091430209,-0.07797986951105954,0.6036465519872058,-0.9647623663676009,-0.07797986951105954,1.2147145515731341,-0.4709463689850308,-0.45632010016209723,1.2040609961542736,-0.4841295117604508,-0.45632010016209723,0.5929929965683454,-0.9779455091430209,-0.45632010016209723,0.6036465519872058,-0.9647623663676009,-0.45632010016209723,1.2147145515731341 0.1259823
1 -0.36473974889582267,-0.1996178774387455,-0.4520960211880742,-0.38597536790146364,-0.1996178774387455,-1.3311293969700915,-0.9067516594522609,-0.1996178774387455,-1.3185485243670405,-0.8855160404466198,-0.1996178774387455,-0.4395151485850233,-0.36473974889582267,-0.492108807131567,-0.4520960211880742,-0.38597536790146364,-0.492108807131567,-1.3311293969700915,-0.9067516594522609,-0.492108807131567,-1.3185485243670405,-0.8855160404466198,-0.492108807131567,-0.4395151485850233 0.004468633
1 0.07273868492695829,-0.11042748002716066,1.1307456729938041,0.0686064959809182,-0.11042748002716066,0.5219738819903532,-0.4337933140144064,-0.11042748002716066,0.5253840448330391,-0.4296611250683663,-0.11042748002716066,1.13415583583649,0.07273868492695829,-0.43950923176101686,1.1307456729938041,0.0686064959809182,-0.43950923176101686,0.5219738819903532,-0.4337933140144064,-0.43950923176101686,0.5253840448330391,-0.4296611250683663,-0.43950923176101686,1.13415583583649 0.013922184
1 0.2312594845790187,-0.18143035082527162,1.306674819482554,0.22961877404912387,-0.18143035082527162,0.556348056322082,-0.21029727606957352,-0.18143035082527162,0.5573100037443748,-0.20865656553967868,-0.18143035082527162,1.3076367669048468,0.2312594845790187,-0.5106412062197113,1.306674819482554,0.22961877404912387,-0.5106412062197113,0.556348056322082,-0.21029727606957352,-0.5106412062197113,0.5573100037443748,-0.20865656553967868,-0.5106412062197113,1.3076367669048468 0.01973608
1 -1.169422281232818,-0.14748837409921647,1.751049940389515,-1.1812666910302554,-0.14748837409921647,1.010550766254761,-1.6266494865741887,-0.14748837409921647,1.0176747395573844,-1.6148050767767514,-0.14748837409921647,1.7581739136921384,-1.169422281232818,-0.47165463508657457,1.751049940389515,-1.1812666910302554,-0.47165463508657457,1.010550766254761,-1.6266494865741887,-0.47165463508657457,1.0176747395573844,-1.6148050767767514,-0.47165463508657457,1.7581739136921384 0.0035271302
2 0.24445088397270004,-0.15436907672205924,0.761064042505339,0.2540961719337435,-0.15436907672205924,0.36227927312177377,-0.7122849393964366,-0.15436907672205924,0.3389057021769731,-0.7219302273574801,-0.15436907672205924,0.7376904715605382,0.24445088397270004,-0.3937510047026539,0.761064042505339,0.2540961719337435,-0.3937510047026539,0.36227927312177377,-0.7122849393964366,-0.3937510047026539,0.3389057021769731,-0.7219302273574801,-0.3937510047026539,0.7376904715605382 0.06670799
2 -1.0185417773292884,0.00907643155745505,1.9828229202156205,-1.0346084880836888,0.00907643155745505,1.1145260988958274,-1.5333912728263512,0.00907643155745505,1.1237554298515182,-1.5173245620719509,0.00907643155745505,1.9920522511713112,-1.0185417773292884,-0.27699808792761804,1.9828229202156205,-1.0346084880836888,-0.27699808792761804,1.1145260988958274,-1.5333912728263512,-0.27699808792761804,1.1237554298515182,-1.5173245620719509,-0.27699808792761804,1.9920522511713112 0.0124033075
2 0.04565615284976171,-0.27941558866210936,1.1893214280400455,0.04668937872500606,-0.27941558866210936,0.5016324459615076,-0.4878577672296445,-0.27941558866210936,0.5008293097224057,-0.48889099310488887,-0.27941558866210936,1.1885182918009436,0.04565615284976171,-0.6435912439375305,1.1893214280400455,0.04668937872500606,-0.6435912439375305,0.5016324459615076,-0.4878577672296445,-0.6435912439375305,0.5008293097224057,-0.48889099310488887,-0.6435912439375305,1.1885182918009436 0.010339417
2 -0.2727586267867368,-0.09673208726950647,-0.6587627742932002,-0.2757777546283936,-0.09673208726950647,-1.5238405963129118,-0.7655286552033145,-0.09673208726950647,-1.522131362135633,-0.7625095273616577,-0.09673208726950647,-0.6570535401159211,-0.2727586267867368,-0.35621108876160623,-0.6587627742932002,-0.2757777546283936,-0.35621108876160623,-1.5238405963129118,-0.7655286552033145,-0.35621108876160623,-1.522131362135633,-0.7625095273616577,-0.35621108876160623,-0.6570535401159211 0.0050091036
2 0.17906671213144504,-0.33363809792705534,1.519613478964036,0.1568271628391051,-0.33363809792705534,0.7860645455829358,-0.322187924852316,-0.33363809792705534,0.8005872027223653,-0.2999483755599761,-0.33363809792705534,1.5341361361034656,0.17906671213144504,-0.5512218216209793,1.519613478964036,0.1568271628391051,-0.5512218216209793,0.7860645455829358,-0.322187924852316,-0.5512218216209793,0.8005872027223653,-0.2999483755599761,-0.5512218216209793,1.5341361361034656 0.009532703
2 -0.1776035784143789,0.00830385105303763,1.1614825368134947,-0.17554409184089126,0.00830385105303763,0.6860731915011332,-0.7527027370076792,0.00830385105303763,0.6835729241163759,-0.7547622235811668,0.00830385105303763,1.1589822694287375,-0.1776035784143789,-0.35017335431269647,1.1614825368134947,-0.17554409184089126,-0.35017335431269647,0.6860731915011332,-0.7527027370076792,-0.35017335431269647,0.6835729241163759,-0.7547622235811668,-0.35017335431269647,1.1589822694287375 0.032849435
2 0.14225349906332574,0.02582957518837689,1.3161366722546448,0.13493341492514727,0.02582957518837689,0.669018660741947,-0.3357998836363085,0.02582957518837689,0.6743435123004089,-0.32847979949813005,0.02582957518837689,1.3214615238131067,0.14225349906332574,-0.323382578022697,1.3161366722546448,0.13493341492514727,-0.323382578022697,0.669018660741947,-0.3357998836363085,-0.323382578022697,0.6743435123004089,-0.32847979949813005,-0.323382578022697,1.3214615238131067 0.008651615
2 -0.1409975480675218,-0.164398189470253,1.2857999406829328,-0.1492582740513227,-0.164398189470253,0.7085782813521103,-0.6333102989554884,-0.164398189470253,0.7155056394562274,-0.6250495729716876,-0.164398189470253,1.29272729878705,-0.1409975480675218,-0.5055056253223801,1.2857999406829328,-0.1492582740513227,-0.5055056253223801,0.7085782813521103,-0.6333102989554884,-0.5055056253223801,0.7155056394562274,-0.6250495729716876,-0.5055056253223801,1.29272729878705 0.0064454167
2 -1.3319565351729956,-0.03529443575449945,1.700116298830304,-1.3505321320588148,-0.03529443575449945,0.9746051300981765,-1.7776926461929712,-0.03529443575449945,0.9855419176461364,-1.759117049307152,-0.03529443575449945,1.7110530863782638,-1.3319565351729956,-0.32041171954564096,1.700116298830304,-1.3505321320588148,-0.32041171954564096,0.9746051300981765,-1.7776926461929712,-0.32041171954564096,0.9855419176461364,-1.759117049307152,-0.32041171954564096,1.7110530863782638 0.0049825883
2 -0.4571851117298067,-0.0041138379127597935,-0.5116268945182598,-0.44982246474565435,-0.0041138379127597935,-1.41149197270921,-0.9360994475200712,-0.0041138379127597935,-1.41547066445696,-0.9434620945042236,-0.0041138379127597935,-0.5156055862660098,-0.4571851117298067,-0.27074684219054224,-0.5116268945182598,-0.44982246474565435,-0.27074684219054224,-1.41149197270921,-0.9360994475200712,-0.27074684219054224,-1.41547066445696,-0.9434620945042236,-0.27074684219054224,-0.5156055862660098 0.006007731
2 -0.4709463689850308,-0.07797986951105954,1.2040609961542736,-0.4841295117604508,-0.07797986951105954,0.5929929965683454,-0.9779455091430209,-0.07797986951105954,0.6036465519872058,-0.9647623663676009,-0.07797986951105954,1.2147145515731341,-0.4709463689850308,-0.45632010016209723,1.2040609961542736,-0.4841295117604508,-0.45632010016209723,0.5929929965683454,-0.9779455091430209,-0.45632010016209723,0.6036465519872058,-0.9647623663676009,-0.45632010016209723,1.2147145515731341 0.041380934
2 -0.36473974889582267,-0.1996178774387455,-0.4520960211880742,-0.38597536790146364,-0.1996178774387455,-1.3311293969700915,-0.9067516594522609,-0.1996178774387455,-1.3185485243670405,-0.8855160404466198,-0.1996178774387455,-0.4395151485850233,-0.36473974889582267,-0.492108807131567,-0.4520960211880742,-0.38597536790146364,-0.492108807131567,-1.3311293969700915,-0.9067516594522609,-0.492108807131567,-1.3185485243670405,-0.8855160404466198,-0.492108807131567,-0.4395151485850233 0.003283922
2 0.07273868492695829,-0.11042748002716066,1.1307456729938041,0.0686064959809182,-0.11042748002716066,0.5219738819903532,-0.4337933140144064,-0.11042748002716066,0.5253840448330391,-0.4296611250683663,-0.11042748002716066,1.13415583583649,0.07273868492695829,-0.43950923176101686,1.1307456729938041,0.0686064959809182,-0.43950923176101686,0.5219738819903532,-0.4337933140144064,-0.43950923176101686,0.5253840448330391,-0.4296611250683663,-0.43950923176101686,1.13415583583649 0.0048829904
2 0.2312594845790187,-0.18143035082527162,1.306674819482554,0.22961877404912387,-0.18143035082527162,0.556348056322082,-0.21029727606957352,-0.18143035082527162,0.5573100037443748,-0.20865656553967868,-0.18143035082527162,1.3076367669048468,0.2312594845790187,-0.5106412062197113,1.306674819482554,0.22961877404912387,-0.5106412062197113,0.556348056322082,-0.21029727606957352,-0.5106412062197113,0.5573100037443748,-0.20865656553967868,-0.5106412062197113,1.3076367669048468 0.009515562
2 -1.169422281232818,-0.14748837409921647,1.751049940389515,-1.1812666910302554,-0.14748837409921647,1.010550766254761,-1.6266494865741887,-0.14748837409921647,1.0176747395573844,-1.6148050767767514,-0.14748837409921647,1.7581739136921384,-1.169422281232818,-0.47165463508657457,1.751049940389515,-1.1812666910302554,-0.47165463508657457,1.010550766254761,-1.6266494865741887,-0.47165463508657457,1.0176747395573844,-1.6148050767767514,-0.47165463508657457,1.7581739136921384 0.0051395628
3 0.24445088397270004,-0.15436907672205924,0.761064042505339,0.2540961719337435,-0.15436907672205924,0.36227927312177377,-0.7122849393964366,-0.15436907672205924,0.3389057021769731,-0.7219302273574801,-0.15436907672205924,0.7376904715605382,0.24445088397270004,-0.3937510047026539,0.761064042505339,0.2540961719337435,-0.3937510047026539,0.36227927312177377,-0.7122849393964366,-0.3937510047026539,0.3389057021769731,-0.7219302273574801,-0.3937510047026539,0.7376904715605382 0.042486068
3 -1.0185417773292884,0.00907643155745505,1.9828229202156205,-1.0346084880836888,0.00907643155745505,1.1145260988958274,-1.5333912728263512,0.00907643155745505,1.1237554298515182,-1.5173245620719509,0.00907643155745505,1.9920522511713112,-1.0185417773292884,-0.27699808792761804,1.9828229202156205,-1.0346084880836888,-0.27699808792761804,1.1145260988958274,-1.5333912728263512,-0.27699808792761804,1.1237554298515182,-1.5173245620719509,-0.27699808792761804,1.9920522511713112 0.008939797
3 0.04565615284976171,-0.27941558866210936,1.1893214280400455,0.04668937872500606,-0.27941558866210936,0.5016324459615076,-0.4878577672296445,-0.27941558866210936,0.5008293097224057,-0.48889099310488887,-0.27941558866210936,1.1885182918009436,0.04565615284976171,-0.6435912439375305,1.1893214280400455,0.04668937872500606,-0.6435912439375305,0.5016324459615076,-0.4878577672296445,-0.6435912439375305,0.5008293097224057,-0.48889099310488887,-0.6435912439375305,1.1885182918009436 0.003623599
3 -0.2727586267867368,-0.09673208726950647,-0.6587627742932002,-0.2757777546283936,-0.09673208726950647,-1.5238405963129118,-0.7655286552033145,-0.09673208726950647,-1.522131362135633,-0.7625095273616577,-0.09673208726950647,-0.6570535401159211,-0.2727586267867368,-0.35621108876160623,-0.6587627742932002,-0.2757777546283936,-0.35621108876160623,-1.5238405963129118,-0.7655286552033145,-0.35621108876160623,-1.522131362135633,-0.7625095273616577,-0.35621108876160623,-0.6570535401159211 0.0012969705
3 0.17906671213144504,-0.33363809792705534,1.519613478964036,0.1568271628391051,-0.33363809792705534,0.7860645455829358,-0.322187924852316,-0.33363809792705534,0.8005872027223653,-0.2999483755599761,-0.33363809792705534,1.5341361361034656,0.17906671213144504,-0.5512218216209793,1.519613478964036,0.1568271628391051,-0.5512218216209793,0.7860645455829358,-0.322187924852316,-0.5512218216209793,0.8005872027223653,-0.2999483755599761,-0.5512218216209793,1.5341361361034656 0.0026640776
3 -0.1776035784143789,0.00830385105303763,1.1614825368134947,-0.17554409184089126,0.00830385105303763,0.6860731915011332,-0.7527027370076792,0.00830385105303763,0.6835729241163759,-0.7547622235811668,0.00830385105303763,1.1589822694287375,-0.1776035784143789,-0.35017335431269647,1.1614825368134947,-0.17554409184089126,-0.35017335431269647,0.6860731915011332,-0.7527027370076792,-0.35017335431269647,0.6835729241163759,-0.7547622235811668,-0.35017335431269647,1.1589822694287375 0.009811625
3 0.14225349906332574,0.02582957518837689,1.3161366722546448,0.13493341492514727,0.02582957518837689,0.669018660741947,-0.3357998836363085,0.02582957518837689,0.6743435123004089,-0.32847979949813005,0.02582957518837689,1.3214615238131067,0.14225349906332574,-0.323382578022697,1.3161366722546448,0.13493341492514727,-0.323382578022697,0.669018660741947,-0.3357998836363085,-0.323382578022697,0.6743435123004089,-0.32847979949813005,-0.323382578022697,1.3214615238131067 0.0025303478
3 -0.1409975480675218,-0.164398189470253,1.2857999406829328,-0.1492582740513227,-0.164398189470253,0.7085782813521103,-0.6333102989554884,-0.164398189470253,0.7155056394562274,-0.6250495729716876,-0.164398189470253,1.29272729878705,-0.1409975480675218,-0.5055056253223801,1.2857999406829328,-0.1492582740513227,-0.5055056253223801,0.7085782813521103,-0.6333102989554884,-0.5055056253223801,0.7155056394562274,-0.6250495729716876,-0.5055056253223801,1.29272729878705 0.0016840417
3 -1.3319565351729956,-0.03529443575449945,1.700116298830304,-1.3505321320588148,-0.03529443575449945,0.9746051300981765,-1.7776926461929712,-0.03529443575449945,0.9855419176461364,-1.759117049307152,-0.03529443575449945,1.7110530863782638,-1.3319565351729956,-0.32041171954564096,1.700116298830304,-1.3505321320588148,-0.32041171954564096,0.9746051300981765,-1.7776926461929712,-0.32041171954564096,0.9855419176461364,-1.759117049307152,-0.32041171954564096,1.7110530863782638 0.0014591011
3 -0.4571851117298067,-0.0041138379127597935,-0.5116268945182598,-0.44982246474565435,-0.0041138379127597935,-1.41149197270921,-0.9360994475200712,-0.0041138379127597935,-1.41547066445696,-0.9434620945042236,-0.0041138379127597935,-0.5156055862660098,-0.4571851117298067,-0.27074684219054224,-0.5116268945182598,-0.44982246474565435,-0.27074684219054224,-1.41149197270921,-0.9360994475200712,-0.27074684219054224,-1.41547066445696,-0.9434620945042236,-0.27074684219054224,-0.5156055862660098 0.0023722502
3 -0.4709463689850308,-0.07797986951105954,1.2040609961542736,-0.4841295117604508,-0.07797986951105954,0.5929929965683454,-0.9779455091430209,-0.07797986951105954,0.6036465519872058,-0.9647623663676009,-0.07797986951105954,1.2147145515731341,-0.4709463689850308,-0.45632010016209723,1.2040609961542736,-0.4841295117604508,-0.45632010016209723,0.5929929965683454,-0.9779455091430209,-0.45632010016209723,0.6036465519872058,-0.9647623663676009,-0.45632010016209723,1.2147145515731341 0.019407857
3 -0.36473974889582267,-0.1996178774387455,-0.4520960211880742,-0.38597536790146364,-0.1996178774387455,-1.3311293969700915,-0.9067516594522609,-0.1996178774387455,-1.3185485243670405,-0.8855160404466198,-0.1996178774387455,-0.4395151485850233,-0.36473974889582267,-0.492108807131567,-0.4520960211880742,-0.38597536790146364,-0.492108807131567,-1.3311293969700915,-0.9067516594522609,-0.492108807131567,-1.3185485243670405,-0.8855160404466198,-0.492108807131567,-0.4395151485850233 0.0009885874
3 0.07273868492695829,-0.11042748002716066,1.1307456729938041,0.0686064959809182,-0.11042748002716066,0.5219738819903532,-0.4337933140144064,-0.11042748002716066,0.5253840448330391,-0.4296611250683663,-0.11042748002716066,1.13415583583649,0.07273868492695829,-0.43950923176101686,1.1307456729938041,0.0686064959809182,-0.43950923176101686,0.5219738819903532,-0.4337933140144064,-0.43950923176101686,0.5253840448330391,-0.4296611250683663,-0.43950923176101686,1.13415583583649 0.001559586
3 0.2312594845790187,-0.18143035082527162,1.306674819482554,0.22961877404912387,-0.18143035082527162,0.556348056322082,-0.21029727606957352,-0.18143035082527162,0.5573100037443748,-0.20865656553967868,-0.18143035082527162,1.3076367669048468,0.2312594845790187,-0.5106412062197113,1.306674819482554,0.22961877404912387,-0.5106412062197113,0.556348056322082,-0.21029727606957352,-0.5106412062197113,0.5573100037443748,-0.20865656553967868,-0.5106412062197113,1.3076367669048468 0.004385946
3 -1.169422281232818,-0.14748837409921647,1.751049940389515,-1.1812666910302554,-0.14748837409921647,1.010550766254761,-1.6266494865741887,-0.14748837409921647,1.0176747395573844,-1.6148050767767514,-0.14748837409921647,1.7581739136921384,-1.169422281232818,-0.47165463508657457,1.751049940389515,-1.1812666910302554,-0.47165463508657457,1.010550766254761,-1.6266494865741887,-0.47165463508657457,1.0176747395573844,-1.6148050767767514,-0.47165463508657457,1.7581739136921384 0.0012628121
4 0.24445088397270004,-0.15436907672205924,0.761064042505339,0.2540961719337435,-0.15436907672205924,0.36227927312177377,-0.7122849393964366,-0.15436907672205924,0.3389057021769731,-0.7219302273574801,-0.15436907672205924,0.7376904715605382,0.24445088397270004,-0.3937510047026539,0.761064042505339,0.2540961719337435,-0.3937510047026539,0.36227927312177377,-0.7122849393964366,-0.3937510047026539,0.3389057021769731,-0.7219302273574801,-0.3937510047026539,0.7376904715605382 0.024946345
4 -1.0185417773292884,0.00907643155745505,1.9828229202156205,-1.0346084880836888,0.00907643155745505,1.1145260988958274,-1.5333912728263512,0.00907643155745505,1.1237554298515182,-1.5173245620719509,0.00907643155745505,1.9920522511713112,-1.0185417773292884,-0.27699808792761804,1.9828229202156205,-1.0346084880836888,-0.27699808792761804,1.1145260988958274,-1.5333912728263512,-0.27699808792761804,1.1237554298515182,-1.5173245620719509,-0.27699808792761804,1.9920522511713112 0.0011649623
4 0.04565615284976171,-0.27941558866210936,1.1893214280400455,0.04668937872500606,-0.27941558866210936,0.5016324459615076,-0.4878577672296445,-0.27941558866210936,0.5008293097224057,-0.48889099310488887,-0.27941558866210936,1.1885182918009436,0.04565615284976171,-0.6435912439375305,1.1893214280400455,0.04668937872500606,-0.6435912439375305,0.5016324459615076,-0.4878577672296445,-0.6435912439375305,0.5008293097224057,-0.48889099310488887,-0.6435912439375305,1.1885182918009436 0.0011152372
4 -0.2727586267867368,-0.09673208726950647,-0.6587627742932002,-0.2757777546283936,-0.09673208726950647,-1.5238405963129118,-0.7655286552033145,-0.09673208726950647,-1.522131362135633,-0.7625095273616577,-0.09673208726950647,-0.6570535401159211,-0.2727586267867368,-0.35621108876160623,-0.6587627742932002,-0.2757777546283936,-0.35621108876160623,-1.5238405963129118,-0.7655286552033145,-0.35621108876160623,-1.522131362135633,-0.7625095273616577,-0.35621108876160623,-0.6570535401159211 0.00031039724
4 0.17906671213144504,-0.33363809792705534,1.519613478964036,0.1568271628391051,-0.33363809792705534,0.7860645455829358,-0.322187924852316,-0.33363809792705534,0.8005872027223653,-0.2999483755599761,-0.33363809792705534,1.5341361361034656,0.17906671213144504,-0.5512218216209793,1.519613478964036,0.1568271628391051,-0.5512218216209793,0.7860645455829358,-0.322187924852316,-0.5512218216209793,0.8005872027223653,-0.2999483755599761,-0.5512218216209793,1.5341361361034656 0.00056436047
4 -0.1776035784143789,0.00830385105303763,1.1614825368134947,-0.17554409184089126,0.00830385105303763,0.6860731915011332,-0.7527027370076792,0.00830385105303763,0.6835729241163759,-0.7547622235811668,0.00830385105303763,1.1589822694287375,-0.1776035784143789,-0.35017335431269647,1.1614825368134947,-0.17554409184089126,-0.35017335431269647,0.6860731915011332,-0.7527027370076792,-0.35017335431269647,0.6835729241163759,-0.7547622235811668,-0.35017335431269647,1.1589822694287375 0.002605788
4 0.14225349906332574,0.02582957518837689,1.3161366722546448,0.13493341492514727,0.02582957518837689,0.669018660741947,-0.3357998836363085,0.02582957518837689,0.6743435123004089,-0.32847979949813005,0.02582957518837689,1.3214615238131067,0.14225349906332574,-0.323382578022697,1.3161366722546448,0.13493341492514727,-0.323382578022697,0.669018660741947,-0.3357998836363085,-0.323382578022697,0.6743435123004089,-0.32847979949813005,-0.323382578022697,1.3214615238131067 0.00042010628
4 -0.1409975480675218,-0.164398189470253,1.2857999406829328,-0.1492582740513227,-0.164398189470253,0.7085782813521103,-0.6333102989554884,-0.164398189470253,0.7155056394562274,-0.6250495729716876,-0.164398189470253,1.29272729878705,-0.1409975480675218,-0.5055056253223801,1.2857999406829328,-0.1492582740513227,-0.5055056253223801,0.7085782813521103,-0.6333102989554884,-0.5055056253223801,0.7155056394562274,-0.6250495729716876,-0.5055056253223801,1.29272729878705 0.00035348296
4 -1.3319565351729956,-0.03529443575449945,1.700116298830304,-1.3505321320588148,-0.03529443575449945,0.9746051300981765,-1.7776926461929712,-0.03529443575449945,0.9855419176461364,-1.759117049307152,-0.03529443575449945,1.7110530863782638,-1.3319565351729956,-0.32041171954564096,1.700116298830304,-1.3505321320588148,-0.32041171954564096,0.9746051300981765,-1.7776926461929712,-0.32041171954564096,0.9855419176461364,-1.759117049307152,-0.32041171954564096,1.7110530863782638 0.00030391404
4 -0.4571851117298067,-0.0041138379127597935,-0.5116268945182598,-0.44982246474565435,-0.0041138379127597935,-1.41149197270921,-0.9360994475200712,-0.0041138379127597935,-1.41547066445696,-0.9434620945042236,-0.0041138379127597935,-0.5156055862660098,-0.4571851117298067,-0.27074684219054224,-0.5116268945182598,-0.44982246474565435,-0.27074684219054224,-1.41149197270921,-0.9360994475200712,-0.27074684219054224,-1.41547066445696,-0.9434620945042236,-0.27074684219054224,-0.5156055862660098 0.0005456177
4 -0.4709463689850308,-0.07797986951105954,1.2040609961542736,-0.4841295117604508,-0.07797986951105954,0.5929929965683454,-0.9779455091430209,-0.07797986951105954,0.6036465519872058,-0.9647623663676009,-0.07797986951105954,1.2147145515731341,-0.4709463689850308,-0.45632010016209723,1.2040609961542736,-0.4841295117604508,-0.45632010016209723,0.5929929965683454,-0.9779455091430209,-0.45632010016209723,0.6036465519872058,-0.9647623663676009,-0.45632010016209723,1.2147145515731341 0.00609459
4 -0.36473974889582267,-0.1996178774387455,-0.4520960211880742,-0.38597536790146364,-0.1996178774387455,-1.3311293969700915,-0.9067516594522609,-0.1996178774387455,-1.3185485243670405,-0.8855160404466198,-0.1996178774387455,-0.4395151485850233,-0.36473974889582267,-0.492108807131567,-0.4520960211880742,-0.38597536790146364,-0.492108807131567,-1.3311293969700915,-0.9067516594522609,-0.492108807131567,-1.3185485243670405,-0.8855160404466198,-0.492108807131567,-0.4395151485850233 0.0001921231
4 0.07273868492695829,-0.11042748002716066,1.1307456729938041,0.0686064959809182,-0.11042748002716066,0.5219738819903532,-0.4337933140144064,-0.11042748002716066,0.5253840448330391,-0.4296611250683663,-0.11042748002716066,1.13415583583649,0.07273868492695829,-0.43950923176101686,1.1307456729938041,0.0686064959809182,-0.43950923176101686,0.5219738819903532,-0.4337933140144064,-0.43950923176101686,0.5253840448330391,-0.4296611250683663,-0.43950923176101686,1.13415583583649 0.000274628
4 0.2312594845790187,-0.18143035082527162,1.306674819482554,0.22961877404912387,-0.18143035082527162,0.556348056322082,-0.21029727606957352,-0.18143035082527162,0.5573100037443748,-0.20865656553967868,-0.18143035082527162,1.3076367669048468,0.2312594845790187,-0.5106412062197113,1.306674819482554,0.22961877404912387,-0.5106412062197113,0.556348056322082,-0.21029727606957352,-0.5106412062197113,0.5573100037443748,-0.20865656553967868,-0.5106412062197113,1.3076367669048468 0.00094742706
4 -1.169422281232818,-0.14748837409921647,1.751049940389515,-1.1812666910302554,-0.14748837409921647,1.010550766254761,-1.6266494865741887,-0.14748837409921647,1.0176747395573844,-1.6148050767767514,-0.14748837409921647,1.7581739136921384,-1.169422281232818,-0.47165463508657457,1.751049940389515,-1.1812666910302554,-0.47165463508657457,1.010550766254761,-1.6266494865741887,-0.47165463508657457,1.0176747395573844,-1.6148050767767514,-0.47165463508657457,1.7581739136921384 0.00029065696
5 0.24445088397270004,-0.15436907672205924,0.761064042505339,0.2540961719337435,-0.15436907672205924,0.36227927312177377,-0.7122849393964366,-0.15436907672205924,0.3389057021769731,-0.7219302273574801,-0.15436907672205924,0.7376904715605382,0.24445088397270004,-0.3937510047026539,0.761064042505339,0.2540961719337435,-0.3937510047026539,0.36227927312177377,-0.7122849393964366,-0.3937510047026539,0.3389057021769731,-0.7219302273574801,-0.3937510047026539,0.7376904715605382 0.09191051
5 -1.0185417773292884,0.00907643155745505,1.9828229202156205,-1.0346084880836888,0.00907643155745505,1.1145260988958274,-1.5333912728263512,0.00907643155745505,1.1237554298515182,-1.5173245620719509,0.00907643155745505,1.9920522511713112,-1.0185417773292884,-0.27699808792761804,1.9828229202156205,-1.0346084880836888,-0.27699808792761804,1.1145260988958274,-1.5333912728263512,-0.27699808792761804,1.1237554298515182,-1.5173245620719509,-0.27699808792761804,1.9920522511713112 0.011931352
5 0.04565615284976171,-0.27941558866210936,1.1893214280400455,0.04668937872500606,-0.27941558866210936,0.5016324459615076,-0.4878577672296445,-0.27941558866210936,0.5008293097224057,-0.48889099310488887,-0.27941558866210936,1.1885182918009436,0.04565615284976171,-0.6435912439375305,1.1893214280400455,0.04668937872500606,-0.6435912439375305,0.5016324459615076,-0.4878577672296445,-0.6435912439375305,0.5008293097224057,-0.48889099310488887,-0.6435912439375305,1.1885182918009436 0.0064405827
5 -0.2727586267867368,-0.09673208726950647,-0.6587627742932002,-0.2757777546283936,-0.09673208726950647,-1.5238405963129118,-0.7655286552033145,-0.09673208726950647,-1.522131362135633,-0.7625095273616577,-0.09673208726950647,-0.6570535401159211,-0.2727586267867368,-0.35621108876160623,-0.6587627742932002,-0.2757777546283936,-0.35621108876160623,-1.5238405963129118,-0.7655286552033145,-0.35621108876160623,-1.522131362135633,-0.7625095273616577,-0.35621108876160623,-0.6570535401159211 0.003110923
5 0.17906671213144504,-0.33363809792705534,1.519613478964036,0.1568271628391051,-0.33363809792705534,0.7860645455829358,-0.322187924852316,-0.33363809792705534,0.8005872027223653,-0.2999483755599761,-0.33363809792705534,1.5341361361034656,0.17906671213144504,-0.5512218216209793,1.519613478964036,0.1568271628391051,-0.5512218216209793,0.7860645455829358,-0.322187924852316,-0.5512218216209793,0.8005872027223653,-0.2999483755599761,-0.5512218216209793,1.5341361361034656 0.004949693
5 -0.1776035784143789,0.00830385105303763,1.1614825368134947,-0.17554409184089126,0.00830385105303763,0.6860731915011332,-0.7527027370076792,0.00830385105303763,0.6835729241163759,-0.7547622235811668,0.00830385105303763,1.1589822694287375,-0.1776035784143789,-0.35017335431269647,1.1614825368134947,-0.17554409184089126,-0.35017335431269647,0.6860731915011332,-0.7527027370076792,-0.35017335431269647,0.6835729241163759,-0.7547622235811668,-0.35017335431269647,1.1589822694287375 0.023583146
5 0.14225349906332574,0.02582957518837689,1.3161366722546448,0.13493341492514727,0.02582957518837689,0.669018660741947,-0.3357998836363085,0.02582957518837689,0.6743435123004089,-0.32847979949813005,0.02582957518837689,1.3214615238131067,0.14225349906332574,-0.323382578022697,1.3161366722546448,0.13493341492514727,-0.323382578022697,0.669018660741947,-0.3357998836363085,-0.323382578022697,0.6743435123004089,-0.32847979949813005,-0.323382578022697,1.3214615238131067 0.0049338494
5 -0.1409975480675218,-0.164398189470253,1.2857999406829328,-0.1492582740513227,-0.164398189470253,0.7085782813521103,-0.6333102989554884,-0.164398189470253,0.7155056394562274,-0.6250495729716876,-0.164398189470253,1.29272729878705,-0.1409975480675218,-0.5055056253223801,1.2857999406829328,-0.1492582740513227,-0.5055056253223801,0.7085782813521103,-0.6333102989554884,-0.5055056253223801,0.7155056394562274,-0.6250495729716876,-0.5055056253223801,1.29272729878705 0.004260825
5 -1.3319565351729956,-0.03529443575449945,1.700116298830304,-1.3505321320588148,-0.03529443575449945,0.9746051300981765,-1.7776926461929712,-0.03529443575449945,0.9855419176461364,-1.759117049307152,-0.03529443575449945,1.7110530863782638,-1.3319565351729956,-0.32041171954564096,1.700116298830304,-1.3505321320588148,-0.32041171954564096,0.9746051300981765,-1.7776926461929712,-0.32041171954564096,0.9855419176461364,-1.759117049307152,-0.32041171954564096,1.7110530863782638 0.0022235746
5 -0.4571851117298067,-0.0041138379127597935,-0.5116268945182598,-0.44982246474565435,-0.0041138379127597935,-1.41149197270921,-0.9360994475200712,-0.0041138379127597935,-1.41547066445696,-0.9434620945042236,-0.0041138379127597935,-0.5156055862660098,-0.4571851117298067,-0.27074684219054224,-0.5116268945182598,-0.44982246474565435,-0.27074684219054224,-1.41149197270921,-0.9360994475200712,-0.27074684219054224,-1.41547066445696,-0.9434620945042236,-0.27074684219054224,-0.5156055862660098 0.0039002113
5 -0.4709463689850308,-0.07797986951105954,1.2040609961542736,-0.4841295117604508,-0.07797986951105954,0.5929929965683454,-0.9779455091430209,-0.07797986951105954,0.6036465519872058,-0.9647623663676009,-0.07797986951105954,1.2147145515731341,-0.4709463689850308,-0.45632010016209723,1.2040609961542736,-0.4841295117604508,-0.45632010016209723,0.5929929965683454,-0.9779455091430209,-0.45632010016209723,0.6036465519872058,-0.9647623663676009,-0.45632010016209723,1.2147145515731341 0.031560697
5 -0.36473974889582267,-0.1996178774387455,-0.4520960211880742,-0.38597536790146364,-0.1996178774387455,-1.3311293969700915,-0.9067516594522609,-0.1996178774387455,-1.3185485243670405,-0.8855160404466198,-0.1996178774387455,-0.4395151485850233,-0.36473974889582267,-0.492108807131567,-0.4520960211880742,-0.38597536790146364,-0.492108807131567,-1.3311293969700915,-0.9067516594522609,-0.492108807131567,-1.3185485243670405,-0.8855160404466198,-0.492108807131567,-0.4395151485850233 0.002508815
5 0.07273868492695829,-0.11042748002716066,1.1307456729938041,0.0686064959809182,-0.11042748002716066,0.5219738819903532,-0.4337933140144064,-0.11042748002716066,0.5253840448330391,-0.4296611250683663,-0.11042748002716066,1.13415583583649,0.07273868492695829,-0.43950923176101686,1.1307456729938041,0.0686064959809182,-0.43950923176101686,0.5219738819903532,-0.4337933140144064,-0.43950923176101686,0.5253840448330391,-0.4296611250683663,-0.43950923176101686,1.13415583583649 0.0031332707
5 0.2312594845790187,-0.18143035082527162,1.306674819482554,0.22961877404912387,-0.18143035082527162,0.556348056322082,-0.21029727606957352,-0.18143035082527162,0.5573100037443748,-0.20865656553967868,-0.18143035082527162,1.3076367669048468,0.2312594845790187,-0.5106412062197113,1.306674819482554,0.22961877404912387,-0.5106412062197113,0.556348056322082,-0.21029727606957352,-0.5106412062197113,0.5573100037443748,-0.20865656553967868,-0.5106412062197113,1.3076367669048468 0.008167643
5 -1.169422281232818,-0.14748837409921647,1.751049940389515,-1.1812666910302554,-0.14748837409921647,1.010550766254761,-1.6266494865741887,-0.14748837409921647,1.0176747395573844,-1.6148050767767514,-0.14748837409921647,1.7581739136921384,-1.169422281232818,-0.47165463508657457,1.751049940389515,-1.1812666910302554,-0.47165463508657457,1.010550766254761,-1.6266494865741887,-0.47165463508657457,1.0176747395573844,-1.6148050767767514,-0.47165463508657457,1.7581739136921384 0.002779362
6 0.24445088397270004,-0.15436907672205924,0.761064042505339,0.2540961719337435,-0.15436907672205924,0.36227927312177377,-0.7122849393964366,-0.15436907672205924,0.3389057021769731,-0.7219302273574801,-0.15436907672205924,0.7376904715605382,0.24445088397270004,-0.3937510047026539,0.761064042505339,0.2540961719337435,-0.3937510047026539,0.36227927312177377,-0.7122849393964366,-0.3937510047026539,0.3389057021769731,-0.7219302273574801,-0.3937510047026539,0.7376904715605382 0.048556175
6 -1.0185417773292884,0.00907643155745505,1.9828229202156205,-1.0346084880836888,0.00907643155745505,1.1145260988958274,-1.5333912728263512,0.00907643155745505,1.1237554298515182,-1.5173245620719509,0.00907643155745505,1.9920522511713112,-1.0185417773292884,-0.27699808792761804,1.9828229202156205,-1.0346084880836888,-0.27699808792761804,1.1145260988958274,-1.5333912728263512,-0.27699808792761804,1.1237554298515182,-1.5173245620719509,-0.27699808792761804,1.9920522511713112 0.007824674
6 0.04565615284976171,-0.27941558866210936,1.1893214280400455,0.04668937872500606,-0.27941558866210936,0.5016324459615076,-0.4878577672296445,-0.27941558866210936,0.5008293097224057,-0.48889099310488887,-0.27941558866210936,1.1885182918009436,0.04565615284976171,-0.6435912439375305,1.1893214280400455,0.04668937872500606,-0.6435912439375305,0.5016324459615076,-0.4878577672296445,-0.6435912439375305,0.5008293097224057,-0.48889099310488887,-0.6435912439375305,1.1885182918009436 0.0074718636
6 -0.2727586267867368,-0.09673208726950647,-0.6587627742932002,-0.2757777546283936,-0.09673208726950647,-1.5238405963129118,-0.7655286552033145,-0.09673208726950647,-1.522131362135633,-0.7625095273616577,-0.09673208726950647,-0.6570535401159211,-0.2727586267867368,-0.35621108876160623,-0.6587627742932002,-0.2757777546283936,-0.35621108876160623,-1.5238405963129118,-0.7655286552033145,-0.35621108876160623,-1.522131362135633,-0.7625095273616577,-0.35621108876160623,-0.6570535401159211 0.0032121593
6 0.17906671213144504,-0.33363809792705534,1.519613478964036,0.1568271628391051,-0.33363809792705534,0.7860645455829358,-0.322187924852316,-0.33363809792705534,0.8005872027223653,-0.2999483755599761,-0.33363809792705534,1.5341361361034656,0.17906671213144504,-0.5512218216209793,1.519613478964036,0.1568271628391051,-0.5512218216209793,0.7860645455829358,-0.322187924852316,-0.5512218216209793,0.8005872027223653,-0.2999483755599761,-0.5512218216209793,1.5341361361034656 0.0064889207
6 -0.1776035784143789,0.00830385105303763,1.1614825368134947,-0.17554409184089126,0.00830385105303763,0.6860731915011332,-0.7527027370076792,0.00830385105303763,0.6835729241163759,-0.7547622235811668,0.00830385105303763,1.1589822694287375,-0.1776035784143789,-0.35017335431269647,1.1614825368134947,-0.17554409184089126,-0.35017335431269647,0.6860731915011332,-0.7527027370076792,-0.35017335431269647,0.6835729241163759,-0.7547622235811668,-0.35017335431269647,1.1589822694287375 0.014095504
6 0.14225349906332574,0.02582957518837689,1.3161366722546448,0.13493341492514727,0.02582957518837689,0.669018660741947,-0.3357998836363085,0.02582957518837689,0.6743435123004089,-0.32847979949813005,0.02582957518837689,1.3214615238131067,0.14225349906332574,-0.323382578022697,1.3161366722546448,0.13493341492514727,-0.323382578022697,0.669018660741947,-0.3357998836363085,-0.323382578022697,0.6743435123004089,-0.32847979949813005,-0.323382578022697,1.3214615238131067 0.003451633
6 -0.1409975480675218,-0.164398189470253,1.2857999406829328,-0.1492582740513227,-0.164398189470253,0.7085782813521103,-0.6333102989554884,-0.164398189470253,0.7155056394562274,-0.6250495729716876,-0.164398189470253,1.29272729878705,-0.1409975480675218,-0.5055056253223801,1.2857999406829328,-0.1492582740513227,-0.5055056253223801,0.7085782813521103,-0.6333102989554884,-0.5055056253223801,0.7155056394562274,-0.6250495729716876,-0.5055056253223801,1.29272729878705 0.0037915788
6 -1.3319565351729956,-0.03529443575449945,1.700116298830304,-1.3505321320588148,-0.03529443575449945,0.9746051300981765,-1.7776926461929712,-0.03529443575449945,0.9855419176461364,-1.759117049307152,-0.03529443575449945,1.7110530863782638,-1.3319565351729956,-0.32041171954564096,1.700116298830304,-1.3505321320588148,-0.32041171954564096,0.9746051300981765,-1.7776926461929712,-0.32041171954564096,0.9855419176461364,-1.759117049307152,-0.32041171954564096,1.7110530863782638 0.0036398366
6 -0.4571851117298067,-0.0041138379127597935,-0.5116268945182598,-0.44982246474565435,-0.0041138379127597935,-1.41149197270921,-0.9360994475200712,-0.0041138379127597935,-1.41547066445696,-0.9434620945042236,-0.0041138379127597935,-0.5156055862660098,-0.4571851117298067,-0.27074684219054224,-0.5116268945182598,-0.44982246474565435,-0.27074684219054224,-1.41149197270921,-0.9360994475200712,-0.27074684219054224,-1.41547066445696,-0.9434620945042236,-0.27074684219054224,-0.5156055862660098 0.0044723563
6 -0.4709463689850308,-0.07797986951105954,1.2040609961542736,-0.4841295117604508,-0.07797986951105954,0.5929929965683454,-0.9779455091430209,-0.07797986951105954,0.6036465519872058,-0.9647623663676009,-0.07797986951105954,1.2147145515731341,-0.4709463689850308,-0.45632010016209723,1.2040609961542736,-0.4841295117604508,-0.45632010016209723,0.5929929965683454,-0.9779455091430209,-0.45632010016209723,0.6036465519872058,-0.9647623663676009,-0.45632010016209723,1.2147145515731341 0.030852776
6 -0.36473974889582267,-0.1996178774387455,-0.4520960211880742,-0.38597536790146364,-0.1996178774387455,-1.3311293969700915,-0.9067516594522609,-0.1996178774387455,-1.3185485243670405,-0.8855160404466198,-0.1996178774387455,-0.4395151485850233,-0.36473974889582267,-0.492108807131567,-0.4520960211880742,-0.38597536790146364,-0.492108807131567,-1.3311293969700915,-0.9067516594522609,-0.492108807131567,-1.3185485243670405,-0.8855160404466198,-0.492108807131567,-0.4395151485850233 0.0020626714
6 0.07273868492695829,-0.11042748002716066,1.1307456729938041,0.0686064959809182,-0.11042748002716066,0.5219738819903532,-0.4337933140144064,-0.11042748002716066,0.5253840448330391,-0.4296611250683663,-0.11042748002716066,1.13415583583649,0.07273868492695829,-0.43950923176101686,1.1307456729938041,0.0686064959809182,-0.43950923176101686,0.5219738819903532,-0.4337933140144064,-0.43950923176101686,0.5253840448330391,-0.4296611250683663,-0.43950923176101686,1.13415583583649 0.0030403722
6 0.2312594845790187,-0.18143035082527162,1.306674819482554,0.22961877404912387,-0.18143035082527162,0.556348056322082,-0.21029727606957352,-0.18143035082527162,0.5573100037443748,-0.20865656553967868,-0.18143035082527162,1.3076367669048468,0.2312594845790187,-0.5106412062197113,1.306674819482554,0.22961877404912387,-0.5106412062197113,0.556348056322082,-0.21029727606957352,-0.5106412062197113,0.5573100037443748,-0.20865656553967868,-0.5106412062197113,1.3076367669048468 0.006377003
6 -1.169422281232818,-0.14748837409921647,1.751049940389515,-1.1812666910302554,-0.14748837409921647,1.010550766254761,-1.6266494865741887,-0.14748837409921647,1.0176747395573844,-1.6148050767767514,-0.14748837409921647,1.7581739136921384,-1.169422281232818,-0.47165463508657457,1.751049940389515,-1.1812666910302554,-0.47165463508657457,1.010550766254761,-1.6266494865741887,-0.47165463508657457,1.0176747395573844,-1.6148050767767514,-0.47165463508657457,1.7581739136921384 0.0034647067
7 0.24445088397270004,-0.15436907672205924,0.761064042505339,0.2540961719337435,-0.15436907672205924,0.36227927312177377,-0.7122849393964366,-0.15436907672205924,0.3389057021769731,-0.7219302273574801,-0.15436907672205924,0.7376904715605382,0.24445088397270004,-0.3937510047026539,0.761064042505339,0.2540961719337435,-0.3937510047026539,0.36227927312177377,-0.7122849393964366,-0.3937510047026539,0.3389057021769731,-0.7219302273574801,-0.3937510047026539,0.7376904715605382 0.037105117
7 -1.0185417773292884,0.00907643155745505,1.9828229202156205,-1.0346084880836888,0.00907643155745505,1.1145260988958274,-1.5333912728263512,0.00907643155745505,1.1237554298515182,-1.5173245620719509,0.00907643155745505,1.9920522511713112,-1.0185417773292884,-0.27699808792761804,1.9828229202156205,-1.0346084880836888,-0.27699808792761804,1.1145260988958274,-1.5333912728263512,-0.27699808792761804,1.1237554298515182,-1.5173245620719509,-0.27699808792761804,1.9920522511713112 0.0034133932
7 0.04565615284976171,-0.27941558866210936,1.1893214280400455,0.04668937872500606,-0.27941558866210936,0.5016324459615076,-0.4878577672296445,-0.27941558866210936,0.5008293097224057,-0.48889099310488887,-0.27941558866210936,1.1885182918009436,0.04565615284976171,-0.6435912439375305,1.1893214280400455,0.04668937872500606,-0.6435912439375305,0.5016324459615076,-0.4878577672296445,-0.6435912439375305,0.5008293097224057,-0.48889099310488887,-0.6435912439375305,1.1885182918009436 0.0027364008
7 -0.2727586267867368,-0.09673208726950647,-0.6587627742932002,-0.2757777546283936,-0.09673208726950647,-1.5238405963129118,-0.7655286552033145,-0.09673208726950647,-1.522131362135633,-0.7625095273616577,-0.09673208726950647,-0.6570535401159211,-0.2727586267867368,-0.35621108876160623,-0.6587627742932002,-0.2757777546283936,-0.35621108876160623,-1.5238405963129118,-0.7655286552033145,-0.35621108876160623,-1.522131362135633,-0.7625095273616577,-0.35621108876160623,-0.6570535401159211 0.0012889876
7 0.17906671213144504,-0.33363809792705534,1.519613478964036,0.1568271628391051,-0.33363809792705534,0.7860645455829358,-0.322187924852316,-0.33363809792705534,0.8005872027223653,-0.2999483755599761,-0.33363809792705534,1.5341361361034656,0.17906671213144504,-0.5512218216209793,1.519613478964036,0.1568271628391051,-0.5512218216209793,0.7860645455829358,-0.322187924852316,-0.5512218216209793,0.8005872027223653,-0.2999483755599761,-0.5512218216209793,1.5341361361034656 0.0012613601
7 -0.1776035784143789,0.00830385105303763,1.1614825368134947,-0.17554409184089126,0.00830385105303763,0.6860731915011332,-0.7527027370076792,0.00830385105303763,0.6835729241163759,-0.7547622235811668,0.00830385105303763,1.1589822694287375,-0.1776035784143789,-0.35017335431269647,1.1614825368134947,-0.17554409184089126,-0.35017335431269647,0.6860731915011332,-0.7527027370076792,-0.35017335431269647,0.6835729241163759,-0.7547622235811668,-0.35017335431269647,1.1589822694287375 0.007610545
7 0.14225349906332574,0.02582957518837689,1.3161366722546448,0.13493341492514727,0.02582957518837689,0.669018660741947,-0.3357998836363085,0.02582957518837689,0.6743435123004089,-0.32847979949813005,0.02582957518837689,1.3214615238131067,0.14225349906332574,-0.323382578022697,1.3161366722546448,0.13493341492514727,-0.323382578022697,0.669018660741947,-0.3357998836363085,-0.323382578022697,0.6743435123004089,-0.32847979949813005,-0.323382578022697,1.3214615238131067 0.0016811313
7 -0.1409975480675218,-0.164398189470253,1.2857999406829328,-0.1492582740513227,-0.164398189470253,0.7085782813521103,-0.6333102989554884,-0.164398189470253,0.7155056394562274,-0.6250495729716876,-0.164398189470253,1.29272729878705,-0.1409975480675218,-0.5055056253223801,1.2857999406829328,-0.1492582740513227,-0.5055056253223801,0.7085782813521103,-0.6333102989554884,-0.5055056253223801,0.7155056394562274,-0.6250495729716876,-0.5055056253223801,1.29272729878705 0.0013442398
7 -1.3319565351729956,-0.03529443575449945,1.700116298830304,-1.3505321320588148,-0.03529443575449945,0.9746051300981765,-1.7776926461929712,-0.03529443575449945,0.9855419176461364,-1.759117049307152,-0.03529443575449945,1.7110530863782638,-1.3319565351729956,-0.32041171954564096,1.700116298830304,-1.3505321320588148,-0.32041171954564096,0.9746051300981765,-1.7776926461929712,-0.32041171954564096,0.9855419176461364,-1.759117049307152,-0.32041171954564096,1.7110530863782638 0.0012436126
7 -0.4571851117298067,-0.0041138379127597935,-0.5116268945182598,-0.44982246474565435,-0.0041138379127597935,-1.41149197270921,-0.9360994475200712,-0.0041138379127597935,-1.41547066445696,-0.9434620945042236,-0.0041138379127597935,-0.5156055862660098,-0.4571851117298067,-0.27074684219054224,-0.5116268945182598,-0.44982246474565435,-0.27074684219054224,-1.41149197270921,-0.9360994475200712,-0.27074684219054224,-1.41547066445696,-0.9434620945042236,-0.27074684219054224,-0.5156055862660098 0.002091719
7 -0.4709463689850308,-0.07797986951105954,1.2040609961542736,-0.4841295117604508,-0.07797986951105954,0.5929929965683454,-0.9779455091430209,-0.07797986951105954,0.6036465519872058,-0.9647623663676009,-0.07797986951105954,1.2147145515731341,-0.4709463689850308,-0.45632010016209723,1.2040609961542736,-0.4841295117604508,-0.45632010016209723,0.5929929965683454,-0.9779455091430209,-0.45632010016209723,0.6036465519872058,-0.9647623663676009,-0.45632010016209723,1.2147145515731341 0.015772955
7 -0.36473974889582267,-0.1996178774387455,-0.4520960211880742,-0.38597536790146364,-0.1996178774387455,-1.3311293969700915,-0.9067516594522609,-0.1996178774387455,-1.3185485243670405,-0.8855160404466198,-0.1996178774387455,-0.4395151485850233,-0.36473974889582267,-0.492108807131567,-0.4520960211880742,-0.38597536790146364,-0.492108807131567,-1.3311293969700915,-0.9067516594522609,-0.492108807131567,-1.3185485243670405,-0.8855160404466198,-0.492108807131567,-0.4395151485850233 0.00068214437
7 0.07273868492695829,-0.11042748002716066,1.1307456729938041,0.0686064959809182,-0.11042748002716066,0.5219738819903532,-0.4337933140144064,-0.11042748002716066,0.5253840448330391,-0.4296611250683663,-0.11042748002716066,1.13415583583649,0.07273868492695829,-0.43950923176101686,1.1307456729938041,0.0686064959809182,-0.43950923176101686,0.5219738819903532,-0.4337933140144064,-0.43950923176101686,0.5253840448330391,-0.4296611250683663,-0.43950923176101686,1.13415583583649 0.00089764793
7 0.2312594845790187,-0.18143035082527162,1.306674819482554,0.22961877404912387,-0.18143035082527162,0.556348056322082,-0.21029727606957352,-0.18143035082527162,0.5573100037443748,-0.20865656553967868,-0.18143035082527162,1.3076367669048468,0.2312594845790187,-0.5106412062197113,1.306674819482554,0.22961877404912387,-0.5106412062197113,0.556348056322082,-0.21029727606957352,-0.5106412062197113,0.5573100037443748,-0.20865656553967868,-0.5106412062197113,1.3076367669048468 0.00267821
7 -1.169422281232818,-0.14748837409921647,1.751049940389515,-1.1812666910302554,-0.14748837409921647,1.010550766254761,-1.6266494865741887,-0.14748837409921647,1.0176747395573844,-1.6148050767767514,-0.14748837409921647,1.7581739136921384,-1.169422281232818,-0.47165463508657457,1.751049940389515,-1.1812666910302554,-0.47165463508657457,1.010550766254761,-1.6266494865741887,-0.47165463508657457,1.0176747395573844,-1.6148050767767514,-0.47165463508657457,1.7581739136921384 0.0011315199
8 0.24445088397270004,-0.15436907672205924,0.761064042505339,0.2540961719337435,-0.15436907672205924,0.36227927312177377,-0.7122849393964366,-0.15436907672205924,0.3389057021769731,-0.7219302273574801,-0.15436907672205924,0.7376904715605382,0.24445088397270004,-0.3937510047026539,0.761064042505339,0.2540961719337435,-0.3937510047026539,0.36227927312177377,-0.7122849393964366,-0.3937510047026539,0.3389057021769731,-0.7219302273574801,-0.3937510047026539,0.7376904715605382 0.021288648
8 -1.0185417773292884,0.00907643155745505,1.9828229202156205,-1.0346084880836888,0.00907643155745505,1.1145260988958274,-1.5333912728263512,0.00907643155745505,1.1237554298515182,-1.5173245620719509,0.00907643155745505,1.9920522511713112,-1.0185417773292884,-0.27699808792761804,1.9828229202156205,-1.0346084880836888,-0.27699808792761804,1.1145260988958274,-1.5333912728263512,-0.27699808792761804,1.1237554298515182,-1.5173245620719509,-0.27699808792761804,1.9920522511713112 0.0010053182
8 0.04565615284976171,-0.27941558866210936,1.1893214280400455,0.04668937872500606,-0.27941558866210936,0.5016324459615076,-0.4878577672296445,-0.27941558866210936,0.5008293097224057,-0.48889099310488887,-0.27941558866210936,1.1885182918009436,0.04565615284976171,-0.6435912439375305,1.1893214280400455,0.04668937872500606,-0.6435912439375305,0.5016324459615076,-0.4878577672296445,-0.6435912439375305,0.5008293097224057,-0.48889099310488887,-0.6435912439375305,1.1885182918009436 0.0013747892
8 -0.2727586267867368,-0.09673208726950647,-0.6587627742932002,-0.2757777546283936,-0.09673208726950647,-1.5238405963129118,-0.7655286552033145,-0.09673208726950647,-1.522131362135633,-0.7625095273616577,-0.09673208726950647,-0.6570535401159211,-0.2727586267867368,-0.35621108876160623,-0.6587627742932002,-0.2757777546283936,-0.35621108876160623,-1.5238405963129118,-0.7655286552033145,-0.35621108876160623,-1.522131362135633,-0.7625095273616577,-0.35621108876160623,-0.6570535401159211 0.00030065828
8 0.17906671213144504,-0.33363809792705534,1.519613478964036,0.1568271628391051,-0.33363809792705534,0.7860645455829358,-0.322187924852316,-0.33363809792705534,0.8005872027223653,-0.2999483755599761,-0.33363809792705534,1.5341361361034656,0.17906671213144504,-0.5512218216209793,1.519613478964036,0.1568271628391051,-0.5512218216209793,0.7860645455829358,-0.322187924852316,-0.5512218216209793,0.8005872027223653,-0.2999483755599761,-0.5512218216209793,1.5341361361034656 0.00065470336
8 -0.1776035784143789,0.00830385105303763,1.1614825368134947,-0.17554409184089126,0.00830385105303763,0.6860731915011332,-0.7527027370076792,0.00830385105303763,0.6835729241163759,-0.7547622235811668,0.00830385105303763,1.1589822694287375,-0.1776035784143789,-0.35017335431269647,1.1614825368134947,-0.17554409184089126,-0.35017335431269647,0.6860731915011332,-0.7527027370076792,-0.35017335431269647,0.6835729241163759,-0.7547622235811668,-0.35017335431269647,1.1589822694287375 0.0037752714
8 0.14225349906332574,0.02582957518837689,1.3161366722546448,0.13493341492514727,0.02582957518837689,0.669018660741947,-0.3357998836363085,0.02582957518837689,0.6743435123004089,-0.32847979949813005,0.02582957518837689,1.3214615238131067,0.14225349906332574,-0.323382578022697,1.3161366722546448,0.13493341492514727,-0.323382578022697,0.669018660741947,-0.3357998836363085,-0.323382578022697,0.6743435123004089,-0.32847979949813005,-0.323382578022697,1.3214615238131067 0.00043590527
8 -0.1409975480675218,-0.164398189470253,1.2857999406829328,-0.1492582740513227,-0.164398189470253,0.7085782813521103,-0.6333102989554884,-0.164398189470253,0.7155056394562274,-0.6250495729716876,-0.164398189470253,1.29272729878705,-0.1409975480675218,-0.5055056253223801,1.2857999406829328,-0.1492582740513227,-0.5055056253223801,0.7085782813521103,-0.6333102989554884,-0.5055056253223801,0.7155056394562274,-0.6250495729716876,-0.5055056253223801,1.29272729878705 0.0005619458
8 -1.3319565351729956,-0.03529443575449945,1.700116298830304,-1.3505321320588148,-0.03529443575449945,0.9746051300981765,-1.7776926461929712,-0.03529443575449945,0.9855419176461364,-1.759117049307152,-0.03529443575449945,1.7110530863782638,-1.3319565351729956,-0.32041171954564096,1.700116298830304,-1.3505321320588148,-0.32041171954564096,0.9746051300981765,-1.7776926461929712,-0.32041171954564096,0.9855419176461364,-1.759117049307152,-0.32041171954564096,1.7110530863782638 0.00026944786
8 -0.4571851117298067,-0.0041138379127597935,-0.5116268945182598,-0.44982246474565435,-0.0041138379127597935,-1.41149197270921,-0.9360994475200712,-0.0041138379127597935,-1.41547066445696,-0.9434620945042236,-0.0041138379127597935,-0.5156055862660098,-0.4571851117298067,-0.27074684219054224,-0.5116268945182598,-0.44982246474565435,-0.27074684219054224,-1.41149197270921,-0.9360994475200712,-0.27074684219054224,-1.41547066445696,-0.9434620945042236,-0.27074684219054224,-0.5156055862660098 0.000361074
8 -0.4709463689850308,-0.07797986951105954,1.2040609961542736,-0.4841295117604508,-0.07797986951105954,0.5929929965683454,-0.9779455091430209,-0.07797986951105954,0.6036465519872058,-0.9647623663676009,-0.07797986951105954,1.2147145515731341,-0.4709463689850308,-0.45632010016209723,1.2040609961542736,-0.4841295117604508,-0.45632010016209723,0.5929929965683454,-0.9779455091430209,-0.45632010016209723,0.6036465519872058,-0.9647623663676009,-0.45632010016209723,1.2147145515731341 0.00751664
8 -0.36473974889582267,-0.1996178774387455,-0.4520960211880742,-0.38597536790146364,-0.1996178774387455,-1.3311293969700915,-0.9067516594522609,-0.1996178774387455,-1.3185485243670405,-0.8855160404466198,-0.1996178774387455,-0.4395151485850233,-0.36473974889582267,-0.492108807131567,-0.4520960211880742,-0.38597536790146364,-0.492108807131567,-1.3311293969700915,-0.9067516594522609,-0.492108807131567,-1.3185485243670405,-0.8855160404466198,-0.492108807131567,-0.4395151485850233 0.00018190248
8 0.07273868492695829,-0.11042748002716066,1.1307456729938041,0.0686064959809182,-0.11042748002716066,0.5219738819903532,-0.4337933140144064,-0.11042748002716066,0.5253840448330391,-0.4296611250683663,-0.11042748002716066,1.13415583583649,0.07273868492695829,-0.43950923176101686,1.1307456729938041,0.0686064959809182,-0.43950923176101686,0.5219738819903532,-0.4337933140144064,-0.43950923176101686,0.5253840448330391,-0.4296611250683663,-0.43950923176101686,1.13415583583649 0.0002867288
8 0.2312594845790187,-0.18143035082527162,1.306674819482554,0.22961877404912387,-0.18143035082527162,0.556348056322082,-0.21029727606957352,-0.18143035082527162,0.5573100037443748,-0.20865656553967868,-0.18143035082527162,1.3076367669048468,0.2312594845790187,-0.5106412062197113,1.306674819482554,0.22961877404912387,-0.5106412062197113,0.556348056322082,-0.21029727606957352,-0.5106412062197113,0.5573100037443748,-0.20865656553967868,-0.5106412062197113,1.3076367669048468 0.0007736218
8 -1.169422281232818,-0.14748837409921647,1.751049940389515,-1.1812666910302554,-0.14748837409921647,1.010550766254761,-1.6266494865741887,-0.14748837409921647,1.0176747395573844,-1.6148050767767514,-0.14748837409921647,1.7581739136921384,-1.169422281232818,-0.47165463508657457,1.751049940389515,-1.1812666910302554,-0.47165463508657457,1.010550766254761,-1.6266494865741887,-0.47165463508657457,1.0176747395573844,-1.6148050767767514,-0.47165463508657457,1.7581739136921384 0.00028971766
9 0.24445088397270004,-0.15436907672205924,0.761064042505339,0.2540961719337435,-0.15436907672205924,0.36227927312177377,-0.7122849393964366,-0.15436907672205924,0.3389057021769731,-0.7219302273574801,-0.15436907672205924,0.7376904715605382,0.24445088397270004,-0.3937510047026539,0.761064042505339,0.2540961719337435,-0.3937510047026539,0.36227927312177377,-0.7122849393964366,-0.3937510047026539,0.3389057021769731,-0.7219302273574801,-0.3937510047026539,0.7376904715605382 0.2756471
9 -1.0185417773292884,0.00907643155745505,1.9828229202156205,-1.0346084880836888,0.00907643155745505,1.1145260988958274,-1.5333912728263512,0.00907643155745505,1.1237554298515182,-1.5173245620719509,0.00907643155745505,1.9920522511713112,-1.0185417773292884,-0.27699808792761804,1.9828229202156205,-1.0346084880836888,-0.27699808792761804,1.1145260988958274,-1.5333912728263512,-0.27699808792761804,1.1237554298515182,-1.5173245620719509,-0.27699808792761804,1.9920522511713112 0.9076229
9 0.04565615284976171,-0.27941558866210936,1.1893214280400455,0.04668937872500606,-0.27941558866210936,0.5016324459615076,-0.4878577672296445,-0.27941558866210936,0.5008293097224057,-0.48889099310488887,-0.27941558866210936,1.1885182918009436,0.04565615284976171,-0.6435912439375305,1.1893214280400455,0.04668937872500606,-0.6435912439375305,0.5016324459615076,-0.4878577672296445,-0.6435912439375305,0.5008293097224057,-0.48889099310488887,-0.6435912439375305,1.1885182918009436 0.9292077
9 -0.2727586267867368,-0.09673208726950647,-0.6587627742932002,-0.2757777546283936,-0.09673208726950647,-1.5238405963129118,-0.7655286552033145,-0.09673208726950647,-1.522131362135633,-0.7625095273616577,-0.09673208726950647,-0.6570535401159211,-0.2727586267867368,-0.35621108876160623,-0.6587627742932002,-0.2757777546283936,-0.35621108876160623,-1.5238405963129118,-0.7655286552033145,-0.35621108876160623,-1.522131362135633,-0.7625095273616577,-0.35621108876160623,-0.6570535401159211 0.96947545
9 0.17906671213144504,-0.33363809792705534,1.519613478964036,0.1568271628391051,-0.33363809792705534,0.7860645455829358,-0.322187924852316,-0.33363809792705534,0.8005872027223653,-0.2999483755599761,-0.33363809792705534,1.5341361361034656,0.17906671213144504,-0.5512218216209793,1.519613478964036,0.1568271628391051,-0.5512218216209793,0.7860645455829358,-0.322187924852316,-0.5512218216209793,0.8005872027223653,-0.2999483755599761,-0.5512218216209793,1.5341361361034656 0.9514144
9 -0.1776035784143789,0.00830385105303763,1.1614825368134947,-0.17554409184089126,0.00830385105303763,0.6860731915011332,-0.7527027370076792,0.00830385105303763,0.6835729241163759,-0.7547622235811668,0.00830385105303763,1.1589822694287375,-0.1776035784143789,-0.35017335431269647,1.1614825368134947,-0.17554409184089126,-0.35017335431269647,0.6860731915011332,-0.7527027370076792,-0.35017335431269647,0.6835729241163759,-0.7547622235811668,-0.35017335431269647,1.1589822694287375 0.7636621
9 0.14225349906332574,0.02582957518837689,1.3161366722546448,0.13493341492514727,0.02582957518837689,0.669018660741947,-0.3357998836363085,0.02582957518837689,0.6743435123004089,-0.32847979949813005,0.02582957518837689,1.3214615238131067,0.14225349906332574,-0.323382578022697,1.3161366722546448,0.13493341492514727,-0.323382578022697,0.669018660741947,-0.3357998836363085,-0.323382578022697,0.6743435123004089,-0.32847979949813005,-0.323382578022697,1.3214615238131067 0.95662326
9 -0.1409975480675218,-0.164398189470253,1.2857999406829328,-0.1492582740513227,-0.164398189470253,0.7085782813521103,-0.6333102989554884,-0.164398189470253,0.7155056394562274,-0.6250495729716876,-0.164398189470253,1.29272729878705,-0.1409975480675218,-0.5055056253223801,1.2857999406829328,-0.1492582740513227,-0.5055056253223801,0.7085782813521103,-0.6333102989554884,-0.5055056253223801,0.7155056394562274,-0.6250495729716876,-0.5055056253223801,1.29272729878705 0.9578394
9 -1.3319565351729956,-0.03529443575449945,1.700116298830304,-1.3505321320588148,-0.03529443575449945,0.9746051300981765,-1.7776926461929712,-0.03529443575449945,0.9855419176461364,-1.759117049307152,-0.03529443575449945,1.7110530863782638,-1.3319565351729956,-0.32041171954564096,1.700116298830304,-1.3505321320588148,-0.32041171954564096,0.9746051300981765,-1.7776926461929712,-0.32041171954564096,0.9855419176461364,-1.759117049307152,-0.32041171954564096,1.7110530863782638 0.9730255
9 -0.4571851117298067,-0.0041138379127597935,-0.5116268945182598,-0.44982246474565435,-0.0041138379127597935,-1.41149197270921,-0.9360994475200712,-0.0041138379127597935,-1.41547066445696,-0.9434620945042236,-0.0041138379127597935,-0.5156055862660098,-0.4571851117298067,-0.27074684219054224,-0.5116268945182598,-0.44982246474565435,-0.27074684219054224,-1.41149197270921,-0.9360994475200712,-0.27074684219054224,-1.41547066445696,-0.9434620945042236,-0.27074684219054224,-0.5156055862660098 0.9568523
9 -0.4709463689850308,-0.07797986951105954,1.2040609961542736,-0.4841295117604508,-0.07797986951105954,0.5929929965683454,-0.9779455091430209,-0.07797986951105954,0.6036465519872058,-0.9647623663676009,-0.07797986951105954,1.2147145515731341,-0.4709463689850308,-0.45632010016209723,1.2040609961542736,-0.4841295117604508,-0.45632010016209723,0.5929929965683454,-0.9779455091430209,-0.45632010016209723,0.6036465519872058,-0.9647623663676009,-0.45632010016209723,1.2147145515731341 0.6800563
9 -0.36473974889582267,-0.1996178774387455,-0.4520960211880742,-0.38597536790146364,-0.1996178774387455,-1.3311293969700915,-0.9067516594522609,-0.1996178774387455,-1.3185485243670405,-0.8855160404466198,-0.1996178774387455,-0.4395151485850233,-0.36473974889582267,-0.492108807131567,-0.4520960211880742,-0.38597536790146364,-0.492108807131567,-1.3311293969700915,-0.9067516594522609,-0.492108807131567,-1.3185485243670405,-0.8855160404466198,-0.492108807131567,-0.4395151485850233 0.97642314
9 0.07273868492695829,-0.11042748002716066,1.1307456729938041,0.0686064959809182,-0.11042748002716066,0.5219738819903532,-0.4337933140144064,-0.11042748002716066,0.5253840448330391,-0.4296611250683663,-0.11042748002716066,1.13415583583649,0.07273868492695829,-0.43950923176101686,1.1307456729938041,0.0686064959809182,-0.43950923176101686,0.5219738819903532,-0.4337933140144064,-0.43950923176101686,0.5253840448330391,-0.4296611250683663,-0.43950923176101686,1.13415583583649 0.9672785
9 0.2312594845790187,-0.18143035082527162,1.306674819482554,0.22961877404912387,-0.18143035082527162,0.556348056322082,-0.21029727606957352,-0.18143035082527162,0.5573100037443748,-0.20865656553967868,-0.18143035082527162,1.3076367669048468,0.2312594845790187,-0.5106412062197113,1.306674819482554,0.22961877404912387,-0.5106412062197113,0.556348056322082,-0.21029727606957352,-0.5106412062197113,0.5573100037443748,-0.20865656553967868,-0.5106412062197113,1.3076367669048468 0.9348434
9 -1.169422281232818,-0.14748837409921647,1.751049940389515,-1.1812666910302554,-0.14748837409921647,1.010550766254761,-1.6266494865741887,-0.14748837409921647,1.0176747395573844,-1.6148050767767514,-0.14748837409921647,1.7581739136921384,-1.169422281232818,-0.47165463508657457,1.751049940389515,-1.1812666910302554,-0.47165463508657457,1.010550766254761,-1.6266494865741887,-0.47165463508657457,1.0176747395573844,-1.6148050767767514,-0.47165463508657457,1.7581739136921384 0.97415483
