0 -0.5227476402415852,-0.5245544947391129,-1.8903513712762223,-0.5400392481992041,-0.5245544947391129,-2.2699953775270205,-0.5895007804737469,-0.5245544947391129,-2.2677425580145494,-0.5722091725161279,-0.5245544947391129,-1.8880985517637512,-0.5227476402415852,-1.657264467358055,-1.8903513712762223,-0.5400392481992041,-1.657264467358055,-2.2699953775270205,-0.5895007804737469,-1.657264467358055,-2.2677425580145494,-0.5722091725161279,-1.657264467358055,-1.8880985517637512 0.009502952
0 -1.1833445533343416,0.009040233670976158,-1.980464242648777,-1.1960843230582983,0.009040233670976158,-2.3488935692796864,-2.1245809093884365,0.009040233670976158,-2.3167874587062034,-2.11184113966448,0.009040233670976158,-1.9483581320752938,-1.1833445533343416,-0.22667851763894797,-1.980464242648777,-1.1960843230582983,-0.22667851763894797,-2.3488935692796864,-2.1245809093884365,-0.22667851763894797,-2.3167874587062034,-2.11184113966448,-0.22667851763894797,-1.9483581320752938 0.014618986
0 -1.0429399165471716,0.19789189861706732,0.08780915659888122,-1.134675378454142,0.19789189861706732,-0.694588911460162,-1.8704581108728724,0.19789189861706732,-0.6083190552614484,-1.778722648965902,0.19789189861706732,0.1740790127975948,-1.0429399165471716,-0.2449464576094532,0.08780915659888122,-1.134675378454142,-0.2449464576094532,-0.694588911460162,-1.8704581108728724,-0.2449464576094532,-0.6083190552614484,-1.778722648965902,-0.2449464576094532,0.1740790127975948 0.0067627053
0 -0.19094167257671124,0.8319983595757866,-0.3085477282180499,-0.1473386499741972,0.8319983595757866,-1.1712176594280241,-0.4921961614954018,0.8319983595757866,-1.1886482308731368,-0.5357991840979158,0.8319983595757866,-0.32597829966316244,-0.19094167257671124,0.3822803383917427,-0.3085477282180499,-0.1473386499741972,0.3822803383917427,-1.1712176594280241,-0.4921961614954018,0.3822803383917427,-1.1886482308731368,-0.5357991840979158,0.3822803383917427,-0.32597829966316244 0.010777501
0 -1.2426504525119952,0.3542812969454193,-0.8846479116527975,-1.2639564682800817,0.3542812969454193,-1.3194017557112374,-2.0927467909877606,0.3542812969454193,-1.2787851632983744,-2.071440775219674,0.3542812969454193,-0.8440313192399344,-1.2426504525119952,0.09414825775543212,-0.8846479116527975,-1.2639564682800817,0.09414825775543212,-1.3194017557112374,-2.0927467909877606,0.09414825775543212,-1.2787851632983744,-2.071440775219674,0.09414825775543212,-0.8440313192399344 0.007312035
0 -0.006374729698290671,-0.8609274571144393,-1.1421509452965792,0.00015579748852034836,-0.8609274571144393,-1.4482445704933569,-1.009230958396802,-0.8609274571144393,-1.4697799018713895,-1.0157614855836132,-0.8609274571144393,-1.1636862766746119,-0.006374729698290671,-1.105390315750856,-1.1421509452965792,0.00015579748852034836,-1.105390315750856,-1.4482445704933569,-1.009230958396802,-1.105390315750856,-1.4697799018713895,-1.0157614855836132,-1.105390315750856,-1.1636862766746119 0.0054967217
1 -0.5227476402415852,-0.5245544947391129,-1.8903513712762223,-0.5400392481992041,-0.5245544947391129,-2.2699953775270205,-0.5895007804737469,-0.5245544947391129,-2.2677425580145494,-0.5722091725161279,-0.5245544947391129,-1.8880985517637512,-0.5227476402415852,-1.657264467358055,-1.8903513712762223,-0.5400392481992041,-1.657264467358055,-2.2699953775270205,-0.5895007804737469,-1.657264467358055,-2.2677425580145494,-0.5722091725161279,-1.657264467358055,-1.8880985517637512 0.008780003
1 -1.1833445533343416,0.009040233670976158,-1.980464242648777,-1.1960843230582983,0.009040233670976158,-2.3488935692796864,-2.1245809093884365,0.009040233670976158,-2.3167874587062034,-2.11184113966448,0.009040233670976158,-1.9483581320752938,-1.1833445533343416,-0.22667851763894797,-1.980464242648777,-1.1960843230582983,-0.22667851763894797,-2.3488935692796864,-2.1245809093884365,-0.22667851763894797,-2.3167874587062034,-2.11184113966448,-0.22667851763894797,-1.9483581320752938 0.009528094
1 -1.0429399165471716,0.19789189861706732,0.08780915659888122,-1.134675378454142,0.19789189861706732,-0.694588911460162,-1.8704581108728724,0.19789189861706732,-0.6083190552614484,-1.778722648965902,0.19789189861706732,0.1740790127975948,-1.0429399165471716,-0.2449464576094532,0.08780915659888122,-1.134675378454142,-0.2449464576094532,-0.694588911460162,-1.8704581108728724,-0.2449464576094532,-0.6083190552614484,-1.778722648965902,-0.2449464576094532,0.1740790127975948 0.007461665
1 -0.19094167257671124,0.8319983595757866,-0.3085477282180499,-0.1473386499741972,0.8319983595757866,-1.1712176594280241,-0.4921961614954018,0.8319983595757866,-1.1886482308731368,-0.5357991840979158,0.8319983595757866,-0.32597829966316244,-0.19094167257671124,0.3822803383917427,-0.3085477282180499,-0.1473386499741972,0.3822803383917427,-1.1712176594280241,-0.4921961614954018,0.3822803383917427,-1.1886482308731368,-0.5357991840979158,0.3822803383917427,-0.32597829966316244 0.0077949734
1 -1.2426504525119952,0.3542812969454193,-0.8846479116527975,-1.2639564682800817,0.3542812969454193,-1.3194017557112374,-2.0927467909877606,0.3542812969454193,-1.2787851632983744,-2.071440775219674,0.3542812969454193,-0.8440313192399344,-1.2426504525119952,0.09414825775543212,-0.8846479116527975,-1.2639564682800817,0.09414825775543212,-1.3194017557112374,-2.0927467909877606,0.09414825775543212,-1.2787851632983744,-2.071440775219674,0.09414825775543212,-0.8440313192399344 0.013991975
1 -0.006374729698290671,-0.8609274571144393,-1.1421509452965792,0.00015579748852034836,-0.8609274571144393,-1.4482445704933569,-1.009230958396802,-0.8609274571144393,-1.4697799018713895,-1.0157614855836132,-0.8609274571144393,-1.1636862766746119,-0.006374729698290671,-1.105390315750856,-1.1421509452965792,0.00015579748852034836,-1.105390315750856,-1.4482445704933569,-1.009230958396802,-1.105390315750856,-1.4697799018713895,-1.0157614855836132,-1.105390315750856,-1.1636862766746119 0.010368719
2 -0.5227476402415852,-0.5245544947391129,-1.8903513712762223,-0.5400392481992041,-0.5245544947391129,-2.2699953775270205,-0.5895007804737469,-0.5245544947391129,-2.2677425580145494,-0.5722091725161279,-0.5245544947391129,-1.8880985517637512,-0.5227476402415852,-1.657264467358055,-1.8903513712762223,-0.5400392481992041,-1.657264467358055,-2.2699953775270205,-0.5895007804737469,-1.657264467358055,-2.2677425580145494,-0.5722091725161279,-1.657264467358055,-1.8880985517637512 0.009361034
2 -1.1833445533343416,0.009040233670976158,-1.980464242648777,-1.1960843230582983,0.009040233670976158,-2.3488935692796864,-2.1245809093884365,0.009040233670976158,-2.3167874587062034,-2.11184113966448,0.009040233670976158,-1.9483581320752938,-1.1833445533343416,-0.22667851763894797,-1.980464242648777,-1.1960843230582983,-0.22667851763894797,-2.3488935692796864,-2.1245809093884365,-0.22667851763894797,-2.3167874587062034,-2.11184113966448,-0.22667851763894797,-1.9483581320752938 0.011088251
2 -1.0429399165471716,0.19789189861706732,0.08780915659888122,-1.134675378454142,0.19789189861706732,-0.694588911460162,-1.8704581108728724,0.19789189861706732,-0.6083190552614484,-1.778722648965902,0.19789189861706732,0.1740790127975948,-1.0429399165471716,-0.2449464576094532,0.08780915659888122,-1.134675378454142,-0.2449464576094532,-0.694588911460162,-1.8704581108728724,-0.2449464576094532,-0.6083190552614484,-1.778722648965902,-0.2449464576094532,0.1740790127975948 0.011165412
2 -0.19094167257671124,0.8319983595757866,-0.3085477282180499,-0.1473386499741972,0.8319983595757866,-1.1712176594280241,-0.4921961614954018,0.8319983595757866,-1.1886482308731368,-0.5357991840979158,0.8319983595757866,-0.32597829966316244,-0.19094167257671124,0.3822803383917427,-0.3085477282180499,-0.1473386499741972,0.3822803383917427,-1.1712176594280241,-0.4921961614954018,0.3822803383917427,-1.1886482308731368,-0.5357991840979158,0.3822803383917427,-0.32597829966316244 0.0056390716
2 -1.2426504525119952,0.3542812969454193,-0.8846479116527975,-1.2639564682800817,0.3542812969454193,-1.3194017557112374,-2.0927467909877606,0.3542812969454193,-1.2787851632983744,-2.071440775219674,0.3542812969454193,-0.8440313192399344,-1.2426504525119952,0.09414825775543212,-0.8846479116527975,-1.2639564682800817,0.09414825775543212,-1.3194017557112374,-2.0927467909877606,0.09414825775543212,-1.2787851632983744,-2.071440775219674,0.09414825775543212,-0.8440313192399344 0.009815491
2 -0.006374729698290671,-0.8609274571144393,-1.1421509452965792,0.00015579748852034836,-0.8609274571144393,-1.4482445704933569,-1.009230958396802,-0.8609274571144393,-1.4697799018713895,-1.0157614855836132,-0.8609274571144393,-1.1636862766746119,-0.006374729698290671,-1.105390315750856,-1.1421509452965792,0.00015579748852034836,-1.105390315750856,-1.4482445704933569,-1.009230958396802,-1.105390315750856,-1.4697799018713895,-1.0157614855836132,-1.105390315750856,-1.1636862766746119 0.010815944
3 -0.5227476402415852,-0.5245544947391129,-1.8903513712762223,-0.5400392481992041,-0.5245544947391129,-2.2699953775270205,-0.5895007804737469,-0.5245544947391129,-2.2677425580145494,-0.5722091725161279,-0.5245544947391129,-1.8880985517637512,-0.5227476402415852,-1.657264467358055,-1.8903513712762223,-0.5400392481992041,-1.657264467358055,-2.2699953775270205,-0.5895007804737469,-1.657264467358055,-2.2677425580145494,-0.5722091725161279,-1.657264467358055,-1.8880985517637512 0.006650063
3 -1.1833445533343416,0.009040233670976158,-1.980464242648777,-1.1960843230582983,0.009040233670976158,-2.3488935692796864,-2.1245809093884365,0.009040233670976158,-2.3167874587062034,-2.11184113966448,0.009040233670976158,-1.9483581320752938,-1.1833445533343416,-0.22667851763894797,-1.980464242648777,-1.1960843230582983,-0.22667851763894797,-2.3488935692796864,-2.1245809093884365,-0.22667851763894797,-2.3167874587062034,-2.11184113966448,-0.22667851763894797,-1.9483581320752938 0.00983027
3 -1.0429399165471716,0.19789189861706732,0.08780915659888122,-1.134675378454142,0.19789189861706732,-0.694588911460162,-1.8704581108728724,0.19789189861706732,-0.6083190552614484,-1.778722648965902,0.19789189861706732,0.1740790127975948,-1.0429399165471716,-0.2449464576094532,0.08780915659888122,-1.134675378454142,-0.2449464576094532,-0.694588911460162,-1.8704581108728724,-0.2449464576094532,-0.6083190552614484,-1.778722648965902,-0.2449464576094532,0.1740790127975948 0.004491736
3 -0.19094167257671124,0.8319983595757866,-0.3085477282180499,-0.1473386499741972,0.8319983595757866,-1.1712176594280241,-0.4921961614954018,0.8319983595757866,-1.1886482308731368,-0.5357991840979158,0.8319983595757866,-0.32597829966316244,-0.19094167257671124,0.3822803383917427,-0.3085477282180499,-0.1473386499741972,0.3822803383917427,-1.1712176594280241,-0.4921961614954018,0.3822803383917427,-1.1886482308731368,-0.5357991840979158,0.3822803383917427,-0.32597829966316244 0.0053486824
3 -1.2426504525119952,0.3542812969454193,-0.8846479116527975,-1.2639564682800817,0.3542812969454193,-1.3194017557112374,-2.0927467909877606,0.3542812969454193,-1.2787851632983744,-2.071440775219674,0.3542812969454193,-0.8440313192399344,-1.2426504525119952,0.09414825775543212,-0.8846479116527975,-1.2639564682800817,0.09414825775543212,-1.3194017557112374,-2.0927467909877606,0.09414825775543212,-1.2787851632983744,-2.071440775219674,0.09414825775543212,-0.8440313192399344 0.01033188
3 -0.006374729698290671,-0.8609274571144393,-1.1421509452965792,0.00015579748852034836,-0.8609274571144393,-1.4482445704933569,-1.009230958396802,-0.8609274571144393,-1.4697799018713895,-1.0157614855836132,-0.8609274571144393,-1.1636862766746119,-0.006374729698290671,-1.105390315750856,-1.1421509452965792,0.00015579748852034836,-1.105390315750856,-1.4482445704933569,-1.009230958396802,-1.105390315750856,-1.4697799018713895,-1.0157614855836132,-1.105390315750856,-1.1636862766746119 0.008145014
4 -0.5227476402415852,-0.5245544947391129,-1.8903513712762223,-0.5400392481992041,-0.5245544947391129,-2.2699953775270205,-0.5895007804737469,-0.5245544947391129,-2.2677425580145494,-0.5722091725161279,-0.5245544947391129,-1.8880985517637512,-0.5227476402415852,-1.657264467358055,-1.8903513712762223,-0.5400392481992041,-1.657264467358055,-2.2699953775270205,-0.5895007804737469,-1.657264467358055,-2.2677425580145494,-0.5722091725161279,-1.657264467358055,-1.8880985517637512 0.0059778513
4 -1.1833445533343416,0.009040233670976158,-1.980464242648777,-1.1960843230582983,0.009040233670976158,-2.3488935692796864,-2.1245809093884365,0.009040233670976158,-2.3167874587062034,-2.11184113966448,0.009040233670976158,-1.9483581320752938,-1.1833445533343416,-0.22667851763894797,-1.980464242648777,-1.1960843230582983,-0.22667851763894797,-2.3488935692796864,-2.1245809093884365,-0.22667851763894797,-2.3167874587062034,-2.11184113966448,-0.22667851763894797,-1.9483581320752938 0.0075738663
4 -1.0429399165471716,0.19789189861706732,0.08780915659888122,-1.134675378454142,0.19789189861706732,-0.694588911460162,-1.8704581108728724,0.19789189861706732,-0.6083190552614484,-1.778722648965902,0.19789189861706732,0.1740790127975948,-1.0429399165471716,-0.2449464576094532,0.08780915659888122,-1.134675378454142,-0.2449464576094532,-0.694588911460162,-1.8704581108728724,-0.2449464576094532,-0.6083190552614484,-1.778722648965902,-0.2449464576094532,0.1740790127975948 0.0030209408
4 -0.19094167257671124,0.8319983595757866,-0.3085477282180499,-0.1473386499741972,0.8319983595757866,-1.1712176594280241,-0.4921961614954018,0.8319983595757866,-1.1886482308731368,-0.5357991840979158,0.8319983595757866,-0.32597829966316244,-0.19094167257671124,0.3822803383917427,-0.3085477282180499,-0.1473386499741972,0.3822803383917427,-1.1712176594280241,-0.4921961614954018,0.3822803383917427,-1.1886482308731368,-0.5357991840979158,0.3822803383917427,-0.32597829966316244 0.0050382
4 -1.2426504525119952,0.3542812969454193,-0.8846479116527975,-1.2639564682800817,0.3542812969454193,-1.3194017557112374,-2.0927467909877606,0.3542812969454193,-1.2787851632983744,-2.071440775219674,0.3542812969454193,-0.8440313192399344,-1.2426504525119952,0.09414825775543212,-0.8846479116527975,-1.2639564682800817,0.09414825775543212,-1.3194017557112374,-2.0927467909877606,0.09414825775543212,-1.2787851632983744,-2.071440775219674,0.09414825775543212,-0.8440313192399344 0.005124084
4 -0.006374729698290671,-0.8609274571144393,-1.1421509452965792,0.00015579748852034836,-0.8609274571144393,-1.4482445704933569,-1.009230958396802,-0.8609274571144393,-1.4697799018713895,-1.0157614855836132,-0.8609274571144393,-1.1636862766746119,-0.006374729698290671,-1.105390315750856,-1.1421509452965792,0.00015579748852034836,-1.105390315750856,-1.4482445704933569,-1.009230958396802,-1.105390315750856,-1.4697799018713895,-1.0157614855836132,-1.105390315750856,-1.1636862766746119 0.0036930875
5 -0.5227476402415852,-0.5245544947391129,-1.8903513712762223,-0.5400392481992041,-0.5245544947391129,-2.2699953775270205,-0.5895007804737469,-0.5245544947391129,-2.2677425580145494,-0.5722091725161279,-0.5245544947391129,-1.8880985517637512,-0.5227476402415852,-1.657264467358055,-1.8903513712762223,-0.5400392481992041,-1.657264467358055,-2.2699953775270205,-0.5895007804737469,-1.657264467358055,-2.2677425580145494,-0.5722091725161279,-1.657264467358055,-1.8880985517637512 0.006966302
5 -1.1833445533343416,0.009040233670976158,-1.980464242648777,-1.1960843230582983,0.009040233670976158,-2.3488935692796864,-2.1245809093884365,0.009040233670976158,-2.3167874587062034,-2.11184113966448,0.009040233670976158,-1.9483581320752938,-1.1833445533343416,-0.22667851763894797,-1.980464242648777,-1.1960843230582983,-0.22667851763894797,-2.3488935692796864,-2.1245809093884365,-0.22667851763894797,-2.3167874587062034,-2.11184113966448,-0.22667851763894797,-1.9483581320752938 0.0082241995
5 -1.0429399165471716,0.19789189861706732,0.08780915659888122,-1.134675378454142,0.19789189861706732,-0.694588911460162,-1.8704581108728724,0.19789189861706732,-0.6083190552614484,-1.778722648965902,0.19789189861706732,0.1740790127975948,-1.0429399165471716,-0.2449464576094532,0.08780915659888122,-1.134675378454142,-0.2449464576094532,-0.694588911460162,-1.8704581108728724,-0.2449464576094532,-0.6083190552614484,-1.778722648965902,-0.2449464576094532,0.1740790127975948 0.0057058665
5 -0.19094167257671124,0.8319983595757866,-0.3085477282180499,-0.1473386499741972,0.8319983595757866,-1.1712176594280241,-0.4921961614954018,0.8319983595757866,-1.1886482308731368,-0.5357991840979158,0.8319983595757866,-0.32597829966316244,-0.19094167257671124,0.3822803383917427,-0.3085477282180499,-0.1473386499741972,0.3822803383917427,-1.1712176594280241,-0.4921961614954018,0.3822803383917427,-1.1886482308731368,-0.5357991840979158,0.3822803383917427,-0.32597829966316244 0.0067022378
5 -1.2426504525119952,0.3542812969454193,-0.8846479116527975,-1.2639564682800817,0.3542812969454193,-1.3194017557112374,-2.0927467909877606,0.3542812969454193,-1.2787851632983744,-2.071440775219674,0.3542812969454193,-0.8440313192399344,-1.2426504525119952,0.09414825775543212,-0.8846479116527975,-1.2639564682800817,0.09414825775543212,-1.3194017557112374,-2.0927467909877606,0.09414825775543212,-1.2787851632983744,-2.071440775219674,0.09414825775543212,-0.8440313192399344 0.006089423
5 -0.006374729698290671,-0.8609274571144393,-1.1421509452965792,0.00015579748852034836,-0.8609274571144393,-1.4482445704933569,-1.009230958396802,-0.8609274571144393,-1.4697799018713895,-1.0157614855836132,-0.8609274571144393,-1.1636862766746119,-0.006374729698290671,-1.105390315750856,-1.1421509452965792,0.00015579748852034836,-1.105390315750856,-1.4482445704933569,-1.009230958396802,-1.105390315750856,-1.4697799018713895,-1.0157614855836132,-1.105390315750856,-1.1636862766746119 0.004529398
6 -0.5227476402415852,-0.5245544947391129,-1.8903513712762223,-0.5400392481992041,-0.5245544947391129,-2.2699953775270205,-0.5895007804737469,-0.5245544947391129,-2.2677425580145494,-0.5722091725161279,-0.5245544947391129,-1.8880985517637512,-0.5227476402415852,-1.657264467358055,-1.8903513712762223,-0.5400392481992041,-1.657264467358055,-2.2699953775270205,-0.5895007804737469,-1.657264467358055,-2.2677425580145494,-0.5722091725161279,-1.657264467358055,-1.8880985517637512 0.0046415576
6 -1.1833445533343416,0.009040233670976158,-1.980464242648777,-1.1960843230582983,0.009040233670976158,-2.3488935692796864,-2.1245809093884365,0.009040233670976158,-2.3167874587062034,-2.11184113966448,0.009040233670976158,-1.9483581320752938,-1.1833445533343416,-0.22667851763894797,-1.980464242648777,-1.1960843230582983,-0.22667851763894797,-2.3488935692796864,-2.1245809093884365,-0.22667851763894797,-2.3167874587062034,-2.11184113966448,-0.22667851763894797,-1.9483581320752938 0.0063101477
6 -1.0429399165471716,0.19789189861706732,0.08780915659888122,-1.134675378454142,0.19789189861706732,-0.694588911460162,-1.8704581108728724,0.19789189861706732,-0.6083190552614484,-1.778722648965902,0.19789189861706732,0.1740790127975948,-1.0429399165471716,-0.2449464576094532,0.08780915659888122,-1.134675378454142,-0.2449464576094532,-0.694588911460162,-1.8704581108728724,-0.2449464576094532,-0.6083190552614484,-1.778722648965902,-0.2449464576094532,0.1740790127975948 0.0023378236
6 -0.19094167257671124,0.8319983595757866,-0.3085477282180499,-0.1473386499741972,0.8319983595757866,-1.1712176594280241,-0.4921961614954018,0.8319983595757866,-1.1886482308731368,-0.5357991840979158,0.8319983595757866,-0.32597829966316244,-0.19094167257671124,0.3822803383917427,-0.3085477282180499,-0.1473386499741972,0.3822803383917427,-1.1712176594280241,-0.4921961614954018,0.3822803383917427,-1.1886482308731368,-0.5357991840979158,0.3822803383917427,-0.32597829966316244 0.003356106
6 -1.2426504525119952,0.3542812969454193,-0.8846479116527975,-1.2639564682800817,0.3542812969454193,-1.3194017557112374,-2.0927467909877606,0.3542812969454193,-1.2787851632983744,-2.071440775219674,0.3542812969454193,-0.8440313192399344,-1.2426504525119952,0.09414825775543212,-0.8846479116527975,-1.2639564682800817,0.09414825775543212,-1.3194017557112374,-2.0927467909877606,0.09414825775543212,-1.2787851632983744,-2.071440775219674,0.09414825775543212,-0.8440313192399344 0.006295521
6 -0.006374729698290671,-0.8609274571144393,-1.1421509452965792,0.00015579748852034836,-0.8609274571144393,-1.4482445704933569,-1.009230958396802,-0.8609274571144393,-1.4697799018713895,-1.0157614855836132,-0.8609274571144393,-1.1636862766746119,-0.006374729698290671,-1.105390315750856,-1.1421509452965792,0.00015579748852034836,-1.105390315750856,-1.4482445704933569,-1.009230958396802,-1.105390315750856,-1.4697799018713895,-1.0157614855836132,-1.105390315750856,-1.1636862766746119 0.003083296
7 -0.5227476402415852,-0.5245544947391129,-1.8903513712762223,-0.5400392481992041,-0.5245544947391129,-2.2699953775270205,-0.5895007804737469,-0.5245544947391129,-2.2677425580145494,-0.5722091725161279,-0.5245544947391129,-1.8880985517637512,-0.5227476402415852,-1.657264467358055,-1.8903513712762223,-0.5400392481992041,-1.657264467358055,-2.2699953775270205,-0.5895007804737469,-1.657264467358055,-2.2677425580145494,-0.5722091725161279,-1.657264467358055,-1.8880985517637512 0.0051504658
7 -1.1833445533343416,0.009040233670976158,-1.980464242648777,-1.1960843230582983,0.009040233670976158,-2.3488935692796864,-2.1245809093884365,0.009040233670976158,-2.3167874587062034,-2.11184113966448,0.009040233670976158,-1.9483581320752938,-1.1833445533343416,-0.22667851763894797,-1.980464242648777,-1.1960843230582983,-0.22667851763894797,-2.3488935692796864,-2.1245809093884365,-0.22667851763894797,-2.3167874587062034,-2.11184113966448,-0.22667851763894797,-1.9483581320752938 0.006271742
7 -1.0429399165471716,0.19789189861706732,0.08780915659888122,-1.134675378454142,0.19789189861706732,-0.694588911460162,-1.8704581108728724,0.19789189861706732,-0.6083190552614484,-1.778722648965902,0.19789189861706732,0.1740790127975948,-1.0429399165471716,-0.2449464576094532,0.08780915659888122,-1.134675378454142,-0.2449464576094532,-0.694588911460162,-1.8704581108728724,-0.2449464576094532,-0.6083190552614484,-1.778722648965902,-0.2449464576094532,0.1740790127975948 0.004039933
7 -0.19094167257671124,0.8319983595757866,-0.3085477282180499,-0.1473386499741972,0.8319983595757866,-1.1712176594280241,-0.4921961614954018,0.8319983595757866,-1.1886482308731368,-0.5357991840979158,0.8319983595757866,-0.32597829966316244,-0.19094167257671124,0.3822803383917427,-0.3085477282180499,-0.1473386499741972,0.3822803383917427,-1.1712176594280241,-0.4921961614954018,0.3822803383917427,-1.1886482308731368,-0.5357991840979158,0.3822803383917427,-0.32597829966316244 0.005069298
7 -1.2426504525119952,0.3542812969454193,-0.8846479116527975,-1.2639564682800817,0.3542812969454193,-1.3194017557112374,-2.0927467909877606,0.3542812969454193,-1.2787851632983744,-2.071440775219674,0.3542812969454193,-0.8440313192399344,-1.2426504525119952,0.09414825775543212,-0.8846479116527975,-1.2639564682800817,0.09414825775543212,-1.3194017557112374,-2.0927467909877606,0.09414825775543212,-1.2787851632983744,-2.071440775219674,0.09414825775543212,-0.8440313192399344 0.006230219
7 -0.006374729698290671,-0.8609274571144393,-1.1421509452965792,0.00015579748852034836,-0.8609274571144393,-1.4482445704933569,-1.009230958396802,-0.8609274571144393,-1.4697799018713895,-1.0157614855836132,-0.8609274571144393,-1.1636862766746119,-0.006374729698290671,-1.105390315750856,-1.1421509452965792,0.00015579748852034836,-1.105390315750856,-1.4482445704933569,-1.009230958396802,-1.105390315750856,-1.4697799018713895,-1.0157614855836132,-1.105390315750856,-1.1636862766746119 0.003147376
8 -0.5227476402415852,-0.5245544947391129,-1.8903513712762223,-0.5400392481992041,-0.5245544947391129,-2.2699953775270205,-0.5895007804737469,-0.5245544947391129,-2.2677425580145494,-0.5722091725161279,-0.5245544947391129,-1.8880985517637512,-0.5227476402415852,-1.657264467358055,-1.8903513712762223,-0.5400392481992041,-1.657264467358055,-2.2699953775270205,-0.5895007804737469,-1.657264467358055,-2.2677425580145494,-0.5722091725161279,-1.657264467358055,-1.8880985517637512 0.006265992
8 -1.1833445533343416,0.009040233670976158,-1.980464242648777,-1.1960843230582983,0.009040233670976158,-2.3488935692796864,-2.1245809093884365,0.009040233670976158,-2.3167874587062034,-2.11184113966448,0.009040233670976158,-1.9483581320752938,-1.1833445533343416,-0.22667851763894797,-1.980464242648777,-1.1960843230582983,-0.22667851763894797,-2.3488935692796864,-2.1245809093884365,-0.22667851763894797,-2.3167874587062034,-2.11184113966448,-0.22667851763894797,-1.9483581320752938 0.0052539627
8 -1.0429399165471716,0.19789189861706732,0.08780915659888122,-1.134675378454142,0.19789189861706732,-0.694588911460162,-1.8704581108728724,0.19789189861706732,-0.6083190552614484,-1.778722648965902,0.19789189861706732,0.1740790127975948,-1.0429399165471716,-0.2449464576094532,0.08780915659888122,-1.134675378454142,-0.2449464576094532,-0.694588911460162,-1.8704581108728724,-0.2449464576094532,-0.6083190552614484,-1.778722648965902,-0.2449464576094532,0.1740790127975948 0.0060423343
8 -0.19094167257671124,0.8319983595757866,-0.3085477282180499,-0.1473386499741972,0.8319983595757866,-1.1712176594280241,-0.4921961614954018,0.8319983595757866,-1.1886482308731368,-0.5357991840979158,0.8319983595757866,-0.32597829966316244,-0.19094167257671124,0.3822803383917427,-0.3085477282180499,-0.1473386499741972,0.3822803383917427,-1.1712176594280241,-0.4921961614954018,0.3822803383917427,-1.1886482308731368,-0.5357991840979158,0.3822803383917427,-0.32597829966316244 0.0028092314
8 -1.2426504525119952,0.3542812969454193,-0.8846479116527975,-1.2639564682800817,0.3542812969454193,-1.3194017557112374,-2.0927467909877606,0.3542812969454193,-1.2787851632983744,-2.071440775219674,0.3542812969454193,-0.8440313192399344,-1.2426504525119952,0.09414825775543212,-0.8846479116527975,-1.2639564682800817,0.09414825775543212,-1.3194017557112374,-2.0927467909877606,0.09414825775543212,-1.2787851632983744,-2.071440775219674,0.09414825775543212,-0.8440313192399344 0.0058568385
8 -0.006374729698290671,-0.8609274571144393,-1.1421509452965792,0.00015579748852034836,-0.8609274571144393,-1.4482445704933569,-1.009230958396802,-0.8609274571144393,-1.4697799018713895,-1.0157614855836132,-0.8609274571144393,-1.1636862766746119,-0.006374729698290671,-1.105390315750856,-1.1421509452965792,0.00015579748852034836,-1.105390315750856,-1.4482445704933569,-1.009230958396802,-1.105390315750856,-1.4697799018713895,-1.0157614855836132,-1.105390315750856,-1.1636862766746119 0.0050352565
9 -0.5227476402415852,-0.5245544947391129,-1.8903513712762223,-0.5400392481992041,-0.5245544947391129,-2.2699953775270205,-0.5895007804737469,-0.5245544947391129,-2.2677425580145494,-0.5722091725161279,-0.5245544947391129,-1.8880985517637512,-0.5227476402415852,-1.657264467358055,-1.8903513712762223,-0.5400392481992041,-1.657264467358055,-2.2699953775270205,-0.5895007804737469,-1.657264467358055,-2.2677425580145494,-0.5722091725161279,-1.657264467358055,-1.8880985517637512 0.011292136
9 -1.1833445533343416,0.009040233670976158,-1.980464242648777,-1.1960843230582983,0.009040233670976158,-2.3488935692796864,-2.1245809093884365,0.009040233670976158,-2.3167874587062034,-2.11184113966448,0.009040233670976158,-1.9483581320752938,-1.1833445533343416,-0.22667851763894797,-1.980464242648777,-1.1960843230582983,-0.22667851763894797,-2.3488935692796864,-2.1245809093884365,-0.22667851763894797,-2.3167874587062034,-2.11184113966448,-0.22667851763894797,-1.9483581320752938 0.016559578
9 -1.0429399165471716,0.19789189861706732,0.08780915659888122,-1.134675378454142,0.19789189861706732,-0.694588911460162,-1.8704581108728724,0.19789189861706732,-0.6083190552614484,-1.778722648965902,0.19789189861706732,0.1740790127975948,-1.0429399165471716,-0.2449464576094532,0.08780915659888122,-1.134675378454142,-0.2449464576094532,-0.694588911460162,-1.8704581108728724,-0.2449464576094532,-0.6083190552614484,-1.778722648965902,-0.2449464576094532,0.1740790127975948 0.019293334
9 -0.19094167257671124,0.8319983595757866,-0.3085477282180499,-0.1473386499741972,0.8319983595757866,-1.1712176594280241,-0.4921961614954018,0.8319983595757866,-1.1886482308731368,-0.5357991840979158,0.8319983595757866,-0.32597829966316244,-0.19094167257671124,0.3822803383917427,-0.3085477282180499,-0.1473386499741972,0.3822803383917427,-1.1712176594280241,-0.4921961614954018,0.3822803383917427,-1.1886482308731368,-0.5357991840979158,0.3822803383917427,-0.32597829966316244 0.008903195
9 -1.2426504525119952,0.3542812969454193,-0.8846479116527975,-1.2639564682800817,0.3542812969454193,-1.3194017557112374,-2.0927467909877606,0.3542812969454193,-1.2787851632983744,-2.071440775219674,0.3542812969454193,-0.8440313192399344,-1.2426504525119952,0.09414825775543212,-0.8846479116527975,-1.2639564682800817,0.09414825775543212,-1.3194017557112374,-2.0927467909877606,0.09414825775543212,-1.2787851632983744,-2.071440775219674,0.09414825775543212,-0.8440313192399344 0.01692216
9 -0.006374729698290671,-0.8609274571144393,-1.1421509452965792,0.00015579748852034836,-0.8609274571144393,-1.4482445704933569,-1.009230958396802,-0.8609274571144393,-1.4697799018713895,-1.0157614855836132,-0.8609274571144393,-1.1636862766746119,-0.006374729698290671,-1.105390315750856,-1.1421509452965792,0.00015579748852034836,-1.105390315750856,-1.4482445704933569,-1.009230958396802,-1.105390315750856,-1.4697799018713895,-1.0157614855836132,-1.105390315750856,-1.1636862766746119 0.012295821
