0 1.614547068131925,-0.12530001619754316,-0.6561957362061673,1.615974595312465,-0.12530001619754316,-1.3270332692227302,0.8654579577317224,-0.12530001619754316,-1.3286303517454927,0.8640304305511826,-0.12530001619754316,-0.6577928187289299,1.614547068131925,-0.34475562354626177,-0.6561957362061673,1.615974595312465,-0.34475562354626177,-1.3270332692227302,0.8654579577317224,-0.34475562354626177,-1.3286303517454927,0.8640304305511826,-0.34475562354626177,-0.6577928187289299 0.82011473
0 1.5126409290227356,0.016177979354579444,-0.7152158340382928,1.5074951430247499,0.016177979354579444,-1.3793970726943416,0.9122677089777527,0.016177979354579444,-1.3747855106424933,0.9174134949757383,0.016177979354579444,-0.7106042719864444,1.5126409290227356,-0.19476803863497494,-0.7152158340382928,1.5074951430247499,-0.19476803863497494,-1.3793970726943416,0.9122677089777527,-0.19476803863497494,-1.3747855106424933,0.9174134949757383,-0.19476803863497494,-0.7106042719864444 0.74551517
0 0.9867395500005511,0.0534352036759448,0.8689085828840174,0.9867238994202163,0.0534352036759448,0.14494894251454954,0.255237187975523,0.0534352036759448,0.14496475581532342,0.25525283855585784,0.0534352036759448,0.8689243961847912,0.9867395500005511,-0.15156838024111507,0.8689085828840174,0.9867238994202163,-0.15156838024111507,0.14494894251454954,0.255237187975523,-0.15156838024111507,0.14496475581532342,0.25525283855585784,-0.15156838024111507,0.8689243961847912 0.69068116
0 0.8305568549843378,0.023414611980237948,2.130642048888898,0.8397827020450026,0.023414611980237948,1.4681300033233027,0.30547215006632134,0.023414611980237948,1.4606894330446953,0.2962463030056566,0.023414611980237948,2.123201478610291,0.8305568549843378,-0.24520422534636496,2.130642048888898,0.8397827020450026,-0.24520422534636496,1.4681300033233027,0.30547215006632134,-0.24520422534636496,1.4606894330446953,0.2962463030056566,-0.24520422534636496,2.123201478610291 0.025316337
0 0.736059063989581,0.14378273876003264,2.3917744128005185,0.7309434194227675,0.14378273876003264,1.6719753183786517,0.28100550739103425,0.14378273876003264,1.675173047374042,0.2861211519578477,0.14378273876003264,2.394972141795909,0.736059063989581,-0.16792890818408965,2.3917744128005185,0.7309434194227675,-0.16792890818408965,1.6719753183786517,0.28100550739103425,-0.16792890818408965,1.675173047374042,0.2861211519578477,-0.16792890818408965,2.394972141795909 0.0076694447
0 1.021988249624099,-0.04319084978111745,-0.257549366686936,1.0419070257337455,-0.04319084978111745,-0.9890102684555804,0.5522570840474708,-0.04319084978111745,-1.002344169880752,0.5323383079378244,-0.04319084978111745,-0.2708832681121076,1.021988249624099,-0.4744961729048872,-0.257549366686936,1.0419070257337455,-0.4744961729048872,-0.9890102684555804,0.5522570840474708,-0.4744961729048872,-1.002344169880752,0.5323383079378244,-0.4744961729048872,-0.2708832681121076 0.0044419244
0 1.7360184153461042,0.10473444970401048,-1.0272714090671868,1.7481666688458217,0.10473444970401048,-1.7448667408253407,1.1264028588390764,0.10473444970401048,-1.7553926515254645,1.114254605339359,0.10473444970401048,-1.0377973197673107,1.7360184153461042,-0.10371753485949754,-1.0272714090671868,1.7481666688458217,-0.10371753485949754,-1.7448667408253407,1.1264028588390764,-0.10371753485949754,-1.7553926515254645,1.114254605339359,-0.10371753485949754,-1.0377973197673107 0.6117574
0 1.613590644525713,-0.05792648805228949,-0.9196375003590255,1.615782833877292,-0.05792648805228949,-1.6401227591793195,0.9761954081781444,-0.05792648805228949,-1.6420688041911453,0.9740032188265656,-0.05792648805228949,-0.9215835453708514,1.613590644525713,-0.2781124888554406,-0.9196375003590255,1.615782833877292,-0.2781124888554406,-1.6401227591793195,0.9761954081781444,-0.2781124888554406,-1.6420688041911453,0.9740032188265656,-0.2781124888554406,-0.9215835453708514 0.80216783
0 1.843415503837382,0.007658565706406231,-0.9224555880317593,1.834387634376367,0.007658565706406231,-1.5932905105294943,1.2211251207811482,0.007658565706406231,-1.5850374310722446,1.2301529902421633,0.007658565706406231,-0.9142025085745097,1.843415503837382,-0.1952477491561514,-0.9224555880317593,1.834387634376367,-0.1952477491561514,-1.5932905105294943,1.2211251207811482,-0.1952477491561514,-1.5850374310722446,1.2301529902421633,-0.1952477491561514,-0.9142025085745097 0.8194838
1 1.614547068131925,-0.12530001619754316,-0.6561957362061673,1.615974595312465,-0.12530001619754316,-1.3270332692227302,0.8654579577317224,-0.12530001619754316,-1.3286303517454927,0.8640304305511826,-0.12530001619754316,-0.6577928187289299,1.614547068131925,-0.34475562354626177,-0.6561957362061673,1.615974595312465,-0.34475562354626177,-1.3270332692227302,0.8654579577317224,-0.34475562354626177,-1.3286303517454927,0.8640304305511826,-0.34475562354626177,-0.6577928187289299 0.01339365
1 1.5126409290227356,0.016177979354579444,-0.7152158340382928,1.5074951430247499,0.016177979354579444,-1.3793970726943416,0.9122677089777527,0.016177979354579444,-1.3747855106424933,0.9174134949757383,0.016177979354579444,-0.7106042719864444,1.5126409290227356,-0.19476803863497494,-0.7152158340382928,1.5074951430247499,-0.19476803863497494,-1.3793970726943416,0.9122677089777527,-0.19476803863497494,-1.3747855106424933,0.9174134949757383,-0.19476803863497494,-0.7106042719864444 0.01288319
1 0.9867395500005511,0.0534352036759448,0.8689085828840174,0.9867238994202163,0.0534352036759448,0.14494894251454954,0.255237187975523,0.0534352036759448,0.14496475581532342,0.25525283855585784,0.0534352036759448,0.8689243961847912,0.9867395500005511,-0.15156838024111507,0.8689085828840174,0.9867238994202163,-0.15156838024111507,0.14494894251454954,0.255237187975523,-0.15156838024111507,0.14496475581532342,0.25525283855585784,-0.15156838024111507,0.8689243961847912 0.038535483
1 0.8305568549843378,0.023414611980237948,2.130642048888898,0.8397827020450026,0.023414611980237948,1.4681300033233027,0.30547215006632134,0.023414611980237948,1.4606894330446953,0.2962463030056566,0.023414611980237948,2.123201478610291,0.8305568549843378,-0.24520422534636496,2.130642048888898,0.8397827020450026,-0.24520422534636496,1.4681300033233027,0.30547215006632134,-0.24520422534636496,1.4606894330446953,0.2962463030056566,-0.24520422534636496,2.123201478610291 0.003972435
1 0.736059063989581,0.14378273876003264,2.3917744128005185,0.7309434194227675,0.14378273876003264,1.6719753183786517,0.28100550739103425,0.14378273876003264,1.675173047374042,0.2861211519578477,0.14378273876003264,2.394972141795909,0.736059063989581,-0.16792890818408965,2.3917744128005185,0.7309434194227675,-0.16792890818408965,1.6719753183786517,0.28100550739103425,-0.16792890818408965,1.675173047374042,0.2861211519578477,-0.16792890818408965,2.394972141795909 0.0014568038
1 1.021988249624099,-0.04319084978111745,-0.257549366686936,1.0419070257337455,-0.04319084978111745,-0.9890102684555804,0.5522570840474708,-0.04319084978111745,-1.002344169880752,0.5323383079378244,-0.04319084978111745,-0.2708832681121076,1.021988249624099,-0.4744961729048872,-0.257549366686936,1.0419070257337455,-0.4744961729048872,-0.9890102684555804,0.5522570840474708,-0.4744961729048872,-1.002344169880752,0.5323383079378244,-0.4744961729048872,-0.2708832681121076 0.0011952154
1 1.7360184153461042,0.10473444970401048,-1.0272714090671868,1.7481666688458217,0.10473444970401048,-1.7448667408253407,1.1264028588390764,0.10473444970401048,-1.7553926515254645,1.114254605339359,0.10473444970401048,-1.0377973197673107,1.7360184153461042,-0.10371753485949754,-1.0272714090671868,1.7481666688458217,-0.10371753485949754,-1.7448667408253407,1.1264028588390764,-0.10371753485949754,-1.7553926515254645,1.114254605339359,-0.10371753485949754,-1.0377973197673107 0.013007504
1 1.613590644525713,-0.05792648805228949,-0.9196375003590255,1.615782833877292,-0.05792648805228949,-1.6401227591793195,0.9761954081781444,-0.05792648805228949,-1.6420688041911453,0.9740032188265656,-0.05792648805228949,-0.9215835453708514,1.613590644525713,-0.2781124888554406,-0.9196375003590255,1.615782833877292,-0.2781124888554406,-1.6401227591793195,0.9761954081781444,-0.2781124888554406,-1.6420688041911453,0.9740032188265656,-0.2781124888554406,-0.9215835453708514 0.011544916
1 1.843415503837382,0.007658565706406231,-0.9224555880317593,1.834387634376367,0.007658565706406231,-1.5932905105294943,1.2211251207811482,0.007658565706406231,-1.5850374310722446,1.2301529902421633,0.007658565706406231,-0.9142025085745097,1.843415503837382,-0.1952477491561514,-0.9224555880317593,1.834387634376367,-0.1952477491561514,-1.5932905105294943,1.2211251207811482,-0.1952477491561514,-1.5850374310722446,1.2301529902421633,-0.1952477491561514,-0.9142025085745097 0.014752402
2 1.614547068131925,-0.12530001619754316,-0.6561957362061673,1.615974595312465,-0.12530001619754316,-1.3270332692227302,0.8654579577317224,-0.12530001619754316,-1.3286303517454927,0.8640304305511826,-0.12530001619754316,-0.6577928187289299,1.614547068131925,-0.34475562354626177,-0.6561957362061673,1.615974595312465,-0.34475562354626177,-1.3270332692227302,0.8654579577317224,-0.34475562354626177,-1.3286303517454927,0.8640304305511826,-0.34475562354626177,-0.6577928187289299 0.02333526
2 1.5126409290227356,0.016177979354579444,-0.7152158340382928,1.5074951430247499,0.016177979354579444,-1.3793970726943416,0.9122677089777527,0.016177979354579444,-1.3747855106424933,0.9174134949757383,0.016177979354579444,-0.7106042719864444,1.5126409290227356,-0.19476803863497494,-0.7152158340382928,1.5074951430247499,-0.19476803863497494,-1.3793970726943416,0.9122677089777527,-0.19476803863497494,-1.3747855106424933,0.9174134949757383,-0.19476803863497494,-0.7106042719864444 0.025631791
2 0.9867395500005511,0.0534352036759448,0.8689085828840174,0.9867238994202163,0.0534352036759448,0.14494894251454954,0.255237187975523,0.0534352036759448,0.14496475581532342,0.25525283855585784,0.0534352036759448,0.8689243961847912,0.9867395500005511,-0.15156838024111507,0.8689085828840174,0.9867238994202163,-0.15156838024111507,0.14494894251454954,0.255237187975523,-0.15156838024111507,0.14496475581532342,0.25525283855585784,-0.15156838024111507,0.8689243961847912 0.027247135
2 0.8305568549843378,0.023414611980237948,2.130642048888898,0.8397827020450026,0.023414611980237948,1.4681300033233027,0.30547215006632134,0.023414611980237948,1.4606894330446953,0.2962463030056566,0.023414611980237948,2.123201478610291,0.8305568549843378,-0.24520422534636496,2.130642048888898,0.8397827020450026,-0.24520422534636496,1.4681300033233027,0.30547215006632134,-0.24520422534636496,1.4606894330446953,0.2962463030056566,-0.24520422534636496,2.123201478610291 0.010892095
2 0.736059063989581,0.14378273876003264,2.3917744128005185,0.7309434194227675,0.14378273876003264,1.6719753183786517,0.28100550739103425,0.14378273876003264,1.675173047374042,0.2861211519578477,0.14378273876003264,2.394972141795909,0.736059063989581,-0.16792890818408965,2.3917744128005185,0.7309434194227675,-0.16792890818408965,1.6719753183786517,0.28100550739103425,-0.16792890818408965,1.675173047374042,0.2861211519578477,-0.16792890818408965,2.394972141795909 0.0064320154
2 1.021988249624099,-0.04319084978111745,-0.257549366686936,1.0419070257337455,-0.04319084978111745,-0.9890102684555804,0.5522570840474708,-0.04319084978111745,-1.002344169880752,0.5323383079378244,-0.04319084978111745,-0.2708832681121076,1.021988249624099,-0.4744961729048872,-0.257549366686936,1.0419070257337455,-0.4744961729048872,-0.9890102684555804,0.5522570840474708,-0.4744961729048872,-1.002344169880752,0.5323383079378244,-0.4744961729048872,-0.2708832681121076 0.014296871
2 1.7360184153461042,0.10473444970401048,-1.0272714090671868,1.7481666688458217,0.10473444970401048,-1.7448667408253407,1.1264028588390764,0.10473444970401048,-1.7553926515254645,1.114254605339359,0.10473444970401048,-1.0377973197673107,1.7360184153461042,-0.10371753485949754,-1.0272714090671868,1.7481666688458217,-0.10371753485949754,-1.7448667408253407,1.1264028588390764,-0.10371753485949754,-1.7553926515254645,1.114254605339359,-0.10371753485949754,-1.0377973197673107 0.028594717
2 1.613590644525713,-0.05792648805228949,-0.9196375003590255,1.615782833877292,-0.05792648805228949,-1.6401227591793195,0.9761954081781444,-0.05792648805228949,-1.6420688041911453,0.9740032188265656,-0.05792648805228949,-0.9215835453708514,1.613590644525713,-0.2781124888554406,-0.9196375003590255,1.615782833877292,-0.2781124888554406,-1.6401227591793195,0.9761954081781444,-0.2781124888554406,-1.6420688041911453,0.9740032188265656,-0.2781124888554406,-0.9215835453708514 0.015297016
2 1.843415503837382,0.007658565706406231,-0.9224555880317593,1.834387634376367,0.007658565706406231,-1.5932905105294943,1.2211251207811482,0.007658565706406231,-1.5850374310722446,1.2301529902421633,0.007658565706406231,-0.9142025085745097,1.843415503837382,-0.1952477491561514,-0.9224555880317593,1.834387634376367,-0.1952477491561514,-1.5932905105294943,1.2211251207811482,-0.1952477491561514,-1.5850374310722446,1.2301529902421633,-0.1952477491561514,-0.9142025085745097 0.015589602
3 1.614547068131925,-0.12530001619754316,-0.6561957362061673,1.615974595312465,-0.12530001619754316,-1.3270332692227302,0.8654579577317224,-0.12530001619754316,-1.3286303517454927,0.8640304305511826,-0.12530001619754316,-0.6577928187289299,1.614547068131925,-0.34475562354626177,-0.6561957362061673,1.615974595312465,-0.34475562354626177,-1.3270332692227302,0.8654579577317224,-0.34475562354626177,-1.3286303517454927,0.8640304305511826,-0.34475562354626177,-0.6577928187289299 0.011109705
3 1.5126409290227356,0.016177979354579444,-0.7152158340382928,1.5074951430247499,0.016177979354579444,-1.3793970726943416,0.9122677089777527,0.016177979354579444,-1.3747855106424933,0.9174134949757383,0.016177979354579444,-0.7106042719864444,1.5126409290227356,-0.19476803863497494,-0.7152158340382928,1.5074951430247499,-0.19476803863497494,-1.3793970726943416,0.9122677089777527,-0.19476803863497494,-1.3747855106424933,0.9174134949757383,-0.19476803863497494,-0.7106042719864444 0.010477471
3 0.9867395500005511,0.0534352036759448,0.8689085828840174,0.9867238994202163,0.0534352036759448,0.14494894251454954,0.255237187975523,0.0534352036759448,0.14496475581532342,0.25525283855585784,0.0534352036759448,0.8689243961847912,0.9867395500005511,-0.15156838024111507,0.8689085828840174,0.9867238994202163,-0.15156838024111507,0.14494894251454954,0.255237187975523,-0.15156838024111507,0.14496475581532342,0.25525283855585784,-0.15156838024111507,0.8689243961847912 0.022900635
3 0.8305568549843378,0.023414611980237948,2.130642048888898,0.8397827020450026,0.023414611980237948,1.4681300033233027,0.30547215006632134,0.023414611980237948,1.4606894330446953,0.2962463030056566,0.023414611980237948,2.123201478610291,0.8305568549843378,-0.24520422534636496,2.130642048888898,0.8397827020450026,-0.24520422534636496,1.4681300033233027,0.30547215006632134,-0.24520422534636496,1.4606894330446953,0.2962463030056566,-0.24520422534636496,2.123201478610291 0.00061150035
3 0.736059063989581,0.14378273876003264,2.3917744128005185,0.7309434194227675,0.14378273876003264,1.6719753183786517,0.28100550739103425,0.14378273876003264,1.675173047374042,0.2861211519578477,0.14378273876003264,2.394972141795909,0.736059063989581,-0.16792890818408965,2.3917744128005185,0.7309434194227675,-0.16792890818408965,1.6719753183786517,0.28100550739103425,-0.16792890818408965,1.675173047374042,0.2861211519578477,-0.16792890818408965,2.394972141795909 0.00022555467
3 1.021988249624099,-0.04319084978111745,-0.257549366686936,1.0419070257337455,-0.04319084978111745,-0.9890102684555804,0.5522570840474708,-0.04319084978111745,-1.002344169880752,0.5323383079378244,-0.04319084978111745,-0.2708832681121076,1.021988249624099,-0.4744961729048872,-0.257549366686936,1.0419070257337455,-0.4744961729048872,-0.9890102684555804,0.5522570840474708,-0.4744961729048872,-1.002344169880752,0.5323383079378244,-0.4744961729048872,-0.2708832681121076 0.00032438003
3 1.7360184153461042,0.10473444970401048,-1.0272714090671868,1.7481666688458217,0.10473444970401048,-1.7448667408253407,1.1264028588390764,0.10473444970401048,-1.7553926515254645,1.114254605339359,0.10473444970401048,-1.0377973197673107,1.7360184153461042,-0.10371753485949754,-1.0272714090671868,1.7481666688458217,-0.10371753485949754,-1.7448667408253407,1.1264028588390764,-0.10371753485949754,-1.7553926515254645,1.114254605339359,-0.10371753485949754,-1.0377973197673107 0.007711693
3 1.613590644525713,-0.05792648805228949,-0.9196375003590255,1.615782833877292,-0.05792648805228949,-1.6401227591793195,0.9761954081781444,-0.05792648805228949,-1.6420688041911453,0.9740032188265656,-0.05792648805228949,-0.9215835453708514,1.613590644525713,-0.2781124888554406,-0.9196375003590255,1.615782833877292,-0.2781124888554406,-1.6401227591793195,0.9761954081781444,-0.2781124888554406,-1.6420688041911453,0.9740032188265656,-0.2781124888554406,-0.9215835453708514 0.010110546
3 1.843415503837382,0.007658565706406231,-0.9224555880317593,1.834387634376367,0.007658565706406231,-1.5932905105294943,1.2211251207811482,0.007658565706406231,-1.5850374310722446,1.2301529902421633,0.007658565706406231,-0.9142025085745097,1.843415503837382,-0.1952477491561514,-0.9224555880317593,1.834387634376367,-0.1952477491561514,-1.5932905105294943,1.2211251207811482,-0.1952477491561514,-1.5850374310722446,1.2301529902421633,-0.1952477491561514,-0.9142025085745097 0.008230494
4 1.614547068131925,-0.12530001619754316,-0.6561957362061673,1.615974595312465,-0.12530001619754316,-1.3270332692227302,0.8654579577317224,-0.12530001619754316,-1.3286303517454927,0.8640304305511826,-0.12530001619754316,-0.6577928187289299,1.614547068131925,-0.34475562354626177,-0.6561957362061673,1.615974595312465,-0.34475562354626177,-1.3270332692227302,0.8654579577317224,-0.34475562354626177,-1.3286303517454927,0.8640304305511826,-0.34475562354626177,-0.6577928187289299 0.005609466
4 1.5126409290227356,0.016177979354579444,-0.7152158340382928,1.5074951430247499,0.016177979354579444,-1.3793970726943416,0.9122677089777527,0.016177979354579444,-1.3747855106424933,0.9174134949757383,0.016177979354579444,-0.7106042719864444,1.5126409290227356,-0.19476803863497494,-0.7152158340382928,1.5074951430247499,-0.19476803863497494,-1.3793970726943416,0.9122677089777527,-0.19476803863497494,-1.3747855106424933,0.9174134949757383,-0.19476803863497494,-0.7106042719864444 0.0070728096
4 0.9867395500005511,0.0534352036759448,0.8689085828840174,0.9867238994202163,0.0534352036759448,0.14494894251454954,0.255237187975523,0.0534352036759448,0.14496475581532342,0.25525283855585784,0.0534352036759448,0.8689243961847912,0.9867395500005511,-0.15156838024111507,0.8689085828840174,0.9867238994202163,-0.15156838024111507,0.14494894251454954,0.255237187975523,-0.15156838024111507,0.14496475581532342,0.25525283855585784,-0.15156838024111507,0.8689243961847912 0.010227532
4 0.8305568549843378,0.023414611980237948,2.130642048888898,0.8397827020450026,0.023414611980237948,1.4681300033233027,0.30547215006632134,0.023414611980237948,1.4606894330446953,0.2962463030056566,0.023414611980237948,2.123201478610291,0.8305568549843378,-0.24520422534636496,2.130642048888898,0.8397827020450026,-0.24520422534636496,1.4681300033233027,0.30547215006632134,-0.24520422534636496,1.4606894330446953,0.2962463030056566,-0.24520422534636496,2.123201478610291 0.0007624745
4 0.736059063989581,0.14378273876003264,2.3917744128005185,0.7309434194227675,0.14378273876003264,1.6719753183786517,0.28100550739103425,0.14378273876003264,1.675173047374042,0.2861211519578477,0.14378273876003264,2.394972141795909,0.736059063989581,-0.16792890818408965,2.3917744128005185,0.7309434194227675,-0.16792890818408965,1.6719753183786517,0.28100550739103425,-0.16792890818408965,1.675173047374042,0.2861211519578477,-0.16792890818408965,2.394972141795909 0.00022198135
4 1.021988249624099,-0.04319084978111745,-0.257549366686936,1.0419070257337455,-0.04319084978111745,-0.9890102684555804,0.5522570840474708,-0.04319084978111745,-1.002344169880752,0.5323383079378244,-0.04319084978111745,-0.2708832681121076,1.021988249624099,-0.4744961729048872,-0.257549366686936,1.0419070257337455,-0.4744961729048872,-0.9890102684555804,0.5522570840474708,-0.4744961729048872,-1.002344169880752,0.5323383079378244,-0.4744961729048872,-0.2708832681121076 0.0003117766
4 1.7360184153461042,0.10473444970401048,-1.0272714090671868,1.7481666688458217,0.10473444970401048,-1.7448667408253407,1.1264028588390764,0.10473444970401048,-1.7553926515254645,1.114254605339359,0.10473444970401048,-1.0377973197673107,1.7360184153461042,-0.10371753485949754,-1.0272714090671868,1.7481666688458217,-0.10371753485949754,-1.7448667408253407,1.1264028588390764,-0.10371753485949754,-1.7553926515254645,1.114254605339359,-0.10371753485949754,-1.0377973197673107 0.0064086197
4 1.613590644525713,-0.05792648805228949,-0.9196375003590255,1.615782833877292,-0.05792648805228949,-1.6401227591793195,0.9761954081781444,-0.05792648805228949,-1.6420688041911453,0.9740032188265656,-0.05792648805228949,-0.9215835453708514,1.613590644525713,-0.2781124888554406,-0.9196375003590255,1.615782833877292,-0.2781124888554406,-1.6401227591793195,0.9761954081781444,-0.2781124888554406,-1.6420688041911453,0.9740032188265656,-0.2781124888554406,-0.9215835453708514 0.006065495
4 1.843415503837382,0.007658565706406231,-0.9224555880317593,1.834387634376367,0.007658565706406231,-1.5932905105294943,1.2211251207811482,0.007658565706406231,-1.5850374310722446,1.2301529902421633,0.007658565706406231,-0.9142025085745097,1.843415503837382,-0.1952477491561514,-0.9224555880317593,1.834387634376367,-0.1952477491561514,-1.5932905105294943,1.2211251207811482,-0.1952477491561514,-1.5850374310722446,1.2301529902421633,-0.1952477491561514,-0.9142025085745097 0.0059469366
5 1.614547068131925,-0.12530001619754316,-0.6561957362061673,1.615974595312465,-0.12530001619754316,-1.3270332692227302,0.8654579577317224,-0.12530001619754316,-1.3286303517454927,0.8640304305511826,-0.12530001619754316,-0.6577928187289299,1.614547068131925,-0.34475562354626177,-0.6561957362061673,1.615974595312465,-0.34475562354626177,-1.3270332692227302,0.8654579577317224,-0.34475562354626177,-1.3286303517454927,0.8640304305511826,-0.34475562354626177,-0.6577928187289299 0.058646075
5 1.5126409290227356,0.016177979354579444,-0.7152158340382928,1.5074951430247499,0.016177979354579444,-1.3793970726943416,0.9122677089777527,0.016177979354579444,-1.3747855106424933,0.9174134949757383,0.016177979354579444,-0.7106042719864444,1.5126409290227356,-0.19476803863497494,-0.7152158340382928,1.5074951430247499,-0.19476803863497494,-1.3793970726943416,0.9122677089777527,-0.19476803863497494,-1.3747855106424933,0.9174134949757383,-0.19476803863497494,-0.7106042719864444 0.08168517
5 0.9867395500005511,0.0534352036759448,0.8689085828840174,0.9867238994202163,0.0534352036759448,0.14494894251454954,0.255237187975523,0.0534352036759448,0.14496475581532342,0.25525283855585784,0.0534352036759448,0.8689243961847912,0.9867395500005511,-0.15156838024111507,0.8689085828840174,0.9867238994202163,-0.15156838024111507,0.14494894251454954,0.255237187975523,-0.15156838024111507,0.14496475581532342,0.25525283855585784,-0.15156838024111507,0.8689243961847912 0.0755252
5 0.8305568549843378,0.023414611980237948,2.130642048888898,0.8397827020450026,0.023414611980237948,1.4681300033233027,0.30547215006632134,0.023414611980237948,1.4606894330446953,0.2962463030056566,0.023414611980237948,2.123201478610291,0.8305568549843378,-0.24520422534636496,2.130642048888898,0.8397827020450026,-0.24520422534636496,1.4681300033233027,0.30547215006632134,-0.24520422534636496,1.4606894330446953,0.2962463030056566,-0.24520422534636496,2.123201478610291 0.003988856
5 0.736059063989581,0.14378273876003264,2.3917744128005185,0.7309434194227675,0.14378273876003264,1.6719753183786517,0.28100550739103425,0.14378273876003264,1.675173047374042,0.2861211519578477,0.14378273876003264,2.394972141795909,0.736059063989581,-0.16792890818408965,2.3917744128005185,0.7309434194227675,-0.16792890818408965,1.6719753183786517,0.28100550739103425,-0.16792890818408965,1.675173047374042,0.2861211519578477,-0.16792890818408965,2.394972141795909 0.0017387911
5 1.021988249624099,-0.04319084978111745,-0.257549366686936,1.0419070257337455,-0.04319084978111745,-0.9890102684555804,0.5522570840474708,-0.04319084978111745,-1.002344169880752,0.5323383079378244,-0.04319084978111745,-0.2708832681121076,1.021988249624099,-0.4744961729048872,-0.257549366686936,1.0419070257337455,-0.4744961729048872,-0.9890102684555804,0.5522570840474708,-0.4744961729048872,-1.002344169880752,0.5323383079378244,-0.4744961729048872,-0.2708832681121076 0.0026156676
5 1.7360184153461042,0.10473444970401048,-1.0272714090671868,1.7481666688458217,0.10473444970401048,-1.7448667408253407,1.1264028588390764,0.10473444970401048,-1.7553926515254645,1.114254605339359,0.10473444970401048,-1.0377973197673107,1.7360184153461042,-0.10371753485949754,-1.0272714090671868,1.7481666688458217,-0.10371753485949754,-1.7448667408253407,1.1264028588390764,-0.10371753485949754,-1.7553926515254645,1.114254605339359,-0.10371753485949754,-1.0377973197673107 0.060737725
5 1.613590644525713,-0.05792648805228949,-0.9196375003590255,1.615782833877292,-0.05792648805228949,-1.6401227591793195,0.9761954081781444,-0.05792648805228949,-1.6420688041911453,0.9740032188265656,-0.05792648805228949,-0.9215835453708514,1.613590644525713,-0.2781124888554406,-0.9196375003590255,1.615782833877292,-0.2781124888554406,-1.6401227591793195,0.9761954081781444,-0.2781124888554406,-1.6420688041911453,0.9740032188265656,-0.2781124888554406,-0.9215835453708514 0.065492995
5 1.843415503837382,0.007658565706406231,-0.9224555880317593,1.834387634376367,0.007658565706406231,-1.5932905105294943,1.2211251207811482,0.007658565706406231,-1.5850374310722446,1.2301529902421633,0.007658565706406231,-0.9142025085745097,1.843415503837382,-0.1952477491561514,-0.9224555880317593,1.834387634376367,-0.1952477491561514,-1.5932905105294943,1.2211251207811482,-0.1952477491561514,-1.5850374310722446,1.2301529902421633,-0.1952477491561514,-0.9142025085745097 0.060636427
6 1.614547068131925,-0.12530001619754316,-0.6561957362061673,1.615974595312465,-0.12530001619754316,-1.3270332692227302,0.8654579577317224,-0.12530001619754316,-1.3286303517454927,0.8640304305511826,-0.12530001619754316,-0.6577928187289299,1.614547068131925,-0.34475562354626177,-0.6561957362061673,1.615974595312465,-0.34475562354626177,-1.3270332692227302,0.8654579577317224,-0.34475562354626177,-1.3286303517454927,0.8640304305511826,-0.34475562354626177,-0.6577928187289299 0.015896996
6 1.5126409290227356,0.016177979354579444,-0.7152158340382928,1.5074951430247499,0.016177979354579444,-1.3793970726943416,0.9122677089777527,0.016177979354579444,-1.3747855106424933,0.9174134949757383,0.016177979354579444,-0.7106042719864444,1.5126409290227356,-0.19476803863497494,-0.7152158340382928,1.5074951430247499,-0.19476803863497494,-1.3793970726943416,0.9122677089777527,-0.19476803863497494,-1.3747855106424933,0.9174134949757383,-0.19476803863497494,-0.7106042719864444 0.024289642
6 0.9867395500005511,0.0534352036759448,0.8689085828840174,0.9867238994202163,0.0534352036759448,0.14494894251454954,0.255237187975523,0.0534352036759448,0.14496475581532342,0.25525283855585784,0.0534352036759448,0.8689243961847912,0.9867395500005511,-0.15156838024111507,0.8689085828840174,0.9867238994202163,-0.15156838024111507,0.14494894251454954,0.255237187975523,-0.15156838024111507,0.14496475581532342,0.25525283855585784,-0.15156838024111507,0.8689243961847912 0.038611
6 0.8305568549843378,0.023414611980237948,2.130642048888898,0.8397827020450026,0.023414611980237948,1.4681300033233027,0.30547215006632134,0.023414611980237948,1.4606894330446953,0.2962463030056566,0.023414611980237948,2.123201478610291,0.8305568549843378,-0.24520422534636496,2.130642048888898,0.8397827020450026,-0.24520422534636496,1.4681300033233027,0.30547215006632134,-0.24520422534636496,1.4606894330446953,0.2962463030056566,-0.24520422534636496,2.123201478610291 0.004196583
6 0.736059063989581,0.14378273876003264,2.3917744128005185,0.7309434194227675,0.14378273876003264,1.6719753183786517,0.28100550739103425,0.14378273876003264,1.675173047374042,0.2861211519578477,0.14378273876003264,2.394972141795909,0.736059063989581,-0.16792890818408965,2.3917744128005185,0.7309434194227675,-0.16792890818408965,1.6719753183786517,0.28100550739103425,-0.16792890818408965,1.675173047374042,0.2861211519578477,-0.16792890818408965,2.394972141795909 0.0012856525
6 1.021988249624099,-0.04319084978111745,-0.257549366686936,1.0419070257337455,-0.04319084978111745,-0.9890102684555804,0.5522570840474708,-0.04319084978111745,-1.002344169880752,0.5323383079378244,-0.04319084978111745,-0.2708832681121076,1.021988249624099,-0.4744961729048872,-0.257549366686936,1.0419070257337455,-0.4744961729048872,-0.9890102684555804,0.5522570840474708,-0.4744961729048872,-1.002344169880752,0.5323383079378244,-0.4744961729048872,-0.2708832681121076 0.0009068255
6 1.7360184153461042,0.10473444970401048,-1.0272714090671868,1.7481666688458217,0.10473444970401048,-1.7448667408253407,1.1264028588390764,0.10473444970401048,-1.7553926515254645,1.114254605339359,0.10473444970401048,-1.0377973197673107,1.7360184153461042,-0.10371753485949754,-1.0272714090671868,1.7481666688458217,-0.10371753485949754,-1.7448667408253407,1.1264028588390764,-0.10371753485949754,-1.7553926515254645,1.114254605339359,-0.10371753485949754,-1.0377973197673107 0.024595791
6 1.613590644525713,-0.05792648805228949,-0.9196375003590255,1.615782833877292,-0.05792648805228949,-1.6401227591793195,0.9761954081781444,-0.05792648805228949,-1.6420688041911453,0.9740032188265656,-0.05792648805228949,-0.9215835453708514,1.613590644525713,-0.2781124888554406,-0.9196375003590255,1.615782833877292,-0.2781124888554406,-1.6401227591793195,0.9761954081781444,-0.2781124888554406,-1.6420688041911453,0.9740032188265656,-0.2781124888554406,-0.9215835453708514 0.022337971
6 1.843415503837382,0.007658565706406231,-0.9224555880317593,1.834387634376367,0.007658565706406231,-1.5932905105294943,1.2211251207811482,0.007658565706406231,-1.5850374310722446,1.2301529902421633,0.007658565706406231,-0.9142025085745097,1.843415503837382,-0.1952477491561514,-0.9224555880317593,1.834387634376367,-0.1952477491561514,-1.5932905105294943,1.2211251207811482,-0.1952477491561514,-1.5850374310722446,1.2301529902421633,-0.1952477491561514,-0.9142025085745097 0.017719598
7 1.614547068131925,-0.12530001619754316,-0.6561957362061673,1.615974595312465,-0.12530001619754316,-1.3270332692227302,0.8654579577317224,-0.12530001619754316,-1.3286303517454927,0.8640304305511826,-0.12530001619754316,-0.6577928187289299,1.614547068131925,-0.34475562354626177,-0.6561957362061673,1.615974595312465,-0.34475562354626177,-1.3270332692227302,0.8654579577317224,-0.34475562354626177,-1.3286303517454927,0.8640304305511826,-0.34475562354626177,-0.6577928187289299 0.0028603997
7 1.5126409290227356,0.016177979354579444,-0.7152158340382928,1.5074951430247499,0.016177979354579444,-1.3793970726943416,0.9122677089777527,0.016177979354579444,-1.3747855106424933,0.9174134949757383,0.016177979354579444,-0.7106042719864444,1.5126409290227356,-0.19476803863497494,-0.7152158340382928,1.5074951430247499,-0.19476803863497494,-1.3793970726943416,0.9122677089777527,-0.19476803863497494,-1.3747855106424933,0.9174134949757383,-0.19476803863497494,-0.7106042719864444 0.004101239
7 0.9867395500005511,0.0534352036759448,0.8689085828840174,0.9867238994202163,0.0534352036759448,0.14494894251454954,0.255237187975523,0.0534352036759448,0.14496475581532342,0.25525283855585784,0.0534352036759448,0.8689243961847912,0.9867395500005511,-0.15156838024111507,0.8689085828840174,0.9867238994202163,-0.15156838024111507,0.14494894251454954,0.255237187975523,-0.15156838024111507,0.14496475581532342,0.25525283855585784,-0.15156838024111507,0.8689243961847912 0.007979454
7 0.8305568549843378,0.023414611980237948,2.130642048888898,0.8397827020450026,0.023414611980237948,1.4681300033233027,0.30547215006632134,0.023414611980237948,1.4606894330446953,0.2962463030056566,0.023414611980237948,2.123201478610291,0.8305568549843378,-0.24520422534636496,2.130642048888898,0.8397827020450026,-0.24520422534636496,1.4681300033233027,0.30547215006632134,-0.24520422534636496,1.4606894330446953,0.2962463030056566,-0.24520422534636496,2.123201478610291 0.0005225947
7 0.736059063989581,0.14378273876003264,2.3917744128005185,0.7309434194227675,0.14378273876003264,1.6719753183786517,0.28100550739103425,0.14378273876003264,1.675173047374042,0.2861211519578477,0.14378273876003264,2.394972141795909,0.736059063989581,-0.16792890818408965,2.3917744128005185,0.7309434194227675,-0.16792890818408965,1.6719753183786517,0.28100550739103425,-0.16792890818408965,1.675173047374042,0.2861211519578477,-0.16792890818408965,2.394972141795909 0.0001420052
7 1.021988249624099,-0.04319084978111745,-0.257549366686936,1.0419070257337455,-0.04319084978111745,-0.9890102684555804,0.5522570840474708,-0.04319084978111745,-1.002344169880752,0.5323383079378244,-0.04319084978111745,-0.2708832681121076,1.021988249624099,-0.4744961729048872,-0.257549366686936,1.0419070257337455,-0.4744961729048872,-0.9890102684555804,0.5522570840474708,-0.4744961729048872,-1.002344169880752,0.5323383079378244,-0.4744961729048872,-0.2708832681121076 0.00015459927
7 1.7360184153461042,0.10473444970401048,-1.0272714090671868,1.7481666688458217,0.10473444970401048,-1.7448667408253407,1.1264028588390764,0.10473444970401048,-1.7553926515254645,1.114254605339359,0.10473444970401048,-1.0377973197673107,1.7360184153461042,-0.10371753485949754,-1.0272714090671868,1.7481666688458217,-0.10371753485949754,-1.7448667408253407,1.1264028588390764,-0.10371753485949754,-1.7553926515254645,1.114254605339359,-0.10371753485949754,-1.0377973197673107 0.005047425
7 1.613590644525713,-0.05792648805228949,-0.9196375003590255,1.615782833877292,-0.05792648805228949,-1.6401227591793195,0.9761954081781444,-0.05792648805228949,-1.6420688041911453,0.9740032188265656,-0.05792648805228949,-0.9215835453708514,1.613590644525713,-0.2781124888554406,-0.9196375003590255,1.615782833877292,-0.2781124888554406,-1.6401227591793195,0.9761954081781444,-0.2781124888554406,-1.6420688041911453,0.9740032188265656,-0.2781124888554406,-0.9215835453708514 0.0030008287
7 1.843415503837382,0.007658565706406231,-0.9224555880317593,1.834387634376367,0.007658565706406231,-1.5932905105294943,1.2211251207811482,0.007658565706406231,-1.5850374310722446,1.2301529902421633,0.007658565706406231,-0.9142025085745097,1.843415503837382,-0.1952477491561514,-0.9224555880317593,1.834387634376367,-0.1952477491561514,-1.5932905105294943,1.2211251207811482,-0.1952477491561514,-1.5850374310722446,1.2301529902421633,-0.1952477491561514,-0.9142025085745097 0.003472707
8 1.614547068131925,-0.12530001619754316,-0.6561957362061673,1.615974595312465,-0.12530001619754316,-1.3270332692227302,0.8654579577317224,-0.12530001619754316,-1.3286303517454927,0.8640304305511826,-0.12530001619754316,-0.6577928187289299,1.614547068131925,-0.34475562354626177,-0.6561957362061673,1.615974595312465,-0.34475562354626177,-1.3270332692227302,0.8654579577317224,-0.34475562354626177,-1.3286303517454927,0.8640304305511826,-0.34475562354626177,-0.6577928187289299 0.003196516
8 1.5126409290227356,0.016177979354579444,-0.7152158340382928,1.5074951430247499,0.016177979354579444,-1.3793970726943416,0.9122677089777527,0.016177979354579444,-1.3747855106424933,0.9174134949757383,0.016177979354579444,-0.7106042719864444,1.5126409290227356,-0.19476803863497494,-0.7152158340382928,1.5074951430247499,-0.19476803863497494,-1.3793970726943416,0.9122677089777527,-0.19476803863497494,-1.3747855106424933,0.9174134949757383,-0.19476803863497494,-0.7106042719864444 0.0065115993
8 0.9867395500005511,0.0534352036759448,0.8689085828840174,0.9867238994202163,0.0534352036759448,0.14494894251454954,0.255237187975523,0.0534352036759448,0.14496475581532342,0.25525283855585784,0.0534352036759448,0.8689243961847912,0.9867395500005511,-0.15156838024111507,0.8689085828840174,0.9867238994202163,-0.15156838024111507,0.14494894251454954,0.255237187975523,-0.15156838024111507,0.14496475581532342,0.25525283855585784,-0.15156838024111507,0.8689243961847912 0.008746671
8 0.8305568549843378,0.023414611980237948,2.130642048888898,0.8397827020450026,0.023414611980237948,1.4681300033233027,0.30547215006632134,0.023414611980237948,1.4606894330446953,0.2962463030056566,0.023414611980237948,2.123201478610291,0.8305568549843378,-0.24520422534636496,2.130642048888898,0.8397827020450026,-0.24520422534636496,1.4681300033233027,0.30547215006632134,-0.24520422534636496,1.4606894330446953,0.2962463030056566,-0.24520422534636496,2.123201478610291 0.0021128545
8 0.736059063989581,0.14378273876003264,2.3917744128005185,0.7309434194227675,0.14378273876003264,1.6719753183786517,0.28100550739103425,0.14378273876003264,1.675173047374042,0.2861211519578477,0.14378273876003264,2.394972141795909,0.736059063989581,-0.16792890818408965,2.3917744128005185,0.7309434194227675,-0.16792890818408965,1.6719753183786517,0.28100550739103425,-0.16792890818408965,1.675173047374042,0.2861211519578477,-0.16792890818408965,2.394972141795909 0.00062844047
8 1.021988249624099,-0.04319084978111745,-0.257549366686936,1.0419070257337455,-0.04319084978111745,-0.9890102684555804,0.5522570840474708,-0.04319084978111745,-1.002344169880752,0.5323383079378244,-0.04319084978111745,-0.2708832681121076,1.021988249624099,-0.4744961729048872,-0.257549366686936,1.0419070257337455,-0.4744961729048872,-0.9890102684555804,0.5522570840474708,-0.4744961729048872,-1.002344169880752,0.5323383079378244,-0.4744961729048872,-0.2708832681121076 0.0007932194
8 1.7360184153461042,0.10473444970401048,-1.0272714090671868,1.7481666688458217,0.10473444970401048,-1.7448667408253407,1.1264028588390764,0.10473444970401048,-1.7553926515254645,1.114254605339359,0.10473444970401048,-1.0377973197673107,1.7360184153461042,-0.10371753485949754,-1.0272714090671868,1.7481666688458217,-0.10371753485949754,-1.7448667408253407,1.1264028588390764,-0.10371753485949754,-1.7553926515254645,1.114254605339359,-0.10371753485949754,-1.0377973197673107 0.009968126
8 1.613590644525713,-0.05792648805228949,-0.9196375003590255,1.615782833877292,-0.05792648805228949,-1.6401227591793195,0.9761954081781444,-0.05792648805228949,-1.6420688041911453,0.9740032188265656,-0.05792648805228949,-0.9215835453708514,1.613590644525713,-0.2781124888554406,-0.9196375003590255,1.615782833877292,-0.2781124888554406,-1.6401227591793195,0.9761954081781444,-0.2781124888554406,-1.6420688041911453,0.9740032188265656,-0.2781124888554406,-0.9215835453708514 0.004721666
8 1.843415503837382,0.007658565706406231,-0.9224555880317593,1.834387634376367,0.007658565706406231,-1.5932905105294943,1.2211251207811482,0.007658565706406231,-1.5850374310722446,1.2301529902421633,0.007658565706406231,-0.9142025085745097,1.843415503837382,-0.1952477491561514,-0.9224555880317593,1.834387634376367,-0.1952477491561514,-1.5932905105294943,1.2211251207811482,-0.1952477491561514,-1.5850374310722446,1.2301529902421633,-0.1952477491561514,-0.9142025085745097 0.0052578747
9 1.614547068131925,-0.12530001619754316,-0.6561957362061673,1.615974595312465,-0.12530001619754316,-1.3270332692227302,0.8654579577317224,-0.12530001619754316,-1.3286303517454927,0.8640304305511826,-0.12530001619754316,-0.6577928187289299,1.614547068131925,-0.34475562354626177,-0.6561957362061673,1.615974595312465,-0.34475562354626177,-1.3270332692227302,0.8654579577317224,-0.34475562354626177,-1.3286303517454927,0.8640304305511826,-0.34475562354626177,-0.6577928187289299 0.030418716
9 1.5126409290227356,0.016177979354579444,-0.7152158340382928,1.5074951430247499,0.016177979354579444,-1.3793970726943416,0.9122677089777527,0.016177979354579444,-1.3747855106424933,0.9174134949757383,0.016177979354579444,-0.7106042719864444,1.5126409290227356,-0.19476803863497494,-0.7152158340382928,1.5074951430247499,-0.19476803863497494,-1.3793970726943416,0.9122677089777527,-0.19476803863497494,-1.3747855106424933,0.9174134949757383,-0.19476803863497494,-0.7106042719864444 0.07211437
9 0.9867395500005511,0.0534352036759448,0.8689085828840174,0.9867238994202163,0.0534352036759448,0.14494894251454954,0.255237187975523,0.0534352036759448,0.14496475581532342,0.25525283855585784,0.0534352036759448,0.8689243961847912,0.9867395500005511,-0.15156838024111507,0.8689085828840174,0.9867238994202163,-0.15156838024111507,0.14494894251454954,0.255237187975523,-0.15156838024111507,0.14496475581532342,0.25525283855585784,-0.15156838024111507,0.8689243961847912 0.061651975
9 0.8305568549843378,0.023414611980237948,2.130642048888898,0.8397827020450026,0.023414611980237948,1.4681300033233027,0.30547215006632134,0.023414611980237948,1.4606894330446953,0.2962463030056566,0.023414611980237948,2.123201478610291,0.8305568549843378,-0.24520422534636496,2.130642048888898,0.8397827020450026,-0.24520422534636496,1.4681300033233027,0.30547215006632134,-0.24520422534636496,1.4606894330446953,0.2962463030056566,-0.24520422534636496,2.123201478610291 0.93682367
9 0.736059063989581,0.14378273876003264,2.3917744128005185,0.7309434194227675,0.14378273876003264,1.6719753183786517,0.28100550739103425,0.14378273876003264,1.675173047374042,0.2861211519578477,0.14378273876003264,2.394972141795909,0.736059063989581,-0.16792890818408965,2.3917744128005185,0.7309434194227675,-0.16792890818408965,1.6719753183786517,0.28100550739103425,-0.16792890818408965,1.675173047374042,0.2861211519578477,-0.16792890818408965,2.394972141795909 0.9764624
9 1.021988249624099,-0.04319084978111745,-0.257549366686936,1.0419070257337455,-0.04319084978111745,-0.9890102684555804,0.5522570840474708,-0.04319084978111745,-1.002344169880752,0.5323383079378244,-0.04319084978111745,-0.2708832681121076,1.021988249624099,-0.4744961729048872,-0.257549366686936,1.0419070257337455,-0.4744961729048872,-0.9890102684555804,0.5522570840474708,-0.4744961729048872,-1.002344169880752,0.5323383079378244,-0.4744961729048872,-0.2708832681121076 0.970324
9 1.7360184153461042,0.10473444970401048,-1.0272714090671868,1.7481666688458217,0.10473444970401048,-1.7448667408253407,1.1264028588390764,0.10473444970401048,-1.7553926515254645,1.114254605339359,0.10473444970401048,-1.0377973197673107,1.7360184153461042,-0.10371753485949754,-1.0272714090671868,1.7481666688458217,-0.10371753485949754,-1.7448667408253407,1.1264028588390764,-0.10371753485949754,-1.7553926515254645,1.114254605339359,-0.10371753485949754,-1.0377973197673107 0.22071435
9 1.613590644525713,-0.05792648805228949,-0.9196375003590255,1.615782833877292,-0.05792648805228949,-1.6401227591793195,0.9761954081781444,-0.05792648805228949,-1.6420688041911453,0.9740032188265656,-0.05792648805228949,-0.9215835453708514,1.613590644525713,-0.2781124888554406,-0.9196375003590255,1.615782833877292,-0.2781124888554406,-1.6401227591793195,0.9761954081781444,-0.2781124888554406,-1.6420688041911453,0.9740032188265656,-0.2781124888554406,-0.9215835453708514 0.05063337
9 1.843415503837382,0.007658565706406231,-0.9224555880317593,1.834387634376367,0.007658565706406231,-1.5932905105294943,1.2211251207811482,0.007658565706406231,-1.5850374310722446,1.2301529902421633,0.007658565706406231,-0.9142025085745097,1.843415503837382,-0.1952477491561514,-0.9224555880317593,1.834387634376367,-0.1952477491561514,-1.5932905105294943,1.2211251207811482,-0.1952477491561514,-1.5850374310722446,1.2301529902421633,-0.1952477491561514,-0.9142025085745097 0.039133154
