0 1.1487800279735982,0.2740686816870356,1.1640640273282972,1.1485617798721344,0.2740686816870356,0.3548844979790419,0.6304488977313578,0.2740686816870356,0.3550242409517321,0.6306671458328218,0.2740686816870356,1.1642037703009873,1.1487800279735982,-0.12400138208261965,1.1640640273282972,1.1485617798721344,-0.12400138208261965,0.3548844979790419,0.6304488977313578,-0.12400138208261965,0.3550242409517321,0.6306671458328218,-0.12400138208261965,1.1642037703009873 0.005592752
0 -0.13973748329754368,0.19372916983059882,1.338103948992413,-0.14833255220837052,0.19372916983059882,0.5159363954257853,-0.6071951424730252,0.19372916983059882,0.520733417111713,-0.5986000735621984,0.19372916983059882,1.3429009706783406,-0.13973748329754368,-0.07257962988308905,1.338103948992413,-0.14833255220837052,-0.07257962988308905,0.5159363954257853,-0.6071951424730252,-0.07257962988308905,0.520733417111713,-0.5986000735621984,-0.07257962988308905,1.3429009706783406 0.14056098
0 0.964241795514125,0.2947954303290606,-0.7519177504561951,0.9578396692366471,0.2947954303290606,-1.116330706062988,0.47550196173379977,0.2947954303290606,-1.107856839082379,0.48190408801127776,0.2947954303290606,-0.7434438834755862,0.964241795514125,-0.4471350378062487,-0.7519177504561951,0.9578396692366471,-0.4471350378062487,-1.116330706062988,0.47550196173379977,-0.4471350378062487,-1.107856839082379,0.48190408801127776,-0.4471350378062487,-0.7434438834755862 0.1178376
0 1.719122705376569,0.08712039427908182,-1.139316841678088,1.7184353670223442,0.08712039427908182,-1.8636326551981626,1.0209574128027523,0.08712039427908182,-1.8629707845883914,1.021644751156977,0.08712039427908182,-1.138654971068317,1.719122705376569,-0.08556347625406503,-1.139316841678088,1.7184353670223442,-0.08556347625406503,-1.8636326551981626,1.0209574128027523,-0.08556347625406503,-1.8629707845883914,1.021644751156977,-0.08556347625406503,-1.138654971068317 0.18105228
0 0.16607982346620215,-0.0487246270656395,1.4329464254609778,0.16363478668893477,-0.0487246270656395,0.7929221934712897,-0.5680766148289647,-0.0487246270656395,0.7957174958952233,-0.5656315780516972,-0.0487246270656395,1.4357417278849116,0.16607982346620215,-0.17241241974832533,1.4329464254609778,0.16363478668893477,-0.17241241974832533,0.7929221934712897,-0.5680766148289647,-0.17241241974832533,0.7957174958952233,-0.5656315780516972,-0.17241241974832533,1.4357417278849116 0.441313
0 0.867406445707301,0.15338787163457873,-0.6023605282868704,0.8630335905315363,0.15338787163457873,-0.8897484243966698,0.4924042642460071,0.15338787163457873,-0.8841089789305369,0.4967771194217719,0.15338787163457873,-0.5967210828207374,0.867406445707301,-0.4191127094145775,-0.6023605282868704,0.8630335905315363,-0.4191127094145775,-0.8897484243966698,0.4924042642460071,-0.4191127094145775,-0.8841089789305369,0.4967771194217719,-0.4191127094145775,-0.5967210828207374 0.024341032
0 1.0128533861407754,-0.14842891956128837,0.9591983766968885,1.0200750829090328,-0.14842891956128837,0.22930989918815686,0.5091767289867881,-0.14842891956128837,0.22425494476002072,0.5019550322185307,-0.14842891956128837,0.9541434222687524,1.0128533861407754,-0.5019166443272615,0.9591983766968885,1.0200750829090328,-0.5019166443272615,0.22930989918815686,0.5091767289867881,-0.5019166443272615,0.22425494476002072,0.5019550322185307,-0.5019166443272615,0.9541434222687524 0.008876483
0 1.6631276022220711,0.1507903763031498,-1.1757240251979835,1.670850579771444,0.1507903763031498,-1.70626049988917,1.1391633142208,0.1507903763031498,-1.7140002294101708,1.1314403366714272,0.1507903763031498,-1.1834637547189844,1.6631276022220711,-0.6078547366833225,-1.1757240251979835,1.670850579771444,-0.6078547366833225,-1.70626049988917,1.1391633142208,-0.6078547366833225,-1.7140002294101708,1.1314403366714272,-0.6078547366833225,-1.1834637547189844 0.060095493
0 1.6038412470573715,0.02003708208761218,-1.311460103224884,1.6070488502414242,0.02003708208761218,-1.7801872681222948,1.1063244920020767,0.02003708208761218,-1.783613835144867,1.103116888818024,0.02003708208761218,-1.3148866702474562,1.6038412470573715,-0.6310431631918907,-1.311460103224884,1.6070488502414242,-0.6310431631918907,-1.7801872681222948,1.1063244920020767,-0.6310431631918907,-1.783613835144867,1.103116888818024,-0.6310431631918907,-1.3148866702474562 0.010183304
0 1.448031337126895,-0.08678085257449147,-1.1754781252546815,1.4487876923978298,-0.08678085257449147,-1.6005624971566472,0.9959221769722262,-0.08678085257449147,-1.6013682835893126,0.9951658217012913,-0.08678085257449147,-1.176283911687347,1.448031337126895,-0.7724240357693195,-1.1754781252546815,1.4487876923978298,-0.7724240357693195,-1.6005624971566472,0.9959221769722262,-0.7724240357693195,-1.6013682835893126,0.9951658217012913,-0.7724240357693195,-1.176283911687347 0.009742595
0 0.7672878835071668,0.09218100371620658,-0.6569844015160361,0.7626490215532655,0.09218100371620658,-1.0094394682916403,0.34818705583914666,0.09218100371620658,-1.0039844982108317,0.35282591779304795,0.09218100371620658,-0.6515294314352273,0.7672878835071668,-0.6197491652037859,-0.6569844015160361,0.7626490215532655,-0.6197491652037859,-1.0094394682916403,0.34818705583914666,-0.6197491652037859,-1.0039844982108317,0.35282591779304795,-0.6197491652037859,-0.6515294314352273 0.00097589707
0 1.8863846559541164,0.14902536134311972,-1.2736785667988295,1.8859224625583617,0.14902536134311972,-2.020151744409506,1.1894803743345799,0.14902536134311972,-2.019720528736449,1.1899425677303346,0.14902536134311972,-1.2732473511257723,1.8863846559541164,-0.054214830799792404,-1.2736785667988295,1.8859224625583617,-0.054214830799792404,-2.020151744409506,1.1894803743345799,-0.054214830799792404,-2.019720528736449,1.1899425677303346,-0.054214830799792404,-1.2732473511257723 0.2924978
0 1.723103276910931,0.2574098882328892,-1.3239848483594139,1.726924397962226,0.2574098882328892,-1.6670348545243192,1.1726079066370427,0.2574098882328892,-1.6732092033831398,1.1687867855857477,0.2574098882328892,-1.3301591972182345,1.723103276910931,-0.41363087567204476,-1.3239848483594139,1.726924397962226,-0.41363087567204476,-1.6670348545243192,1.1726079066370427,-0.41363087567204476,-1.6732092033831398,1.1687867855857477,-0.41363087567204476,-1.3301591972182345 0.17918935
0 -0.17652631380242023,-0.12336776761718751,1.4442288482000707,-0.18562829468403796,-0.12336776761718751,0.5856621502123682,-0.7240939082892546,-0.12336776761718751,0.5913706219384791,-0.7149919274076368,-0.12336776761718751,1.4499373199261816,-0.17652631380242023,-0.49445684643081667,1.4442288482000707,-0.18562829468403796,-0.49445684643081667,0.5856621502123682,-0.7240939082892546,-0.49445684643081667,0.5913706219384791,-0.7149919274076368,-0.49445684643081667,1.4499373199261816 0.083006054
0 1.1215396091503589,0.039064576081850516,1.088154337692814,1.1237143699405265,0.039064576081850516,0.3339552052037439,0.642976982875398,0.039064576081850516,0.3325689813608359,0.6408022220852303,0.039064576081850516,1.0867681138499061,1.1215396091503589,-0.35178785508117916,1.088154337692814,1.1237143699405265,-0.35178785508117916,0.3339552052037439,0.642976982875398,-0.35178785508117916,0.3325689813608359,0.6408022220852303,-0.35178785508117916,1.0867681138499061 0.001836733
0 1.8736943343561396,0.15606888761820314,-1.2441830073150404,1.865544010553521,0.15606888761820314,-1.9758252223457173,1.1385148426610723,0.15606888761820314,-1.9677262868133776,1.1466651664636909,0.15606888761820314,-1.2360840717827006,1.8736943343561396,-0.004430245664734836,-1.2441830073150404,1.865544010553521,-0.004430245664734836,-1.9758252223457173,1.1385148426610723,-0.004430245664734836,-1.9677262868133776,1.1466651664636909,-0.004430245664734836,-1.2360840717827006 0.3885061
0 -0.11961057893301374,-0.005866169765672696,1.2990558250123438,-0.12732512816667163,-0.005866169765672696,0.5388832459521142,-0.6795276094291078,-0.005866169765672696,0.5444872276609961,-0.67181306019545,-0.005866169765672696,1.3046598067212256,-0.11961057893301374,-0.28183364884547235,1.2990558250123438,-0.12732512816667163,-0.28183364884547235,0.5388832459521142,-0.6795276094291078,-0.28183364884547235,0.5444872276609961,-0.67181306019545,-0.28183364884547235,1.3046598067212256 0.049572192
1 1.1487800279735982,0.2740686816870356,1.1640640273282972,1.1485617798721344,0.2740686816870356,0.3548844979790419,0.6304488977313578,0.2740686816870356,0.3550242409517321,0.6306671458328218,0.2740686816870356,1.1642037703009873,1.1487800279735982,-0.12400138208261965,1.1640640273282972,1.1485617798721344,-0.12400138208261965,0.3548844979790419,0.6304488977313578,-0.12400138208261965,0.3550242409517321,0.6306671458328218,-0.12400138208261965,1.1642037703009873 0.010788535
1 -0.13973748329754368,0.19372916983059882,1.338103948992413,-0.14833255220837052,0.19372916983059882,0.5159363954257853,-0.6071951424730252,0.19372916983059882,0.520733417111713,-0.5986000735621984,0.19372916983059882,1.3429009706783406,-0.13973748329754368,-0.07257962988308905,1.338103948992413,-0.14833255220837052,-0.07257962988308905,0.5159363954257853,-0.6071951424730252,-0.07257962988308905,0.520733417111713,-0.5986000735621984,-0.07257962988308905,1.3429009706783406 0.01463489
1 0.964241795514125,0.2947954303290606,-0.7519177504561951,0.9578396692366471,0.2947954303290606,-1.116330706062988,0.47550196173379977,0.2947954303290606,-1.107856839082379,0.48190408801127776,0.2947954303290606,-0.7434438834755862,0.964241795514125,-0.4471350378062487,-0.7519177504561951,0.9578396692366471,-0.4471350378062487,-1.116330706062988,0.47550196173379977,-0.4471350378062487,-1.107856839082379,0.48190408801127776,-0.4471350378062487,-0.7434438834755862 0.008112311
1 1.719122705376569,0.08712039427908182,-1.139316841678088,1.7184353670223442,0.08712039427908182,-1.8636326551981626,1.0209574128027523,0.08712039427908182,-1.8629707845883914,1.021644751156977,0.08712039427908182,-1.138654971068317,1.719122705376569,-0.08556347625406503,-1.139316841678088,1.7184353670223442,-0.08556347625406503,-1.8636326551981626,1.0209574128027523,-0.08556347625406503,-1.8629707845883914,1.021644751156977,-0.08556347625406503,-1.138654971068317 0.051166642
1 0.16607982346620215,-0.0487246270656395,1.4329464254609778,0.16363478668893477,-0.0487246270656395,0.7929221934712897,-0.5680766148289647,-0.0487246270656395,0.7957174958952233,-0.5656315780516972,-0.0487246270656395,1.4357417278849116,0.16607982346620215,-0.17241241974832533,1.4329464254609778,0.16363478668893477,-0.17241241974832533,0.7929221934712897,-0.5680766148289647,-0.17241241974832533,0.7957174958952233,-0.5656315780516972,-0.17241241974832533,1.4357417278849116 0.029783051
1 0.867406445707301,0.15338787163457873,-0.6023605282868704,0.8630335905315363,0.15338787163457873,-0.8897484243966698,0.4924042642460071,0.15338787163457873,-0.8841089789305369,0.4967771194217719,0.15338787163457873,-0.5967210828207374,0.867406445707301,-0.4191127094145775,-0.6023605282868704,0.8630335905315363,-0.4191127094145775,-0.8897484243966698,0.4924042642460071,-0.4191127094145775,-0.8841089789305369,0.4967771194217719,-0.4191127094145775,-0.5967210828207374 0.0041129994
1 1.0128533861407754,-0.14842891956128837,0.9591983766968885,1.0200750829090328,-0.14842891956128837,0.22930989918815686,0.5091767289867881,-0.14842891956128837,0.22425494476002072,0.5019550322185307,-0.14842891956128837,0.9541434222687524,1.0128533861407754,-0.5019166443272615,0.9591983766968885,1.0200750829090328,-0.5019166443272615,0.22930989918815686,0.5091767289867881,-0.5019166443272615,0.22425494476002072,0.5019550322185307,-0.5019166443272615,0.9541434222687524 0.0050104423
1 1.6631276022220711,0.1507903763031498,-1.1757240251979835,1.670850579771444,0.1507903763031498,-1.70626049988917,1.1391633142208,0.1507903763031498,-1.7140002294101708,1.1314403366714272,0.1507903763031498,-1.1834637547189844,1.6631276022220711,-0.6078547366833225,-1.1757240251979835,1.670850579771444,-0.6078547366833225,-1.70626049988917,1.1391633142208,-0.6078547366833225,-1.7140002294101708,1.1314403366714272,-0.6078547366833225,-1.1834637547189844 0.07713335
1 1.6038412470573715,0.02003708208761218,-1.311460103224884,1.6070488502414242,0.02003708208761218,-1.7801872681222948,1.1063244920020767,0.02003708208761218,-1.783613835144867,1.103116888818024,0.02003708208761218,-1.3148866702474562,1.6038412470573715,-0.6310431631918907,-1.311460103224884,1.6070488502414242,-0.6310431631918907,-1.7801872681222948,1.1063244920020767,-0.6310431631918907,-1.783613835144867,1.103116888818024,-0.6310431631918907,-1.3148866702474562 0.011779304
1 1.448031337126895,-0.08678085257449147,-1.1754781252546815,1.4487876923978298,-0.08678085257449147,-1.6005624971566472,0.9959221769722262,-0.08678085257449147,-1.6013682835893126,0.9951658217012913,-0.08678085257449147,-1.176283911687347,1.448031337126895,-0.7724240357693195,-1.1754781252546815,1.4487876923978298,-0.7724240357693195,-1.6005624971566472,0.9959221769722262,-0.7724240357693195,-1.6013682835893126,0.9951658217012913,-0.7724240357693195,-1.176283911687347 0.011554072
1 0.7672878835071668,0.09218100371620658,-0.6569844015160361,0.7626490215532655,0.09218100371620658,-1.0094394682916403,0.34818705583914666,0.09218100371620658,-1.0039844982108317,0.35282591779304795,0.09218100371620658,-0.6515294314352273,0.7672878835071668,-0.6197491652037859,-0.6569844015160361,0.7626490215532655,-0.6197491652037859,-1.0094394682916403,0.34818705583914666,-0.6197491652037859,-1.0039844982108317,0.35282591779304795,-0.6197491652037859,-0.6515294314352273 0.00049094163
1 1.8863846559541164,0.14902536134311972,-1.2736785667988295,1.8859224625583617,0.14902536134311972,-2.020151744409506,1.1894803743345799,0.14902536134311972,-2.019720528736449,1.1899425677303346,0.14902536134311972,-1.2732473511257723,1.8863846559541164,-0.054214830799792404,-1.2736785667988295,1.8859224625583617,-0.054214830799792404,-2.020151744409506,1.1894803743345799,-0.054214830799792404,-2.019720528736449,1.1899425677303346,-0.054214830799792404,-1.2732473511257723 0.049863465
1 1.723103276910931,0.2574098882328892,-1.3239848483594139,1.726924397962226,0.2574098882328892,-1.6670348545243192,1.1726079066370427,0.2574098882328892,-1.6732092033831398,1.1687867855857477,0.2574098882328892,-1.3301591972182345,1.723103276910931,-0.41363087567204476,-1.3239848483594139,1.726924397962226,-0.41363087567204476,-1.6670348545243192,1.1726079066370427,-0.41363087567204476,-1.6732092033831398,1.1687867855857477,-0.41363087567204476,-1.3301591972182345 0.04706948
1 -0.17652631380242023,-0.12336776761718751,1.4442288482000707,-0.18562829468403796,-0.12336776761718751,0.5856621502123682,-0.7240939082892546,-0.12336776761718751,0.5913706219384791,-0.7149919274076368,-0.12336776761718751,1.4499373199261816,-0.17652631380242023,-0.49445684643081667,1.4442288482000707,-0.18562829468403796,-0.49445684643081667,0.5856621502123682,-0.7240939082892546,-0.49445684643081667,0.5913706219384791,-0.7149919274076368,-0.49445684643081667,1.4499373199261816 0.015911192
1 1.1215396091503589,0.039064576081850516,1.088154337692814,1.1237143699405265,0.039064576081850516,0.3339552052037439,0.642976982875398,0.039064576081850516,0.3325689813608359,0.6408022220852303,0.039064576081850516,1.0867681138499061,1.1215396091503589,-0.35178785508117916,1.088154337692814,1.1237143699405265,-0.35178785508117916,0.3339552052037439,0.642976982875398,-0.35178785508117916,0.3325689813608359,0.6408022220852303,-0.35178785508117916,1.0867681138499061 0.003085018
1 1.8736943343561396,0.15606888761820314,-1.2441830073150404,1.865544010553521,0.15606888761820314,-1.9758252223457173,1.1385148426610723,0.15606888761820314,-1.9677262868133776,1.1466651664636909,0.15606888761820314,-1.2360840717827006,1.8736943343561396,-0.004430245664734836,-1.2441830073150404,1.865544010553521,-0.004430245664734836,-1.9758252223457173,1.1385148426610723,-0.004430245664734836,-1.9677262868133776,1.1466651664636909,-0.004430245664734836,-1.2360840717827006 0.05290083
1 -0.11961057893301374,-0.005866169765672696,1.2990558250123438,-0.12732512816667163,-0.005866169765672696,0.5388832459521142,-0.6795276094291078,-0.005866169765672696,0.5444872276609961,-0.67181306019545,-0.005866169765672696,1.3046598067212256,-0.11961057893301374,-0.28183364884547235,1.2990558250123438,-0.12732512816667163,-0.28183364884547235,0.5388832459521142,-0.6795276094291078,-0.28183364884547235,0.5444872276609961,-0.67181306019545,-0.28183364884547235,1.3046598067212256 0.011723983
2 1.1487800279735982,0.2740686816870356,1.1640640273282972,1.1485617798721344,0.2740686816870356,0.3548844979790419,0.6304488977313578,0.2740686816870356,0.3550242409517321,0.6306671458328218,0.2740686816870356,1.1642037703009873,1.1487800279735982,-0.12400138208261965,1.1640640273282972,1.1485617798721344,-0.12400138208261965,0.3548844979790419,0.6304488977313578,-0.12400138208261965,0.3550242409517321,0.6306671458328218,-0.12400138208261965,1.1642037703009873 0.0062381756
2 -0.13973748329754368,0.19372916983059882,1.338103948992413,-0.14833255220837052,0.19372916983059882,0.5159363954257853,-0.6071951424730252,0.19372916983059882,0.520733417111713,-0.5986000735621984,0.19372916983059882,1.3429009706783406,-0.13973748329754368,-0.07257962988308905,1.338103948992413,-0.14833255220837052,-0.07257962988308905,0.5159363954257853,-0.6071951424730252,-0.07257962988308905,0.520733417111713,-0.5986000735621984,-0.07257962988308905,1.3429009706783406 0.015749691
2 0.964241795514125,0.2947954303290606,-0.7519177504561951,0.9578396692366471,0.2947954303290606,-1.116330706062988,0.47550196173379977,0.2947954303290606,-1.107856839082379,0.48190408801127776,0.2947954303290606,-0.7434438834755862,0.964241795514125,-0.4471350378062487,-0.7519177504561951,0.9578396692366471,-0.4471350378062487,-1.116330706062988,0.47550196173379977,-0.4471350378062487,-1.107856839082379,0.48190408801127776,-0.4471350378062487,-0.7434438834755862 0.55184734
2 1.719122705376569,0.08712039427908182,-1.139316841678088,1.7184353670223442,0.08712039427908182,-1.8636326551981626,1.0209574128027523,0.08712039427908182,-1.8629707845883914,1.021644751156977,0.08712039427908182,-1.138654971068317,1.719122705376569,-0.08556347625406503,-1.139316841678088,1.7184353670223442,-0.08556347625406503,-1.8636326551981626,1.0209574128027523,-0.08556347625406503,-1.8629707845883914,1.021644751156977,-0.08556347625406503,-1.138654971068317 0.16073252
2 0.16607982346620215,-0.0487246270656395,1.4329464254609778,0.16363478668893477,-0.0487246270656395,0.7929221934712897,-0.5680766148289647,-0.0487246270656395,0.7957174958952233,-0.5656315780516972,-0.0487246270656395,1.4357417278849116,0.16607982346620215,-0.17241241974832533,1.4329464254609778,0.16363478668893477,-0.17241241974832533,0.7929221934712897,-0.5680766148289647,-0.17241241974832533,0.7957174958952233,-0.5656315780516972,-0.17241241974832533,1.4357417278849116 0.016030084
2 0.867406445707301,0.15338787163457873,-0.6023605282868704,0.8630335905315363,0.15338787163457873,-0.8897484243966698,0.4924042642460071,0.15338787163457873,-0.8841089789305369,0.4967771194217719,0.15338787163457873,-0.5967210828207374,0.867406445707301,-0.4191127094145775,-0.6023605282868704,0.8630335905315363,-0.4191127094145775,-0.8897484243966698,0.4924042642460071,-0.4191127094145775,-0.8841089789305369,0.4967771194217719,-0.4191127094145775,-0.5967210828207374 0.8070879
2 1.0128533861407754,-0.14842891956128837,0.9591983766968885,1.0200750829090328,-0.14842891956128837,0.22930989918815686,0.5091767289867881,-0.14842891956128837,0.22425494476002072,0.5019550322185307,-0.14842891956128837,0.9541434222687524,1.0128533861407754,-0.5019166443272615,0.9591983766968885,1.0200750829090328,-0.5019166443272615,0.22930989918815686,0.5091767289867881,-0.5019166443272615,0.22425494476002072,0.5019550322185307,-0.5019166443272615,0.9541434222687524 0.008014023
2 1.6631276022220711,0.1507903763031498,-1.1757240251979835,1.670850579771444,0.1507903763031498,-1.70626049988917,1.1391633142208,0.1507903763031498,-1.7140002294101708,1.1314403366714272,0.1507903763031498,-1.1834637547189844,1.6631276022220711,-0.6078547366833225,-1.1757240251979835,1.670850579771444,-0.6078547366833225,-1.70626049988917,1.1391633142208,-0.6078547366833225,-1.7140002294101708,1.1314403366714272,-0.6078547366833225,-1.1834637547189844 0.24725248
2 1.6038412470573715,0.02003708208761218,-1.311460103224884,1.6070488502414242,0.02003708208761218,-1.7801872681222948,1.1063244920020767,0.02003708208761218,-1.783613835144867,1.103116888818024,0.02003708208761218,-1.3148866702474562,1.6038412470573715,-0.6310431631918907,-1.311460103224884,1.6070488502414242,-0.6310431631918907,-1.7801872681222948,1.1063244920020767,-0.6310431631918907,-1.783613835144867,1.103116888818024,-0.6310431631918907,-1.3148866702474562 0.82621837
2 1.448031337126895,-0.08678085257449147,-1.1754781252546815,1.4487876923978298,-0.08678085257449147,-1.6005624971566472,0.9959221769722262,-0.08678085257449147,-1.6013682835893126,0.9951658217012913,-0.08678085257449147,-1.176283911687347,1.448031337126895,-0.7724240357693195,-1.1754781252546815,1.4487876923978298,-0.7724240357693195,-1.6005624971566472,0.9959221769722262,-0.7724240357693195,-1.6013682835893126,0.9951658217012913,-0.7724240357693195,-1.176283911687347 0.82975584
2 0.7672878835071668,0.09218100371620658,-0.6569844015160361,0.7626490215532655,0.09218100371620658,-1.0094394682916403,0.34818705583914666,0.09218100371620658,-1.0039844982108317,0.35282591779304795,0.09218100371620658,-0.6515294314352273,0.7672878835071668,-0.6197491652037859,-0.6569844015160361,0.7626490215532655,-0.6197491652037859,-1.0094394682916403,0.34818705583914666,-0.6197491652037859,-1.0039844982108317,0.35282591779304795,-0.6197491652037859,-0.6515294314352273 0.974352
2 1.8863846559541164,0.14902536134311972,-1.2736785667988295,1.8859224625583617,0.14902536134311972,-2.020151744409506,1.1894803743345799,0.14902536134311972,-2.019720528736449,1.1899425677303346,0.14902536134311972,-1.2732473511257723,1.8863846559541164,-0.054214830799792404,-1.2736785667988295,1.8859224625583617,-0.054214830799792404,-2.020151744409506,1.1894803743345799,-0.054214830799792404,-2.019720528736449,1.1899425677303346,-0.054214830799792404,-1.2732473511257723 0.078802735
2 1.723103276910931,0.2574098882328892,-1.3239848483594139,1.726924397962226,0.2574098882328892,-1.6670348545243192,1.1726079066370427,0.2574098882328892,-1.6732092033831398,1.1687867855857477,0.2574098882328892,-1.3301591972182345,1.723103276910931,-0.41363087567204476,-1.3239848483594139,1.726924397962226,-0.41363087567204476,-1.6670348545243192,1.1726079066370427,-0.41363087567204476,-1.6732092033831398,1.1687867855857477,-0.41363087567204476,-1.3301591972182345 0.15782765
2 -0.17652631380242023,-0.12336776761718751,1.4442288482000707,-0.18562829468403796,-0.12336776761718751,0.5856621502123682,-0.7240939082892546,-0.12336776761718751,0.5913706219384791,-0.7149919274076368,-0.12336776761718751,1.4499373199261816,-0.17652631380242023,-0.49445684643081667,1.4442288482000707,-0.18562829468403796,-0.49445684643081667,0.5856621502123682,-0.7240939082892546,-0.49445684643081667,0.5913706219384791,-0.7149919274076368,-0.49445684643081667,1.4499373199261816 0.007969869
2 1.1215396091503589,0.039064576081850516,1.088154337692814,1.1237143699405265,0.039064576081850516,0.3339552052037439,0.642976982875398,0.039064576081850516,0.3325689813608359,0.6408022220852303,0.039064576081850516,1.0867681138499061,1.1215396091503589,-0.35178785508117916,1.088154337692814,1.1237143699405265,-0.35178785508117916,0.3339552052037439,0.642976982875398,-0.35178785508117916,0.3325689813608359,0.6408022220852303,-0.35178785508117916,1.0867681138499061 0.004352527
2 1.8736943343561396,0.15606888761820314,-1.2441830073150404,1.865544010553521,0.15606888761820314,-1.9758252223457173,1.1385148426610723,0.15606888761820314,-1.9677262868133776,1.1466651664636909,0.15606888761820314,-1.2360840717827006,1.8736943343561396,-0.004430245664734836,-1.2441830073150404,1.865544010553521,-0.004430245664734836,-1.9758252223457173,1.1385148426610723,-0.004430245664734836,-1.9677262868133776,1.1466651664636909,-0.004430245664734836,-1.2360840717827006 0.058841407
2 -0.11961057893301374,-0.005866169765672696,1.2990558250123438,-0.12732512816667163,-0.005866169765672696,0.5388832459521142,-0.6795276094291078,-0.005866169765672696,0.5444872276609961,-0.67181306019545,-0.005866169765672696,1.3046598067212256,-0.11961057893301374,-0.28183364884547235,1.2990558250123438,-0.12732512816667163,-0.28183364884547235,0.5388832459521142,-0.6795276094291078,-0.28183364884547235,0.5444872276609961,-0.67181306019545,-0.28183364884547235,1.3046598067212256 0.007781638
3 1.1487800279735982,0.2740686816870356,1.1640640273282972,1.1485617798721344,0.2740686816870356,0.3548844979790419,0.6304488977313578,0.2740686816870356,0.3550242409517321,0.6306671458328218,0.2740686816870356,1.1642037703009873,1.1487800279735982,-0.12400138208261965,1.1640640273282972,1.1485617798721344,-0.12400138208261965,0.3548844979790419,0.6304488977313578,-0.12400138208261965,0.3550242409517321,0.6306671458328218,-0.12400138208261965,1.1642037703009873 0.0023862193
3 -0.13973748329754368,0.19372916983059882,1.338103948992413,-0.14833255220837052,0.19372916983059882,0.5159363954257853,-0.6071951424730252,0.19372916983059882,0.520733417111713,-0.5986000735621984,0.19372916983059882,1.3429009706783406,-0.13973748329754368,-0.07257962988308905,1.338103948992413,-0.14833255220837052,-0.07257962988308905,0.5159363954257853,-0.6071951424730252,-0.07257962988308905,0.520733417111713,-0.5986000735621984,-0.07257962988308905,1.3429009706783406 0.0348242
3 0.964241795514125,0.2947954303290606,-0.7519177504561951,0.9578396692366471,0.2947954303290606,-1.116330706062988,0.47550196173379977,0.2947954303290606,-1.107856839082379,0.48190408801127776,0.2947954303290606,-0.7434438834755862,0.964241795514125,-0.4471350378062487,-0.7519177504561951,0.9578396692366471,-0.4471350378062487,-1.116330706062988,0.47550196173379977,-0.4471350378062487,-1.107856839082379,0.48190408801127776,-0.4471350378062487,-0.7434438834755862 0.028651396
3 1.719122705376569,0.08712039427908182,-1.139316841678088,1.7184353670223442,0.08712039427908182,-1.8636326551981626,1.0209574128027523,0.08712039427908182,-1.8629707845883914,1.021644751156977,0.08712039427908182,-1.138654971068317,1.719122705376569,-0.08556347625406503,-1.139316841678088,1.7184353670223442,-0.08556347625406503,-1.8636326551981626,1.0209574128027523,-0.08556347625406503,-1.8629707845883914,1.021644751156977,-0.08556347625406503,-1.138654971068317 0.066504516
3 0.16607982346620215,-0.0487246270656395,1.4329464254609778,0.16363478668893477,-0.0487246270656395,0.7929221934712897,-0.5680766148289647,-0.0487246270656395,0.7957174958952233,-0.5656315780516972,-0.0487246270656395,1.4357417278849116,0.16607982346620215,-0.17241241974832533,1.4329464254609778,0.16363478668893477,-0.17241241974832533,0.7929221934712897,-0.5680766148289647,-0.17241241974832533,0.7957174958952233,-0.5656315780516972,-0.17241241974832533,1.4357417278849116 0.022234391
3 0.867406445707301,0.15338787163457873,-0.6023605282868704,0.8630335905315363,0.15338787163457873,-0.8897484243966698,0.4924042642460071,0.15338787163457873,-0.8841089789305369,0.4967771194217719,0.15338787163457873,-0.5967210828207374,0.867406445707301,-0.4191127094145775,-0.6023605282868704,0.8630335905315363,-0.4191127094145775,-0.8897484243966698,0.4924042642460071,-0.4191127094145775,-0.8841089789305369,0.4967771194217719,-0.4191127094145775,-0.5967210828207374 0.016219959
3 1.0128533861407754,-0.14842891956128837,0.9591983766968885,1.0200750829090328,-0.14842891956128837,0.22930989918815686,0.5091767289867881,-0.14842891956128837,0.22425494476002072,0.5019550322185307,-0.14842891956128837,0.9541434222687524,1.0128533861407754,-0.5019166443272615,0.9591983766968885,1.0200750829090328,-0.5019166443272615,0.22930989918815686,0.5091767289867881,-0.5019166443272615,0.22425494476002072,0.5019550322185307,-0.5019166443272615,0.9541434222687524 0.0037419568
3 1.6631276022220711,0.1507903763031498,-1.1757240251979835,1.670850579771444,0.1507903763031498,-1.70626049988917,1.1391633142208,0.1507903763031498,-1.7140002294101708,1.1314403366714272,0.1507903763031498,-1.1834637547189844,1.6631276022220711,-0.6078547366833225,-1.1757240251979835,1.670850579771444,-0.6078547366833225,-1.70626049988917,1.1391633142208,-0.6078547366833225,-1.7140002294101708,1.1314403366714272,-0.6078547366833225,-1.1834637547189844 0.034059424
3 1.6038412470573715,0.02003708208761218,-1.311460103224884,1.6070488502414242,0.02003708208761218,-1.7801872681222948,1.1063244920020767,0.02003708208761218,-1.783613835144867,1.103116888818024,0.02003708208761218,-1.3148866702474562,1.6038412470573715,-0.6310431631918907,-1.311460103224884,1.6070488502414242,-0.6310431631918907,-1.7801872681222948,1.1063244920020767,-0.6310431631918907,-1.783613835144867,1.103116888818024,-0.6310431631918907,-1.3148866702474562 0.007827403
3 1.448031337126895,-0.08678085257449147,-1.1754781252546815,1.4487876923978298,-0.08678085257449147,-1.6005624971566472,0.9959221769722262,-0.08678085257449147,-1.6013682835893126,0.9951658217012913,-0.08678085257449147,-1.176283911687347,1.448031337126895,-0.7724240357693195,-1.1754781252546815,1.4487876923978298,-0.7724240357693195,-1.6005624971566472,0.9959221769722262,-0.7724240357693195,-1.6013682835893126,0.9951658217012913,-0.7724240357693195,-1.176283911687347 0.008284796
3 0.7672878835071668,0.09218100371620658,-0.6569844015160361,0.7626490215532655,0.09218100371620658,-1.0094394682916403,0.34818705583914666,0.09218100371620658,-1.0039844982108317,0.35282591779304795,0.09218100371620658,-0.6515294314352273,0.7672878835071668,-0.6197491652037859,-0.6569844015160361,0.7626490215532655,-0.6197491652037859,-1.0094394682916403,0.34818705583914666,-0.6197491652037859,-1.0039844982108317,0.35282591779304795,-0.6197491652037859,-0.6515294314352273 0.0015552676
3 1.8863846559541164,0.14902536134311972,-1.2736785667988295,1.8859224625583617,0.14902536134311972,-2.020151744409506,1.1894803743345799,0.14902536134311972,-2.019720528736449,1.1899425677303346,0.14902536134311972,-1.2732473511257723,1.8863846559541164,-0.054214830799792404,-1.2736785667988295,1.8859224625583617,-0.054214830799792404,-2.020151744409506,1.1894803743345799,-0.054214830799792404,-2.019720528736449,1.1899425677303346,-0.054214830799792404,-1.2732473511257723 0.057102717
3 1.723103276910931,0.2574098882328892,-1.3239848483594139,1.726924397962226,0.2574098882328892,-1.6670348545243192,1.1726079066370427,0.2574098882328892,-1.6732092033831398,1.1687867855857477,0.2574098882328892,-1.3301591972182345,1.723103276910931,-0.41363087567204476,-1.3239848483594139,1.726924397962226,-0.41363087567204476,-1.6670348545243192,1.1726079066370427,-0.41363087567204476,-1.6732092033831398,1.1687867855857477,-0.41363087567204476,-1.3301591972182345 0.08632317
3 -0.17652631380242023,-0.12336776761718751,1.4442288482000707,-0.18562829468403796,-0.12336776761718751,0.5856621502123682,-0.7240939082892546,-0.12336776761718751,0.5913706219384791,-0.7149919274076368,-0.12336776761718751,1.4499373199261816,-0.17652631380242023,-0.49445684643081667,1.4442288482000707,-0.18562829468403796,-0.49445684643081667,0.5856621502123682,-0.7240939082892546,-0.49445684643081667,0.5913706219384791,-0.7149919274076368,-0.49445684643081667,1.4499373199261816 0.007998533
3 1.1215396091503589,0.039064576081850516,1.088154337692814,1.1237143699405265,0.039064576081850516,0.3339552052037439,0.642976982875398,0.039064576081850516,0.3325689813608359,0.6408022220852303,0.039064576081850516,1.0867681138499061,1.1215396091503589,-0.35178785508117916,1.088154337692814,1.1237143699405265,-0.35178785508117916,0.3339552052037439,0.642976982875398,-0.35178785508117916,0.3325689813608359,0.6408022220852303,-0.35178785508117916,1.0867681138499061 0.00088974176
3 1.8736943343561396,0.15606888761820314,-1.2441830073150404,1.865544010553521,0.15606888761820314,-1.9758252223457173,1.1385148426610723,0.15606888761820314,-1.9677262868133776,1.1466651664636909,0.15606888761820314,-1.2360840717827006,1.8736943343561396,-0.004430245664734836,-1.2441830073150404,1.865544010553521,-0.004430245664734836,-1.9758252223457173,1.1385148426610723,-0.004430245664734836,-1.9677262868133776,1.1466651664636909,-0.004430245664734836,-1.2360840717827006 0.039594665
3 -0.11961057893301374,-0.005866169765672696,1.2990558250123438,-0.12732512816667163,-0.005866169765672696,0.5388832459521142,-0.6795276094291078,-0.005866169765672696,0.5444872276609961,-0.67181306019545,-0.005866169765672696,1.3046598067212256,-0.11961057893301374,-0.28183364884547235,1.2990558250123438,-0.12732512816667163,-0.28183364884547235,0.5388832459521142,-0.6795276094291078,-0.28183364884547235,0.5444872276609961,-0.67181306019545,-0.28183364884547235,1.3046598067212256 0.004548698
4 1.1487800279735982,0.2740686816870356,1.1640640273282972,1.1485617798721344,0.2740686816870356,0.3548844979790419,0.6304488977313578,0.2740686816870356,0.3550242409517321,0.6306671458328218,0.2740686816870356,1.1642037703009873,1.1487800279735982,-0.12400138208261965,1.1640640273282972,1.1485617798721344,-0.12400138208261965,0.3548844979790419,0.6304488977313578,-0.12400138208261965,0.3550242409517321,0.6306671458328218,-0.12400138208261965,1.1642037703009873 0.0012635336
4 -0.13973748329754368,0.19372916983059882,1.338103948992413,-0.14833255220837052,0.19372916983059882,0.5159363954257853,-0.6071951424730252,0.19372916983059882,0.520733417111713,-0.5986000735621984,0.19372916983059882,1.3429009706783406,-0.13973748329754368,-0.07257962988308905,1.338103948992413,-0.14833255220837052,-0.07257962988308905,0.5159363954257853,-0.6071951424730252,-0.07257962988308905,0.520733417111713,-0.5986000735621984,-0.07257962988308905,1.3429009706783406 0.0131151555
4 0.964241795514125,0.2947954303290606,-0.7519177504561951,0.9578396692366471,0.2947954303290606,-1.116330706062988,0.47550196173379977,0.2947954303290606,-1.107856839082379,0.48190408801127776,0.2947954303290606,-0.7434438834755862,0.964241795514125,-0.4471350378062487,-0.7519177504561951,0.9578396692366471,-0.4471350378062487,-1.116330706062988,0.47550196173379977,-0.4471350378062487,-1.107856839082379,0.48190408801127776,-0.4471350378062487,-0.7434438834755862 0.008803999
4 1.719122705376569,0.08712039427908182,-1.139316841678088,1.7184353670223442,0.08712039427908182,-1.8636326551981626,1.0209574128027523,0.08712039427908182,-1.8629707845883914,1.021644751156977,0.08712039427908182,-1.138654971068317,1.719122705376569,-0.08556347625406503,-1.139316841678088,1.7184353670223442,-0.08556347625406503,-1.8636326551981626,1.0209574128027523,-0.08556347625406503,-1.8629707845883914,1.021644751156977,-0.08556347625406503,-1.138654971068317 0.042730972
4 0.16607982346620215,-0.0487246270656395,1.4329464254609778,0.16363478668893477,-0.0487246270656395,0.7929221934712897,-0.5680766148289647,-0.0487246270656395,0.7957174958952233,-0.5656315780516972,-0.0487246270656395,1.4357417278849116,0.16607982346620215,-0.17241241974832533,1.4329464254609778,0.16363478668893477,-0.17241241974832533,0.7929221934712897,-0.5680766148289647,-0.17241241974832533,0.7957174958952233,-0.5656315780516972,-0.17241241974832533,1.4357417278849116 0.01214658
4 0.867406445707301,0.15338787163457873,-0.6023605282868704,0.8630335905315363,0.15338787163457873,-0.8897484243966698,0.4924042642460071,0.15338787163457873,-0.8841089789305369,0.4967771194217719,0.15338787163457873,-0.5967210828207374,0.867406445707301,-0.4191127094145775,-0.6023605282868704,0.8630335905315363,-0.4191127094145775,-0.8897484243966698,0.4924042642460071,-0.4191127094145775,-0.8841089789305369,0.4967771194217719,-0.4191127094145775,-0.5967210828207374 0.004996031
4 1.0128533861407754,-0.14842891956128837,0.9591983766968885,1.0200750829090328,-0.14842891956128837,0.22930989918815686,0.5091767289867881,-0.14842891956128837,0.22425494476002072,0.5019550322185307,-0.14842891956128837,0.9541434222687524,1.0128533861407754,-0.5019166443272615,0.9591983766968885,1.0200750829090328,-0.5019166443272615,0.22930989918815686,0.5091767289867881,-0.5019166443272615,0.22425494476002072,0.5019550322185307,-0.5019166443272615,0.9541434222687524 0.00086934346
4 1.6631276022220711,0.1507903763031498,-1.1757240251979835,1.670850579771444,0.1507903763031498,-1.70626049988917,1.1391633142208,0.1507903763031498,-1.7140002294101708,1.1314403366714272,0.1507903763031498,-1.1834637547189844,1.6631276022220711,-0.6078547366833225,-1.1757240251979835,1.670850579771444,-0.6078547366833225,-1.70626049988917,1.1391633142208,-0.6078547366833225,-1.7140002294101708,1.1314403366714272,-0.6078547366833225,-1.1834637547189844 0.022969782
4 1.6038412470573715,0.02003708208761218,-1.311460103224884,1.6070488502414242,0.02003708208761218,-1.7801872681222948,1.1063244920020767,0.02003708208761218,-1.783613835144867,1.103116888818024,0.02003708208761218,-1.3148866702474562,1.6038412470573715,-0.6310431631918907,-1.311460103224884,1.6070488502414242,-0.6310431631918907,-1.7801872681222948,1.1063244920020767,-0.6310431631918907,-1.783613835144867,1.103116888818024,-0.6310431631918907,-1.3148866702474562 0.0063657067
4 1.448031337126895,-0.08678085257449147,-1.1754781252546815,1.4487876923978298,-0.08678085257449147,-1.6005624971566472,0.9959221769722262,-0.08678085257449147,-1.6013682835893126,0.9951658217012913,-0.08678085257449147,-1.176283911687347,1.448031337126895,-0.7724240357693195,-1.1754781252546815,1.4487876923978298,-0.7724240357693195,-1.6005624971566472,0.9959221769722262,-0.7724240357693195,-1.6013682835893126,0.9951658217012913,-0.7724240357693195,-1.176283911687347 0.006248887
4 0.7672878835071668,0.09218100371620658,-0.6569844015160361,0.7626490215532655,0.09218100371620658,-1.0094394682916403,0.34818705583914666,0.09218100371620658,-1.0039844982108317,0.35282591779304795,0.09218100371620658,-0.6515294314352273,0.7672878835071668,-0.6197491652037859,-0.6569844015160361,0.7626490215532655,-0.6197491652037859,-1.0094394682916403,0.34818705583914666,-0.6197491652037859,-1.0039844982108317,0.35282591779304795,-0.6197491652037859,-0.6515294314352273 0.00064334343
4 1.8863846559541164,0.14902536134311972,-1.2736785667988295,1.8859224625583617,0.14902536134311972,-2.020151744409506,1.1894803743345799,0.14902536134311972,-2.019720528736449,1.1899425677303346,0.14902536134311972,-1.2732473511257723,1.8863846559541164,-0.054214830799792404,-1.2736785667988295,1.8859224625583617,-0.054214830799792404,-2.020151744409506,1.1894803743345799,-0.054214830799792404,-2.019720528736449,1.1899425677303346,-0.054214830799792404,-1.2732473511257723 0.02142969
4 1.723103276910931,0.2574098882328892,-1.3239848483594139,1.726924397962226,0.2574098882328892,-1.6670348545243192,1.1726079066370427,0.2574098882328892,-1.6732092033831398,1.1687867855857477,0.2574098882328892,-1.3301591972182345,1.723103276910931,-0.41363087567204476,-1.3239848483594139,1.726924397962226,-0.41363087567204476,-1.6670348545243192,1.1726079066370427,-0.41363087567204476,-1.6732092033831398,1.1687867855857477,-0.41363087567204476,-1.3301591972182345 0.03889947
4 -0.17652631380242023,-0.12336776761718751,1.4442288482000707,-0.18562829468403796,-0.12336776761718751,0.5856621502123682,-0.7240939082892546,-0.12336776761718751,0.5913706219384791,-0.7149919274076368,-0.12336776761718751,1.4499373199261816,-0.17652631380242023,-0.49445684643081667,1.4442288482000707,-0.18562829468403796,-0.49445684643081667,0.5856621502123682,-0.7240939082892546,-0.49445684643081667,0.5913706219384791,-0.7149919274076368,-0.49445684643081667,1.4499373199261816 0.0025142662
4 1.1215396091503589,0.039064576081850516,1.088154337692814,1.1237143699405265,0.039064576081850516,0.3339552052037439,0.642976982875398,0.039064576081850516,0.3325689813608359,0.6408022220852303,0.039064576081850516,1.0867681138499061,1.1215396091503589,-0.35178785508117916,1.088154337692814,1.1237143699405265,-0.35178785508117916,0.3339552052037439,0.642976982875398,-0.35178785508117916,0.3325689813608359,0.6408022220852303,-0.35178785508117916,1.0867681138499061 0.00031004273
4 1.8736943343561396,0.15606888761820314,-1.2441830073150404,1.865544010553521,0.15606888761820314,-1.9758252223457173,1.1385148426610723,0.15606888761820314,-1.9677262868133776,1.1466651664636909,0.15606888761820314,-1.2360840717827006,1.8736943343561396,-0.004430245664734836,-1.2441830073150404,1.865544010553521,-0.004430245664734836,-1.9758252223457173,1.1385148426610723,-0.004430245664734836,-1.9677262868133776,1.1466651664636909,-0.004430245664734836,-1.2360840717827006 0.020137211
4 -0.11961057893301374,-0.005866169765672696,1.2990558250123438,-0.12732512816667163,-0.005866169765672696,0.5388832459521142,-0.6795276094291078,-0.005866169765672696,0.5444872276609961,-0.67181306019545,-0.005866169765672696,1.3046598067212256,-0.11961057893301374,-0.28183364884547235,1.2990558250123438,-0.12732512816667163,-0.28183364884547235,0.5388832459521142,-0.6795276094291078,-0.28183364884547235,0.5444872276609961,-0.67181306019545,-0.28183364884547235,1.3046598067212256 0.0015800035
5 1.1487800279735982,0.2740686816870356,1.1640640273282972,1.1485617798721344,0.2740686816870356,0.3548844979790419,0.6304488977313578,0.2740686816870356,0.3550242409517321,0.6306671458328218,0.2740686816870356,1.1642037703009873,1.1487800279735982,-0.12400138208261965,1.1640640273282972,1.1485617798721344,-0.12400138208261965,0.3548844979790419,0.6304488977313578,-0.12400138208261965,0.3550242409517321,0.6306671458328218,-0.12400138208261965,1.1642037703009873 0.013053597
5 -0.13973748329754368,0.19372916983059882,1.338103948992413,-0.14833255220837052,0.19372916983059882,0.5159363954257853,-0.6071951424730252,0.19372916983059882,0.520733417111713,-0.5986000735621984,0.19372916983059882,1.3429009706783406,-0.13973748329754368,-0.07257962988308905,1.338103948992413,-0.14833255220837052,-0.07257962988308905,0.5159363954257853,-0.6071951424730252,-0.07257962988308905,0.520733417111713,-0.5986000735621984,-0.07257962988308905,1.3429009706783406 0.06667791
5 0.964241795514125,0.2947954303290606,-0.7519177504561951,0.9578396692366471,0.2947954303290606,-1.116330706062988,0.47550196173379977,0.2947954303290606,-1.107856839082379,0.48190408801127776,0.2947954303290606,-0.7434438834755862,0.964241795514125,-0.4471350378062487,-0.7519177504561951,0.9578396692366471,-0.4471350378062487,-1.116330706062988,0.47550196173379977,-0.4471350378062487,-1.107856839082379,0.48190408801127776,-0.4471350378062487,-0.7434438834755862 0.17311801
5 1.719122705376569,0.08712039427908182,-1.139316841678088,1.7184353670223442,0.08712039427908182,-1.8636326551981626,1.0209574128027523,0.08712039427908182,-1.8629707845883914,1.021644751156977,0.08712039427908182,-1.138654971068317,1.719122705376569,-0.08556347625406503,-1.139316841678088,1.7184353670223442,-0.08556347625406503,-1.8636326551981626,1.0209574128027523,-0.08556347625406503,-1.8629707845883914,1.021644751156977,-0.08556347625406503,-1.138654971068317 0.16179779
5 0.16607982346620215,-0.0487246270656395,1.4329464254609778,0.16363478668893477,-0.0487246270656395,0.7929221934712897,-0.5680766148289647,-0.0487246270656395,0.7957174958952233,-0.5656315780516972,-0.0487246270656395,1.4357417278849116,0.16607982346620215,-0.17241241974832533,1.4329464254609778,0.16363478668893477,-0.17241241974832533,0.7929221934712897,-0.5680766148289647,-0.17241241974832533,0.7957174958952233,-0.5656315780516972,-0.17241241974832533,1.4357417278849116 0.124615
5 0.867406445707301,0.15338787163457873,-0.6023605282868704,0.8630335905315363,0.15338787163457873,-0.8897484243966698,0.4924042642460071,0.15338787163457873,-0.8841089789305369,0.4967771194217719,0.15338787163457873,-0.5967210828207374,0.867406445707301,-0.4191127094145775,-0.6023605282868704,0.8630335905315363,-0.4191127094145775,-0.8897484243966698,0.4924042642460071,-0.4191127094145775,-0.8841089789305369,0.4967771194217719,-0.4191127094145775,-0.5967210828207374 0.056385733
5 1.0128533861407754,-0.14842891956128837,0.9591983766968885,1.0200750829090328,-0.14842891956128837,0.22930989918815686,0.5091767289867881,-0.14842891956128837,0.22425494476002072,0.5019550322185307,-0.14842891956128837,0.9541434222687524,1.0128533861407754,-0.5019166443272615,0.9591983766968885,1.0200750829090328,-0.5019166443272615,0.22930989918815686,0.5091767289867881,-0.5019166443272615,0.22425494476002072,0.5019550322185307,-0.5019166443272615,0.9541434222687524 0.0102773635
5 1.6631276022220711,0.1507903763031498,-1.1757240251979835,1.670850579771444,0.1507903763031498,-1.70626049988917,1.1391633142208,0.1507903763031498,-1.7140002294101708,1.1314403366714272,0.1507903763031498,-1.1834637547189844,1.6631276022220711,-0.6078547366833225,-1.1757240251979835,1.670850579771444,-0.6078547366833225,-1.70626049988917,1.1391633142208,-0.6078547366833225,-1.7140002294101708,1.1314403366714272,-0.6078547366833225,-1.1834637547189844 0.07815854
5 1.6038412470573715,0.02003708208761218,-1.311460103224884,1.6070488502414242,0.02003708208761218,-1.7801872681222948,1.1063244920020767,0.02003708208761218,-1.783613835144867,1.103116888818024,0.02003708208761218,-1.3148866702474562,1.6038412470573715,-0.6310431631918907,-1.311460103224884,1.6070488502414242,-0.6310431631918907,-1.7801872681222948,1.1063244920020767,-0.6310431631918907,-1.783613835144867,1.103116888818024,-0.6310431631918907,-1.3148866702474562 0.024524694
5 1.448031337126895,-0.08678085257449147,-1.1754781252546815,1.4487876923978298,-0.08678085257449147,-1.6005624971566472,0.9959221769722262,-0.08678085257449147,-1.6013682835893126,0.9951658217012913,-0.08678085257449147,-1.176283911687347,1.448031337126895,-0.7724240357693195,-1.1754781252546815,1.4487876923978298,-0.7724240357693195,-1.6005624971566472,0.9959221769722262,-0.7724240357693195,-1.6013682835893126,0.9951658217012913,-0.7724240357693195,-1.176283911687347 0.02628085
5 0.7672878835071668,0.09218100371620658,-0.6569844015160361,0.7626490215532655,0.09218100371620658,-1.0094394682916403,0.34818705583914666,0.09218100371620658,-1.0039844982108317,0.35282591779304795,0.09218100371620658,-0.6515294314352273,0.7672878835071668,-0.6197491652037859,-0.6569844015160361,0.7626490215532655,-0.6197491652037859,-1.0094394682916403,0.34818705583914666,-0.6197491652037859,-1.0039844982108317,0.35282591779304795,-0.6197491652037859,-0.6515294314352273 0.004472749
5 1.8863846559541164,0.14902536134311972,-1.2736785667988295,1.8859224625583617,0.14902536134311972,-2.020151744409506,1.1894803743345799,0.14902536134311972,-2.019720528736449,1.1899425677303346,0.14902536134311972,-1.2732473511257723,1.8863846559541164,-0.054214830799792404,-1.2736785667988295,1.8859224625583617,-0.054214830799792404,-2.020151744409506,1.1894803743345799,-0.054214830799792404,-2.019720528736449,1.1899425677303346,-0.054214830799792404,-1.2732473511257723 0.31551972
5 1.723103276910931,0.2574098882328892,-1.3239848483594139,1.726924397962226,0.2574098882328892,-1.6670348545243192,1.1726079066370427,0.2574098882328892,-1.6732092033831398,1.1687867855857477,0.2574098882328892,-1.3301591972182345,1.723103276910931,-0.41363087567204476,-1.3239848483594139,1.726924397962226,-0.41363087567204476,-1.6670348545243192,1.1726079066370427,-0.41363087567204476,-1.6732092033831398,1.1687867855857477,-0.41363087567204476,-1.3301591972182345 0.21251951
5 -0.17652631380242023,-0.12336776761718751,1.4442288482000707,-0.18562829468403796,-0.12336776761718751,0.5856621502123682,-0.7240939082892546,-0.12336776761718751,0.5913706219384791,-0.7149919274076368,-0.12336776761718751,1.4499373199261816,-0.17652631380242023,-0.49445684643081667,1.4442288482000707,-0.18562829468403796,-0.49445684643081667,0.5856621502123682,-0.7240939082892546,-0.49445684643081667,0.5913706219384791,-0.7149919274076368,-0.49445684643081667,1.4499373199261816 0.027012954
5 1.1215396091503589,0.039064576081850516,1.088154337692814,1.1237143699405265,0.039064576081850516,0.3339552052037439,0.642976982875398,0.039064576081850516,0.3325689813608359,0.6408022220852303,0.039064576081850516,1.0867681138499061,1.1215396091503589,-0.35178785508117916,1.088154337692814,1.1237143699405265,-0.35178785508117916,0.3339552052037439,0.642976982875398,-0.35178785508117916,0.3325689813608359,0.6408022220852303,-0.35178785508117916,1.0867681138499061 0.0056381044
5 1.8736943343561396,0.15606888761820314,-1.2441830073150404,1.865544010553521,0.15606888761820314,-1.9758252223457173,1.1385148426610723,0.15606888761820314,-1.9677262868133776,1.1466651664636909,0.15606888761820314,-1.2360840717827006,1.8736943343561396,-0.004430245664734836,-1.2441830073150404,1.865544010553521,-0.004430245664734836,-1.9758252223457173,1.1385148426610723,-0.004430245664734836,-1.9677262868133776,1.1466651664636909,-0.004430245664734836,-1.2360840717827006 0.24969013
5 -0.11961057893301374,-0.005866169765672696,1.2990558250123438,-0.12732512816667163,-0.005866169765672696,0.5388832459521142,-0.6795276094291078,-0.005866169765672696,0.5444872276609961,-0.67181306019545,-0.005866169765672696,1.3046598067212256,-0.11961057893301374,-0.28183364884547235,1.2990558250123438,-0.12732512816667163,-0.28183364884547235,0.5388832459521142,-0.6795276094291078,-0.28183364884547235,0.5444872276609961,-0.67181306019545,-0.28183364884547235,1.3046598067212256 0.018752078
6 1.1487800279735982,0.2740686816870356,1.1640640273282972,1.1485617798721344,0.2740686816870356,0.3548844979790419,0.6304488977313578,0.2740686816870356,0.3550242409517321,0.6306671458328218,0.2740686816870356,1.1642037703009873,1.1487800279735982,-0.12400138208261965,1.1640640273282972,1.1485617798721344,-0.12400138208261965,0.3548844979790419,0.6304488977313578,-0.12400138208261965,0.3550242409517321,0.6306671458328218,-0.12400138208261965,1.1642037703009873 0.0037366904
6 -0.13973748329754368,0.19372916983059882,1.338103948992413,-0.14833255220837052,0.19372916983059882,0.5159363954257853,-0.6071951424730252,0.19372916983059882,0.520733417111713,-0.5986000735621984,0.19372916983059882,1.3429009706783406,-0.13973748329754368,-0.07257962988308905,1.338103948992413,-0.14833255220837052,-0.07257962988308905,0.5159363954257853,-0.6071951424730252,-0.07257962988308905,0.520733417111713,-0.5986000735621984,-0.07257962988308905,1.3429009706783406 0.0053503485
6 0.964241795514125,0.2947954303290606,-0.7519177504561951,0.9578396692366471,0.2947954303290606,-1.116330706062988,0.47550196173379977,0.2947954303290606,-1.107856839082379,0.48190408801127776,0.2947954303290606,-0.7434438834755862,0.964241795514125,-0.4471350378062487,-0.7519177504561951,0.9578396692366471,-0.4471350378062487,-1.116330706062988,0.47550196173379977,-0.4471350378062487,-1.107856839082379,0.48190408801127776,-0.4471350378062487,-0.7434438834755862 0.016105127
6 1.719122705376569,0.08712039427908182,-1.139316841678088,1.7184353670223442,0.08712039427908182,-1.8636326551981626,1.0209574128027523,0.08712039427908182,-1.8629707845883914,1.021644751156977,0.08712039427908182,-1.138654971068317,1.719122705376569,-0.08556347625406503,-1.139316841678088,1.7184353670223442,-0.08556347625406503,-1.8636326551981626,1.0209574128027523,-0.08556347625406503,-1.8629707845883914,1.021644751156977,-0.08556347625406503,-1.138654971068317 0.07595307
6 0.16607982346620215,-0.0487246270656395,1.4329464254609778,0.16363478668893477,-0.0487246270656395,0.7929221934712897,-0.5680766148289647,-0.0487246270656395,0.7957174958952233,-0.5656315780516972,-0.0487246270656395,1.4357417278849116,0.16607982346620215,-0.17241241974832533,1.4329464254609778,0.16363478668893477,-0.17241241974832533,0.7929221934712897,-0.5680766148289647,-0.17241241974832533,0.7957174958952233,-0.5656315780516972,-0.17241241974832533,1.4357417278849116 0.009908662
6 0.867406445707301,0.15338787163457873,-0.6023605282868704,0.8630335905315363,0.15338787163457873,-0.8897484243966698,0.4924042642460071,0.15338787163457873,-0.8841089789305369,0.4967771194217719,0.15338787163457873,-0.5967210828207374,0.867406445707301,-0.4191127094145775,-0.6023605282868704,0.8630335905315363,-0.4191127094145775,-0.8897484243966698,0.4924042642460071,-0.4191127094145775,-0.8841089789305369,0.4967771194217719,-0.4191127094145775,-0.5967210828207374 0.013721566
6 1.0128533861407754,-0.14842891956128837,0.9591983766968885,1.0200750829090328,-0.14842891956128837,0.22930989918815686,0.5091767289867881,-0.14842891956128837,0.22425494476002072,0.5019550322185307,-0.14842891956128837,0.9541434222687524,1.0128533861407754,-0.5019166443272615,0.9591983766968885,1.0200750829090328,-0.5019166443272615,0.22930989918815686,0.5091767289867881,-0.5019166443272615,0.22425494476002072,0.5019550322185307,-0.5019166443272615,0.9541434222687524 0.0022120383
6 1.6631276022220711,0.1507903763031498,-1.1757240251979835,1.670850579771444,0.1507903763031498,-1.70626049988917,1.1391633142208,0.1507903763031498,-1.7140002294101708,1.1314403366714272,0.1507903763031498,-1.1834637547189844,1.6631276022220711,-0.6078547366833225,-1.1757240251979835,1.670850579771444,-0.6078547366833225,-1.70626049988917,1.1391633142208,-0.6078547366833225,-1.7140002294101708,1.1314403366714272,-0.6078547366833225,-1.1834637547189844 0.09023298
6 1.6038412470573715,0.02003708208761218,-1.311460103224884,1.6070488502414242,0.02003708208761218,-1.7801872681222948,1.1063244920020767,0.02003708208761218,-1.783613835144867,1.103116888818024,0.02003708208761218,-1.3148866702474562,1.6038412470573715,-0.6310431631918907,-1.311460103224884,1.6070488502414242,-0.6310431631918907,-1.7801872681222948,1.1063244920020767,-0.6310431631918907,-1.783613835144867,1.103116888818024,-0.6310431631918907,-1.3148866702474562 0.05005902
6 1.448031337126895,-0.08678085257449147,-1.1754781252546815,1.4487876923978298,-0.08678085257449147,-1.6005624971566472,0.9959221769722262,-0.08678085257449147,-1.6013682835893126,0.9951658217012913,-0.08678085257449147,-1.176283911687347,1.448031337126895,-0.7724240357693195,-1.1754781252546815,1.4487876923978298,-0.7724240357693195,-1.6005624971566472,0.9959221769722262,-0.7724240357693195,-1.6013682835893126,0.9951658217012913,-0.7724240357693195,-1.176283911687347 0.05376113
6 0.7672878835071668,0.09218100371620658,-0.6569844015160361,0.7626490215532655,0.09218100371620658,-1.0094394682916403,0.34818705583914666,0.09218100371620658,-1.0039844982108317,0.35282591779304795,0.09218100371620658,-0.6515294314352273,0.7672878835071668,-0.6197491652037859,-0.6569844015160361,0.7626490215532655,-0.6197491652037859,-1.0094394682916403,0.34818705583914666,-0.6197491652037859,-1.0039844982108317,0.35282591779304795,-0.6197491652037859,-0.6515294314352273 0.0063637695
6 1.8863846559541164,0.14902536134311972,-1.2736785667988295,1.8859224625583617,0.14902536134311972,-2.020151744409506,1.1894803743345799,0.14902536134311972,-2.019720528736449,1.1899425677303346,0.14902536134311972,-1.2732473511257723,1.8863846559541164,-0.054214830799792404,-1.2736785667988295,1.8859224625583617,-0.054214830799792404,-2.020151744409506,1.1894803743345799,-0.054214830799792404,-2.019720528736449,1.1899425677303346,-0.054214830799792404,-1.2732473511257723 0.01710634
6 1.723103276910931,0.2574098882328892,-1.3239848483594139,1.726924397962226,0.2574098882328892,-1.6670348545243192,1.1726079066370427,0.2574098882328892,-1.6732092033831398,1.1687867855857477,0.2574098882328892,-1.3301591972182345,1.723103276910931,-0.41363087567204476,-1.3239848483594139,1.726924397962226,-0.41363087567204476,-1.6670348545243192,1.1726079066370427,-0.41363087567204476,-1.6732092033831398,1.1687867855857477,-0.41363087567204476,-1.3301591972182345 0.051826343
6 -0.17652631380242023,-0.12336776761718751,1.4442288482000707,-0.18562829468403796,-0.12336776761718751,0.5856621502123682,-0.7240939082892546,-0.12336776761718751,0.5913706219384791,-0.7149919274076368,-0.12336776761718751,1.4499373199261816,-0.17652631380242023,-0.49445684643081667,1.4442288482000707,-0.18562829468403796,-0.49445684643081667,0.5856621502123682,-0.7240939082892546,-0.49445684643081667,0.5913706219384791,-0.7149919274076368,-0.49445684643081667,1.4499373199261816 0.003162312
6 1.1215396091503589,0.039064576081850516,1.088154337692814,1.1237143699405265,0.039064576081850516,0.3339552052037439,0.642976982875398,0.039064576081850516,0.3325689813608359,0.6408022220852303,0.039064576081850516,1.0867681138499061,1.1215396091503589,-0.35178785508117916,1.088154337692814,1.1237143699405265,-0.35178785508117916,0.3339552052037439,0.642976982875398,-0.35178785508117916,0.3325689813608359,0.6408022220852303,-0.35178785508117916,1.0867681138499061 0.001575971
6 1.8736943343561396,0.15606888761820314,-1.2441830073150404,1.865544010553521,0.15606888761820314,-1.9758252223457173,1.1385148426610723,0.15606888761820314,-1.9677262868133776,1.1466651664636909,0.15606888761820314,-1.2360840717827006,1.8736943343561396,-0.004430245664734836,-1.2441830073150404,1.865544010553521,-0.004430245664734836,-1.9758252223457173,1.1385148426610723,-0.004430245664734836,-1.9677262868133776,1.1466651664636909,-0.004430245664734836,-1.2360840717827006 0.020265143
6 -0.11961057893301374,-0.005866169765672696,1.2990558250123438,-0.12732512816667163,-0.005866169765672696,0.5388832459521142,-0.6795276094291078,-0.005866169765672696,0.5444872276609961,-0.67181306019545,-0.005866169765672696,1.3046598067212256,-0.11961057893301374,-0.28183364884547235,1.2990558250123438,-0.12732512816667163,-0.28183364884547235,0.5388832459521142,-0.6795276094291078,-0.28183364884547235,0.5444872276609961,-0.67181306019545,-0.28183364884547235,1.3046598067212256 0.0020755667
7 1.1487800279735982,0.2740686816870356,1.1640640273282972,1.1485617798721344,0.2740686816870356,0.3548844979790419,0.6304488977313578,0.2740686816870356,0.3550242409517321,0.6306671458328218,0.2740686816870356,1.1642037703009873,1.1487800279735982,-0.12400138208261965,1.1640640273282972,1.1485617798721344,-0.12400138208261965,0.3548844979790419,0.6304488977313578,-0.12400138208261965,0.3550242409517321,0.6306671458328218,-0.12400138208261965,1.1642037703009873 0.0011619339
7 -0.13973748329754368,0.19372916983059882,1.338103948992413,-0.14833255220837052,0.19372916983059882,0.5159363954257853,-0.6071951424730252,0.19372916983059882,0.520733417111713,-0.5986000735621984,0.19372916983059882,1.3429009706783406,-0.13973748329754368,-0.07257962988308905,1.338103948992413,-0.14833255220837052,-0.07257962988308905,0.5159363954257853,-0.6071951424730252,-0.07257962988308905,0.520733417111713,-0.5986000735621984,-0.07257962988308905,1.3429009706783406 0.008155889
7 0.964241795514125,0.2947954303290606,-0.7519177504561951,0.9578396692366471,0.2947954303290606,-1.116330706062988,0.47550196173379977,0.2947954303290606,-1.107856839082379,0.48190408801127776,0.2947954303290606,-0.7434438834755862,0.964241795514125,-0.4471350378062487,-0.7519177504561951,0.9578396692366471,-0.4471350378062487,-1.116330706062988,0.47550196173379977,-0.4471350378062487,-1.107856839082379,0.48190408801127776,-0.4471350378062487,-0.7434438834755862 0.0026904896
7 1.719122705376569,0.08712039427908182,-1.139316841678088,1.7184353670223442,0.08712039427908182,-1.8636326551981626,1.0209574128027523,0.08712039427908182,-1.8629707845883914,1.021644751156977,0.08712039427908182,-1.138654971068317,1.719122705376569,-0.08556347625406503,-1.139316841678088,1.7184353670223442,-0.08556347625406503,-1.8636326551981626,1.0209574128027523,-0.08556347625406503,-1.8629707845883914,1.021644751156977,-0.08556347625406503,-1.138654971068317 0.025245344
7 0.16607982346620215,-0.0487246270656395,1.4329464254609778,0.16363478668893477,-0.0487246270656395,0.7929221934712897,-0.5680766148289647,-0.0487246270656395,0.7957174958952233,-0.5656315780516972,-0.0487246270656395,1.4357417278849116,0.16607982346620215,-0.17241241974832533,1.4329464254609778,0.16363478668893477,-0.17241241974832533,0.7929221934712897,-0.5680766148289647,-0.17241241974832533,0.7957174958952233,-0.5656315780516972,-0.17241241974832533,1.4357417278849116 0.013645259
7 0.867406445707301,0.15338787163457873,-0.6023605282868704,0.8630335905315363,0.15338787163457873,-0.8897484243966698,0.4924042642460071,0.15338787163457873,-0.8841089789305369,0.4967771194217719,0.15338787163457873,-0.5967210828207374,0.867406445707301,-0.4191127094145775,-0.6023605282868704,0.8630335905315363,-0.4191127094145775,-0.8897484243966698,0.4924042642460071,-0.4191127094145775,-0.8841089789305369,0.4967771194217719,-0.4191127094145775,-0.5967210828207374 0.0033968666
7 1.0128533861407754,-0.14842891956128837,0.9591983766968885,1.0200750829090328,-0.14842891956128837,0.22930989918815686,0.5091767289867881,-0.14842891956128837,0.22425494476002072,0.5019550322185307,-0.14842891956128837,0.9541434222687524,1.0128533861407754,-0.5019166443272615,0.9591983766968885,1.0200750829090328,-0.5019166443272615,0.22930989918815686,0.5091767289867881,-0.5019166443272615,0.22425494476002072,0.5019550322185307,-0.5019166443272615,0.9541434222687524 0.0015993365
7 1.6631276022220711,0.1507903763031498,-1.1757240251979835,1.670850579771444,0.1507903763031498,-1.70626049988917,1.1391633142208,0.1507903763031498,-1.7140002294101708,1.1314403366714272,0.1507903763031498,-1.1834637547189844,1.6631276022220711,-0.6078547366833225,-1.1757240251979835,1.670850579771444,-0.6078547366833225,-1.70626049988917,1.1391633142208,-0.6078547366833225,-1.7140002294101708,1.1314403366714272,-0.6078547366833225,-1.1834637547189844 0.022453686
7 1.6038412470573715,0.02003708208761218,-1.311460103224884,1.6070488502414242,0.02003708208761218,-1.7801872681222948,1.1063244920020767,0.02003708208761218,-1.783613835144867,1.103116888818024,0.02003708208761218,-1.3148866702474562,1.6038412470573715,-0.6310431631918907,-1.311460103224884,1.6070488502414242,-0.6310431631918907,-1.7801872681222948,1.1063244920020767,-0.6310431631918907,-1.783613835144867,1.103116888818024,-0.6310431631918907,-1.3148866702474562 0.002339553
7 1.448031337126895,-0.08678085257449147,-1.1754781252546815,1.4487876923978298,-0.08678085257449147,-1.6005624971566472,0.9959221769722262,-0.08678085257449147,-1.6013682835893126,0.9951658217012913,-0.08678085257449147,-1.176283911687347,1.448031337126895,-0.7724240357693195,-1.1754781252546815,1.4487876923978298,-0.7724240357693195,-1.6005624971566472,0.9959221769722262,-0.7724240357693195,-1.6013682835893126,0.9951658217012913,-0.7724240357693195,-1.176283911687347 0.0034149145
7 0.7672878835071668,0.09218100371620658,-0.6569844015160361,0.7626490215532655,0.09218100371620658,-1.0094394682916403,0.34818705583914666,0.09218100371620658,-1.0039844982108317,0.35282591779304795,0.09218100371620658,-0.6515294314352273,0.7672878835071668,-0.6197491652037859,-0.6569844015160361,0.7626490215532655,-0.6197491652037859,-1.0094394682916403,0.34818705583914666,-0.6197491652037859,-1.0039844982108317,0.35282591779304795,-0.6197491652037859,-0.6515294314352273 0.00024845666
7 1.8863846559541164,0.14902536134311972,-1.2736785667988295,1.8859224625583617,0.14902536134311972,-2.020151744409506,1.1894803743345799,0.14902536134311972,-2.019720528736449,1.1899425677303346,0.14902536134311972,-1.2732473511257723,1.8863846559541164,-0.054214830799792404,-1.2736785667988295,1.8859224625583617,-0.054214830799792404,-2.020151744409506,1.1894803743345799,-0.054214830799792404,-2.019720528736449,1.1899425677303346,-0.054214830799792404,-1.2732473511257723 0.014105571
7 1.723103276910931,0.2574098882328892,-1.3239848483594139,1.726924397962226,0.2574098882328892,-1.6670348545243192,1.1726079066370427,0.2574098882328892,-1.6732092033831398,1.1687867855857477,0.2574098882328892,-1.3301591972182345,1.723103276910931,-0.41363087567204476,-1.3239848483594139,1.726924397962226,-0.41363087567204476,-1.6670348545243192,1.1726079066370427,-0.41363087567204476,-1.6732092033831398,1.1687867855857477,-0.41363087567204476,-1.3301591972182345 0.020493254
7 -0.17652631380242023,-0.12336776761718751,1.4442288482000707,-0.18562829468403796,-0.12336776761718751,0.5856621502123682,-0.7240939082892546,-0.12336776761718751,0.5913706219384791,-0.7149919274076368,-0.12336776761718751,1.4499373199261816,-0.17652631380242023,-0.49445684643081667,1.4442288482000707,-0.18562829468403796,-0.49445684643081667,0.5856621502123682,-0.7240939082892546,-0.49445684643081667,0.5913706219384791,-0.7149919274076368,-0.49445684643081667,1.4499373199261816 0.007432635
7 1.1215396091503589,0.039064576081850516,1.088154337692814,1.1237143699405265,0.039064576081850516,0.3339552052037439,0.642976982875398,0.039064576081850516,0.3325689813608359,0.6408022220852303,0.039064576081850516,1.0867681138499061,1.1215396091503589,-0.35178785508117916,1.088154337692814,1.1237143699405265,-0.35178785508117916,0.3339552052037439,0.642976982875398,-0.35178785508117916,0.3325689813608359,0.6408022220852303,-0.35178785508117916,1.0867681138499061 0.0005109123
7 1.8736943343561396,0.15606888761820314,-1.2441830073150404,1.865544010553521,0.15606888761820314,-1.9758252223457173,1.1385148426610723,0.15606888761820314,-1.9677262868133776,1.1466651664636909,0.15606888761820314,-1.2360840717827006,1.8736943343561396,-0.004430245664734836,-1.2441830073150404,1.865544010553521,-0.004430245664734836,-1.9758252223457173,1.1385148426610723,-0.004430245664734836,-1.9677262868133776,1.1466651664636909,-0.004430245664734836,-1.2360840717827006 0.011185198
7 -0.11961057893301374,-0.005866169765672696,1.2990558250123438,-0.12732512816667163,-0.005866169765672696,0.5388832459521142,-0.6795276094291078,-0.005866169765672696,0.5444872276609961,-0.67181306019545,-0.005866169765672696,1.3046598067212256,-0.11961057893301374,-0.28183364884547235,1.2990558250123438,-0.12732512816667163,-0.28183364884547235,0.5388832459521142,-0.6795276094291078,-0.28183364884547235,0.5444872276609961,-0.67181306019545,-0.28183364884547235,1.3046598067212256 0.00422717
8 1.1487800279735982,0.2740686816870356,1.1640640273282972,1.1485617798721344,0.2740686816870356,0.3548844979790419,0.6304488977313578,0.2740686816870356,0.3550242409517321,0.6306671458328218,0.2740686816870356,1.1642037703009873,1.1487800279735982,-0.12400138208261965,1.1640640273282972,1.1485617798721344,-0.12400138208261965,0.3548844979790419,0.6304488977313578,-0.12400138208261965,0.3550242409517321,0.6306671458328218,-0.12400138208261965,1.1642037703009873 0.0019014602
8 -0.13973748329754368,0.19372916983059882,1.338103948992413,-0.14833255220837052,0.19372916983059882,0.5159363954257853,-0.6071951424730252,0.19372916983059882,0.520733417111713,-0.5986000735621984,0.19372916983059882,1.3429009706783406,-0.13973748329754368,-0.07257962988308905,1.338103948992413,-0.14833255220837052,-0.07257962988308905,0.5159363954257853,-0.6071951424730252,-0.07257962988308905,0.520733417111713,-0.5986000735621984,-0.07257962988308905,1.3429009706783406 0.017308401
8 0.964241795514125,0.2947954303290606,-0.7519177504561951,0.9578396692366471,0.2947954303290606,-1.116330706062988,0.47550196173379977,0.2947954303290606,-1.107856839082379,0.48190408801127776,0.2947954303290606,-0.7434438834755862,0.964241795514125,-0.4471350378062487,-0.7519177504561951,0.9578396692366471,-0.4471350378062487,-1.116330706062988,0.47550196173379977,-0.4471350378062487,-1.107856839082379,0.48190408801127776,-0.4471350378062487,-0.7434438834755862 0.0053402623
8 1.719122705376569,0.08712039427908182,-1.139316841678088,1.7184353670223442,0.08712039427908182,-1.8636326551981626,1.0209574128027523,0.08712039427908182,-1.8629707845883914,1.021644751156977,0.08712039427908182,-1.138654971068317,1.719122705376569,-0.08556347625406503,-1.139316841678088,1.7184353670223442,-0.08556347625406503,-1.8636326551981626,1.0209574128027523,-0.08556347625406503,-1.8629707845883914,1.021644751156977,-0.08556347625406503,-1.138654971068317 0.031216126
8 0.16607982346620215,-0.0487246270656395,1.4329464254609778,0.16363478668893477,-0.0487246270656395,0.7929221934712897,-0.5680766148289647,-0.0487246270656395,0.7957174958952233,-0.5656315780516972,-0.0487246270656395,1.4357417278849116,0.16607982346620215,-0.17241241974832533,1.4329464254609778,0.16363478668893477,-0.17241241974832533,0.7929221934712897,-0.5680766148289647,-0.17241241974832533,0.7957174958952233,-0.5656315780516972,-0.17241241974832533,1.4357417278849116 0.020501645
8 0.867406445707301,0.15338787163457873,-0.6023605282868704,0.8630335905315363,0.15338787163457873,-0.8897484243966698,0.4924042642460071,0.15338787163457873,-0.8841089789305369,0.4967771194217719,0.15338787163457873,-0.5967210828207374,0.867406445707301,-0.4191127094145775,-0.6023605282868704,0.8630335905315363,-0.4191127094145775,-0.8897484243966698,0.4924042642460071,-0.4191127094145775,-0.8841089789305369,0.4967771194217719,-0.4191127094145775,-0.5967210828207374 0.0049871006
8 1.0128533861407754,-0.14842891956128837,0.9591983766968885,1.0200750829090328,-0.14842891956128837,0.22930989918815686,0.5091767289867881,-0.14842891956128837,0.22425494476002072,0.5019550322185307,-0.14842891956128837,0.9541434222687524,1.0128533861407754,-0.5019166443272615,0.9591983766968885,1.0200750829090328,-0.5019166443272615,0.22930989918815686,0.5091767289867881,-0.5019166443272615,0.22425494476002072,0.5019550322185307,-0.5019166443272615,0.9541434222687524 0.001997337
8 1.6631276022220711,0.1507903763031498,-1.1757240251979835,1.670850579771444,0.1507903763031498,-1.70626049988917,1.1391633142208,0.1507903763031498,-1.7140002294101708,1.1314403366714272,0.1507903763031498,-1.1834637547189844,1.6631276022220711,-0.6078547366833225,-1.1757240251979835,1.670850579771444,-0.6078547366833225,-1.70626049988917,1.1391633142208,-0.6078547366833225,-1.7140002294101708,1.1314403366714272,-0.6078547366833225,-1.1834637547189844 0.028030332
8 1.6038412470573715,0.02003708208761218,-1.311460103224884,1.6070488502414242,0.02003708208761218,-1.7801872681222948,1.1063244920020767,0.02003708208761218,-1.783613835144867,1.103116888818024,0.02003708208761218,-1.3148866702474562,1.6038412470573715,-0.6310431631918907,-1.311460103224884,1.6070488502414242,-0.6310431631918907,-1.7801872681222948,1.1063244920020767,-0.6310431631918907,-1.783613835144867,1.103116888818024,-0.6310431631918907,-1.3148866702474562 0.0055637406
8 1.448031337126895,-0.08678085257449147,-1.1754781252546815,1.4487876923978298,-0.08678085257449147,-1.6005624971566472,0.9959221769722262,-0.08678085257449147,-1.6013682835893126,0.9951658217012913,-0.08678085257449147,-1.176283911687347,1.448031337126895,-0.7724240357693195,-1.1754781252546815,1.4487876923978298,-0.7724240357693195,-1.6005624971566472,0.9959221769722262,-0.7724240357693195,-1.6013682835893126,0.9951658217012913,-0.7724240357693195,-1.176283911687347 0.006565922
8 0.7672878835071668,0.09218100371620658,-0.6569844015160361,0.7626490215532655,0.09218100371620658,-1.0094394682916403,0.34818705583914666,0.09218100371620658,-1.0039844982108317,0.35282591779304795,0.09218100371620658,-0.6515294314352273,0.7672878835071668,-0.6197491652037859,-0.6569844015160361,0.7626490215532655,-0.6197491652037859,-1.0094394682916403,0.34818705583914666,-0.6197491652037859,-1.0039844982108317,0.35282591779304795,-0.6197491652037859,-0.6515294314352273 0.00041256633
8 1.8863846559541164,0.14902536134311972,-1.2736785667988295,1.8859224625583617,0.14902536134311972,-2.020151744409506,1.1894803743345799,0.14902536134311972,-2.019720528736449,1.1899425677303346,0.14902536134311972,-1.2732473511257723,1.8863846559541164,-0.054214830799792404,-1.2736785667988295,1.8859224625583617,-0.054214830799792404,-2.020151744409506,1.1894803743345799,-0.054214830799792404,-2.019720528736449,1.1899425677303346,-0.054214830799792404,-1.2732473511257723 0.02158696
8 1.723103276910931,0.2574098882328892,-1.3239848483594139,1.726924397962226,0.2574098882328892,-1.6670348545243192,1.1726079066370427,0.2574098882328892,-1.6732092033831398,1.1687867855857477,0.2574098882328892,-1.3301591972182345,1.723103276910931,-0.41363087567204476,-1.3239848483594139,1.726924397962226,-0.41363087567204476,-1.6670348545243192,1.1726079066370427,-0.41363087567204476,-1.6732092033831398,1.1687867855857477,-0.41363087567204476,-1.3301591972182345 0.030859591
8 -0.17652631380242023,-0.12336776761718751,1.4442288482000707,-0.18562829468403796,-0.12336776761718751,0.5856621502123682,-0.7240939082892546,-0.12336776761718751,0.5913706219384791,-0.7149919274076368,-0.12336776761718751,1.4499373199261816,-0.17652631380242023,-0.49445684643081667,1.4442288482000707,-0.18562829468403796,-0.49445684643081667,0.5856621502123682,-0.7240939082892546,-0.49445684643081667,0.5913706219384791,-0.7149919274076368,-0.49445684643081667,1.4499373199261816 0.012433974
8 1.1215396091503589,0.039064576081850516,1.088154337692814,1.1237143699405265,0.039064576081850516,0.3339552052037439,0.642976982875398,0.039064576081850516,0.3325689813608359,0.6408022220852303,0.039064576081850516,1.0867681138499061,1.1215396091503589,-0.35178785508117916,1.088154337692814,1.1237143699405265,-0.35178785508117916,0.3339552052037439,0.642976982875398,-0.35178785508117916,0.3325689813608359,0.6408022220852303,-0.35178785508117916,1.0867681138499061 0.0006390708
8 1.8736943343561396,0.15606888761820314,-1.2441830073150404,1.865544010553521,0.15606888761820314,-1.9758252223457173,1.1385148426610723,0.15606888761820314,-1.9677262868133776,1.1466651664636909,0.15606888761820314,-1.2360840717827006,1.8736943343561396,-0.004430245664734836,-1.2441830073150404,1.865544010553521,-0.004430245664734836,-1.9758252223457173,1.1385148426610723,-0.004430245664734836,-1.9677262868133776,1.1466651664636909,-0.004430245664734836,-1.2360840717827006 0.018902846
8 -0.11961057893301374,-0.005866169765672696,1.2990558250123438,-0.12732512816667163,-0.005866169765672696,0.5388832459521142,-0.6795276094291078,-0.005866169765672696,0.5444872276609961,-0.67181306019545,-0.005866169765672696,1.3046598067212256,-0.11961057893301374,-0.28183364884547235,1.2990558250123438,-0.12732512816667163,-0.28183364884547235,0.5388832459521142,-0.6795276094291078,-0.28183364884547235,0.5444872276609961,-0.67181306019545,-0.28183364884547235,1.3046598067212256 0.007187775
9 1.1487800279735982,0.2740686816870356,1.1640640273282972,1.1485617798721344,0.2740686816870356,0.3548844979790419,0.6304488977313578,0.2740686816870356,0.3550242409517321,0.6306671458328218,0.2740686816870356,1.1642037703009873,1.1487800279735982,-0.12400138208261965,1.1640640273282972,1.1485617798721344,-0.12400138208261965,0.3548844979790419,0.6304488977313578,-0.12400138208261965,0.3550242409517321,0.6306671458328218,-0.12400138208261965,1.1642037703009873 0.9520609
9 -0.13973748329754368,0.19372916983059882,1.338103948992413,-0.14833255220837052,0.19372916983059882,0.5159363954257853,-0.6071951424730252,0.19372916983059882,0.520733417111713,-0.5986000735621984,0.19372916983059882,1.3429009706783406,-0.13973748329754368,-0.07257962988308905,1.338103948992413,-0.14833255220837052,-0.07257962988308905,0.5159363954257853,-0.6071951424730252,-0.07257962988308905,0.520733417111713,-0.5986000735621984,-0.07257962988308905,1.3429009706783406 0.6739735
9 0.964241795514125,0.2947954303290606,-0.7519177504561951,0.9578396692366471,0.2947954303290606,-1.116330706062988,0.47550196173379977,0.2947954303290606,-1.107856839082379,0.48190408801127776,0.2947954303290606,-0.7434438834755862,0.964241795514125,-0.4471350378062487,-0.7519177504561951,0.9578396692366471,-0.4471350378062487,-1.116330706062988,0.47550196173379977,-0.4471350378062487,-1.107856839082379,0.48190408801127776,-0.4471350378062487,-0.7434438834755862 0.067412235
9 1.719122705376569,0.08712039427908182,-1.139316841678088,1.7184353670223442,0.08712039427908182,-1.8636326551981626,1.0209574128027523,0.08712039427908182,-1.8629707845883914,1.021644751156977,0.08712039427908182,-1.138654971068317,1.719122705376569,-0.08556347625406503,-1.139316841678088,1.7184353670223442,-0.08556347625406503,-1.8636326551981626,1.0209574128027523,-0.08556347625406503,-1.8629707845883914,1.021644751156977,-0.08556347625406503,-1.138654971068317 0.16605383
9 0.16607982346620215,-0.0487246270656395,1.4329464254609778,0.16363478668893477,-0.0487246270656395,0.7929221934712897,-0.5680766148289647,-0.0487246270656395,0.7957174958952233,-0.5656315780516972,-0.0487246270656395,1.4357417278849116,0.16607982346620215,-0.17241241974832533,1.4329464254609778,0.16363478668893477,-0.17241241974832533,0.7929221934712897,-0.5680766148289647,-0.17241241974832533,0.7957174958952233,-0.5656315780516972,-0.17241241974832533,1.4357417278849116 0.28806344
9 0.867406445707301,0.15338787163457873,-0.6023605282868704,0.8630335905315363,0.15338787163457873,-0.8897484243966698,0.4924042642460071,0.15338787163457873,-0.8841089789305369,0.4967771194217719,0.15338787163457873,-0.5967210828207374,0.867406445707301,-0.4191127094145775,-0.6023605282868704,0.8630335905315363,-0.4191127094145775,-0.8897484243966698,0.4924042642460071,-0.4191127094145775,-0.8841089789305369,0.4967771194217719,-0.4191127094145775,-0.5967210828207374 0.055724375
9 1.0128533861407754,-0.14842891956128837,0.9591983766968885,1.0200750829090328,-0.14842891956128837,0.22930989918815686,0.5091767289867881,-0.14842891956128837,0.22425494476002072,0.5019550322185307,-0.14842891956128837,0.9541434222687524,1.0128533861407754,-0.5019166443272615,0.9591983766968885,1.0200750829090328,-0.5019166443272615,0.22930989918815686,0.5091767289867881,-0.5019166443272615,0.22425494476002072,0.5019550322185307,-0.5019166443272615,0.9541434222687524 0.95521194
9 1.6631276022220711,0.1507903763031498,-1.1757240251979835,1.670850579771444,0.1507903763031498,-1.70626049988917,1.1391633142208,0.1507903763031498,-1.7140002294101708,1.1314403366714272,0.1507903763031498,-1.1834637547189844,1.6631276022220711,-0.6078547366833225,-1.1757240251979835,1.670850579771444,-0.6078547366833225,-1.70626049988917,1.1391633142208,-0.6078547366833225,-1.7140002294101708,1.1314403366714272,-0.6078547366833225,-1.1834637547189844 0.31973037
9 1.6038412470573715,0.02003708208761218,-1.311460103224884,1.6070488502414242,0.02003708208761218,-1.7801872681222948,1.1063244920020767,0.02003708208761218,-1.783613835144867,1.103116888818024,0.02003708208761218,-1.3148866702474562,1.6038412470573715,-0.6310431631918907,-1.311460103224884,1.6070488502414242,-0.6310431631918907,-1.7801872681222948,1.1063244920020767,-0.6310431631918907,-1.783613835144867,1.103116888818024,-0.6310431631918907,-1.3148866702474562 0.051015794
9 1.448031337126895,-0.08678085257449147,-1.1754781252546815,1.4487876923978298,-0.08678085257449147,-1.6005624971566472,0.9959221769722262,-0.08678085257449147,-1.6013682835893126,0.9951658217012913,-0.08678085257449147,-1.176283911687347,1.448031337126895,-0.7724240357693195,-1.1754781252546815,1.4487876923978298,-0.7724240357693195,-1.6005624971566472,0.9959221769722262,-0.7724240357693195,-1.6013682835893126,0.9951658217012913,-0.7724240357693195,-1.176283911687347 0.03810503
9 0.7672878835071668,0.09218100371620658,-0.6569844015160361,0.7626490215532655,0.09218100371620658,-1.0094394682916403,0.34818705583914666,0.09218100371620658,-1.0039844982108317,0.35282591779304795,0.09218100371620658,-0.6515294314352273,0.7672878835071668,-0.6197491652037859,-0.6569844015160361,0.7626490215532655,-0.6197491652037859,-1.0094394682916403,0.34818705583914666,-0.6197491652037859,-1.0039844982108317,0.35282591779304795,-0.6197491652037859,-0.6515294314352273 0.009207773
9 1.8863846559541164,0.14902536134311972,-1.2736785667988295,1.8859224625583617,0.14902536134311972,-2.020151744409506,1.1894803743345799,0.14902536134311972,-2.019720528736449,1.1899425677303346,0.14902536134311972,-1.2732473511257723,1.8863846559541164,-0.054214830799792404,-1.2736785667988295,1.8859224625583617,-0.054214830799792404,-2.020151744409506,1.1894803743345799,-0.054214830799792404,-2.019720528736449,1.1899425677303346,-0.054214830799792404,-1.2732473511257723 0.09198677
9 1.723103276910931,0.2574098882328892,-1.3239848483594139,1.726924397962226,0.2574098882328892,-1.6670348545243192,1.1726079066370427,0.2574098882328892,-1.6732092033831398,1.1687867855857477,0.2574098882328892,-1.3301591972182345,1.723103276910931,-0.41363087567204476,-1.3239848483594139,1.726924397962226,-0.41363087567204476,-1.6670348545243192,1.1726079066370427,-0.41363087567204476,-1.6732092033831398,1.1687867855857477,-0.41363087567204476,-1.3301591972182345 0.14813565
9 -0.17652631380242023,-0.12336776761718751,1.4442288482000707,-0.18562829468403796,-0.12336776761718751,0.5856621502123682,-0.7240939082892546,-0.12336776761718751,0.5913706219384791,-0.7149919274076368,-0.12336776761718751,1.4499373199261816,-0.17652631380242023,-0.49445684643081667,1.4442288482000707,-0.18562829468403796,-0.49445684643081667,0.5856621502123682,-0.7240939082892546,-0.49445684643081667,0.5913706219384791,-0.7149919274076368,-0.49445684643081667,1.4499373199261816 0.8276504
9 1.1215396091503589,0.039064576081850516,1.088154337692814,1.1237143699405265,0.039064576081850516,0.3339552052037439,0.642976982875398,0.039064576081850516,0.3325689813608359,0.6408022220852303,0.039064576081850516,1.0867681138499061,1.1215396091503589,-0.35178785508117916,1.088154337692814,1.1237143699405265,-0.35178785508117916,0.3339552052037439,0.642976982875398,-0.35178785508117916,0.3325689813608359,0.6408022220852303,-0.35178785508117916,1.0867681138499061 0.9805111
9 1.8736943343561396,0.15606888761820314,-1.2441830073150404,1.865544010553521,0.15606888761820314,-1.9758252223457173,1.1385148426610723,0.15606888761820314,-1.9677262868133776,1.1466651664636909,0.15606888761820314,-1.2360840717827006,1.8736943343561396,-0.004430245664734836,-1.2441830073150404,1.865544010553521,-0.004430245664734836,-1.9758252223457173,1.1385148426610723,-0.004430245664734836,-1.9677262868133776,1.1466651664636909,-0.004430245664734836,-1.2360840717827006 0.113825366
9 -0.11961057893301374,-0.005866169765672696,1.2990558250123438,-0.12732512816667163,-0.005866169765672696,0.5388832459521142,-0.6795276094291078,-0.005866169765672696,0.5444872276609961,-0.67181306019545,-0.005866169765672696,1.3046598067212256,-0.11961057893301374,-0.28183364884547235,1.2990558250123438,-0.12732512816667163,-0.28183364884547235,0.5388832459521142,-0.6795276094291078,-0.28183364884547235,0.5444872276609961,-0.67181306019545,-0.28183364884547235,1.3046598067212256 0.8895046
