1 -0.6574640042213631,-0.014744630091581348,0.8622379064222336,-0.6574640042213631,-0.014744630091581348,0.5699779033998489,-1.5840440028281975,-0.014744630091581348,0.5699779033998489,-1.5840440028281975,-0.014744630091581348,0.8622379064222336,-0.6574640042213631,-0.23296462929924966,0.8622379064222336,-0.6574640042213631,-0.23296462929924966,0.5699779033998489,-1.5840440028281975,-0.23296462929924966,0.5699779033998489,-1.5840440028281975,-0.23296462929924966,0.8622379064222336
9 -0.5812768715699959,-0.15783396719404222,-0.6551899279515457,-0.5812768715699959,-0.15783396719404222,-1.5035899315913008,-0.9728368741193962,-0.15783396719404222,-1.5035899315913008,-0.9728368741193962,-0.15783396719404222,-0.6551899279515457,-0.5812768715699959,-0.5140539670138741,-0.6551899279515457,-0.5812768715699959,-0.5140539670138741,-1.5035899315913008,-0.9728368741193962,-0.5140539670138741,-1.5035899315913008,-0.9728368741193962,-0.5140539670138741,-0.6551899279515457
2 1.6479950410048103,0.02164663846454623,0.3925557785451317,1.6479950410048103,0.02164663846454623,-0.19228421680330277,1.004455043681469,0.02164663846454623,-0.19228421680330277,1.004455043681469,0.02164663846454623,0.3925557785451317,1.6479950410048103,-0.4721333580728531,0.3925557785451317,1.6479950410048103,-0.4721333580728531,-0.19228421680330277,1.004455043681469,-0.4721333580728531,-0.19228421680330277,1.004455043681469,-0.4721333580728531,0.3925557785451317
4 1.0063743841423989,0.12134793760907647,0.9720096281359196,1.0063743841423989,0.12134793760907647,0.9132396289517879,0.8701743829474449,0.12134793760907647,0.9132396289517879,0.8701743829474449,0.12134793760907647,0.9720096281359196,1.0063743841423989,-0.8598620629562139,0.9720096281359196,1.0063743841423989,-0.8598620629562139,0.9132396289517879,0.8701743829474449,-0.8598620629562139,0.9132396289517879,0.8701743829474449,-0.8598620629562139,0.9720096281359196
5 -1.0841945325469209,0.2756262551125312,-0.021158808355216968,-1.0841945325469209,0.2756262551125312,-0.46696881067287443,-1.5306345308686065,0.2756262551125312,-0.46696881067287443,-1.5306345308686065,0.2756262551125312,-0.021158808355216968,-1.0841945325469209,-0.4962337444599891,-0.021158808355216968,-1.0841945325469209,-0.4962337444599891,-0.46696881067287443,-1.5306345308686065,-0.4962337444599891,-0.46696881067287443,-1.5306345308686065,-0.4962337444599891,-0.021158808355216968
2 0.8944616436692512,0.08542238211342174,-0.9220744290605283,0.8944616436692512,0.08542238211342174,-1.3836144289716983,0.4319616437224114,0.08542238211342174,-1.3836144289716983,0.4319616437224114,0.08542238211342174,-0.9220744290605283,0.8944616436692512,-0.6715776178807862,-0.9220744290605283,0.8944616436692512,-0.6715776178807862,-1.3836144289716983,0.4319616437224114,-0.6715776178807862,-1.3836144289716983,0.4319616437224114,-0.6715776178807862,-0.9220744290605283
2 0.1292316552917099,0.000618965428686169,1.5781487912654781,0.1292316552917099,0.000618965428686169,1.0715787916660404,-0.36277834444442747,0.000618965428686169,1.0715787916660404,-0.36277834444442747,0.000618965428686169,1.5781487912654781,0.1292316552917099,-0.6918410370763302,1.5781487912654781,0.1292316552917099,-0.6918410370763302,1.0715787916660404,-0.36277834444442747,-0.6918410370763302,1.0715787916660404,-0.36277834444442747,-0.6918410370763302,1.5781487912654781
3 0.032950790645935535,0.1253129993858063,-1.1743695386604094,0.032950790645935535,0.1253129993858063,-1.4855895391746736,-0.047699209349610805,0.1253129993858063,-1.4855895391746736,-0.047699209349610805,0.1253129993858063,-1.1743695386604094,0.032950790645935535,-0.8047470008315766,-1.1743695386604094,0.032950790645935535,-0.8047470008315766,-1.4855895391746736,-0.047699209349610805,-0.8047470008315766,-1.4855895391746736,-0.047699209349610805,-0.8047470008315766,-1.1743695386604094
3 1.3060892979152583,0.03778250681369244,-0.29522967128201066,1.3060892979152583,0.03778250681369244,-0.6305496713693566,1.1876092990390874,0.03778250681369244,-0.6305496713693566,1.1876092990390874,0.03778250681369244,-0.29522967128201066,1.3060892979152583,-0.8963574932715171,-0.29522967128201066,1.3060892979152583,-0.8963574932715171,-0.6305496713693566,1.1876092990390874,-0.8963574932715171,-0.6305496713693566,1.1876092990390874,-0.8963574932715171,-0.29522967128201066
1 3.0639760004291405,0.021342142942603823,-1.4915850138163655,3.0639760004291405,0.021342142942603823,-1.8411250138783366,2.1615160001506935,0.021342142942603823,-1.8411250138783366,2.1615160001506935,0.021342142942603823,-1.4915850138163655,3.0639760004291405,-0.20777785730665566,-1.4915850138163655,3.0639760004291405,-0.20777785730665566,-1.8411250138783366,2.1615160001506935,-0.20777785730665566,-1.8411250138783366,2.1615160001506935,-0.20777785730665566,-1.4915850138163655
2 -0.5711028247406149,-0.07010206108131406,1.2924689165566021,-0.5711028247406149,-0.07010206108131406,0.859198916771645,-0.9928428263137674,-0.07010206108131406,0.859198916771645,-0.9928428263137674,-0.07010206108131406,1.2924689165566021,-0.5711028247406149,-0.8637220608707428,1.2924689165566021,-0.5711028247406149,-0.8637220608707428,0.859198916771645,-0.9928428263137674,-0.8637220608707428,0.859198916771645,-0.9928428263137674,-0.8637220608707428,1.2924689165566021
5 0.7231173376107979,-0.03419249234086036,1.3823160473471534,0.7231173376107979,-0.03419249234086036,1.0418060477608788,0.37197734317533493,-0.03419249234086036,1.0418060477608788,0.37197734317533493,-0.03419249234086036,1.3823160473471534,0.7231173376107979,-0.9010124904167081,1.3823160473471534,0.7231173376107979,-0.9010124904167081,1.0418060477608788,0.37197734317533493,-0.9010124904167081,1.0418060477608788,0.37197734317533493,-0.9010124904167081,1.3823160473471534
5 3.2767961221302317,0.31302022087091447,0.4334636838389587,3.2767961221302317,0.31302022087091447,0.05814368415344237,2.9014761251842214,0.31302022087091447,0.05814368415344237,2.9014761251842214,0.31302022087091447,0.4334636838389587,3.2767961221302317,-0.5334097807359124,0.4334636838389587,3.2767961221302317,-0.5334097807359124,0.05814368415344237,2.9014761251842214,-0.5334097807359124,0.05814368415344237,2.9014761251842214,-0.5334097807359124,0.4334636838389587
6 1.995346609826982,0.10110453853663445,2.9271716062565636,1.995346609826982,0.10110453853663445,2.2265316064814735,1.4473366100826859,0.10110453853663445,2.2265316064814735,1.4473366100826859,0.10110453853663445,2.9271716062565636,1.995346609826982,-0.3556254614358807,2.9271716062565636,1.995346609826982,-0.3556254614358807,2.2265316064814735,1.4473366100826859,-0.3556254614358807,2.2265316064814735,1.4473366100826859,-0.3556254614358807,2.9271716062565636
0 4.001458914932757,0.023899607417006488,4.3756160889446445,4.001458914932757,0.023899607417006488,3.811736091536312,3.198838917556257,0.023899607417006488,3.811736091536312,3.198838917556257,0.023899607417006488,4.3756160889446445,4.001458914932757,-0.1462803930610609,4.3756160889446445,4.001458914932757,-0.1462803930610609,3.811736091536312,3.198838917556257,-0.1462803930610609,3.811736091536312,3.198838917556257,-0.1462803930610609,4.3756160889446445
5 1.212432430174427,0.01516959714406968,-0.6473447321699906,1.212432430174427,0.01516959714406968,-0.9391647340012741,0.92265243730299,0.01516959714406968,-0.9391647340012741,0.92265243730299,0.01516959714406968,-0.6473447321699906,1.212432430174427,-0.8833904032658959,-0.6473447321699906,1.212432430174427,-0.8833904032658959,-0.9391647340012741,0.92265243730299,-0.8833904032658959,-0.9391647340012741,0.92265243730299,-0.8833904032658959,-0.6473447321699906
