2 1.391850819132719,0.07414529944620135,-0.34945333965421677,1.391850819132719,0.07414529944620135,-0.6807533406436348,1.0605508188982868,0.07414529944620135,-0.6807533406436348,1.0605508188982868,0.07414529944620135,-0.34945333965421677,1.391850819132719,-0.8092247071381569,-0.34945333965421677,1.391850819132719,-0.8092247071381569,-0.6807533406436348,1.0605508188982868,-0.8092247071381569,-0.6807533406436348,1.0605508188982868,-0.8092247071381569,-0.34945333965421677
3 0.5282700350977564,0.1254282736046487,-1.0811004757334166,0.5282700350977564,0.1254282736046487,-1.4038004756520814,0.4208700367711401,0.1254282736046487,-1.4038004756520814,0.4208700367711401,0.1254282736046487,-1.0811004757334166,0.5282700350977564,-0.8100317262871438,-1.0811004757334166,0.5282700350977564,-0.8100317262871438,-1.4038004756520814,0.4208700367711401,-0.8100317262871438,-1.4038004756520814,0.4208700367711401,-0.8100317262871438,-1.0811004757334166
9 1.9852345806280327,-0.13727220690258504,-2.2878159622709466,1.9852345806280327,-0.13727220690258504,-2.957985963388233,1.315414585479145,-0.13727220690258504,-2.957985963388233,1.315414585479145,-0.13727220690258504,-2.2878159622709466,1.9852345806280327,-0.4552122076748991,-2.2878159622709466,1.9852345806280327,-0.4552122076748991,-2.957985963388233,1.315414585479145,-0.4552122076748991,-2.957985963388233,1.315414585479145,-0.4552122076748991,-2.2878159622709466
0 0.5905120139764237,0.03260079776944637,1.6398955825410497,0.5905120139764237,0.03260079776944637,0.9756055828489649,-0.10599798614248512,0.03260079776944637,0.9756055828489649,-0.10599798614248512,0.03260079776944637,1.6398955825410497,0.5905120139764237,-0.1513492018550825,1.6398955825410497,0.5905120139764237,-0.1513492018550825,0.9756055828489649,-0.10599798614248512,-0.1513492018550825,0.9756055828489649,-0.10599798614248512,-0.1513492018550825,1.6398955825410497
5 -0.9779909762241953,0.03648299622053147,0.7141229645563316,-0.9779909762241953,0.03648299622053147,0.3423029645131874,-1.463230976214159,0.03648299622053147,0.3423029645131874,-1.463230976214159,0.03648299622053147,0.7141229645563316,-0.9779909762241953,-0.7548970048379327,0.7141229645563316,-0.9779909762241953,-0.7548970048379327,0.3423029645131874,-1.463230976214159,-0.7548970048379327,0.3423029645131874,-1.463230976214159,-0.7548970048379327,0.7141229645563316
1 2.4063736320408156,0.012915402177032229,2.605150608684635,2.4063736320408156,0.012915402177032229,2.1689206078986167,1.545963632973833,0.012915402177032229,2.1689206078986167,1.545963632973833,0.012915402177032229,2.605150608684635,2.4063736320408156,-0.21722459745710732,2.605150608684635,2.4063736320408156,-0.21722459745710732,2.1689206078986167,1.545963632973833,-0.21722459745710732,2.1689206078986167,1.545963632973833,-0.21722459745710732,2.605150608684635
5 1.3297107900048064,0.22458364340180398,0.9283392117572975,1.3297107900048064,0.22458364340180398,0.5082592083858299,0.9089907919501495,0.22458364340180398,0.5082592083858299,0.9089907919501495,0.22458364340180398,0.9283392117572975,1.3297107900048064,-0.5791563567768956,0.9283392117572975,1.3297107900048064,-0.5791563567768956,0.5082592083858299,0.9089907919501495,-0.5791563567768956,0.5082592083858299,0.9089907919501495,-0.5791563567768956,0.9283392117572975
3 2.5096766781531357,0.12733372934615617,2.0343051768222202,2.5096766781531357,0.12733372934615617,1.704895176800216,2.433106677559755,0.12733372934615617,1.704895176800216,2.433106677559755,0.12733372934615617,2.0343051768222202,2.5096766781531357,-0.8108262706593276,2.0343051768222202,2.5096766781531357,-0.8108262706593276,1.704895176800216,2.433106677559755,-0.8108262706593276,1.704895176800216,2.433106677559755,-0.8108262706593276,2.0343051768222202
6 3.3760298354065417,0.06742442364152909,-0.1998976956466842,3.3760298354065417,0.06742442364152909,-0.8899276961227249,2.7251998322570326,0.06742442364152909,-0.8899276961227249,2.7251998322570326,0.06742442364152909,-0.1998976956466842,3.3760298354065417,-0.24727558309492112,-0.1998976956466842,3.3760298354065417,-0.24727558309492112,-0.8899276961227249,2.7251998322570326,-0.24727558309492112,-0.8899276961227249,2.7251998322570326,-0.24727558309492112,-0.1998976956466842
0 3.8998541533769657,0.04432405630203008,4.468609681788058,3.8998541533769657,0.04432405630203008,3.839559683141141,3.160694152134509,0.04432405630203008,3.839559683141141,3.160694152134509,0.04432405630203008,4.468609681788058,3.8998541533769657,-0.15954594412894962,4.468609681788058,3.8998541533769657,-0.15954594412894962,3.839559683141141,3.160694152134509,-0.15954594412894962,3.839559683141141,3.160694152134509,-0.15954594412894962,4.468609681788058
5 -0.6223785271381569,0.10486426102632523,1.152741073186512,-0.6223785271381569,0.10486426102632523,0.9898210777686882,-0.9540185342098045,0.10486426102632523,0.9898210777686882,-0.9540185342098045,0.10486426102632523,1.152741073186512,-0.6223785271381569,-0.8229957436274911,1.152741073186512,-0.6223785271381569,-0.8229957436274911,0.9898210777686882,-0.9540185342098045,-0.8229957436274911,0.9898210777686882,-0.9540185342098045,-0.8229957436274911,1.152741073186512
5 -0.6100927991306019,-0.04404375990217685,-0.8197619388597059,-0.6100927991306019,-0.04404375990217685,-1.1176119377119493,-1.2125928001964854,-0.04404375990217685,-1.1176119377119493,-1.2125928001964854,-0.04404375990217685,-0.8197619388597059,-0.6100927991306019,-0.7802337602775717,-0.8197619388597059,-0.6100927991306019,-0.7802337602775717,-1.1176119377119493,-1.2125928001964854,-0.7802337602775717,-1.1176119377119493,-1.2125928001964854,-0.7802337602775717,-0.8197619388597059
2 2.914475256829951,0.07041263679823878,1.70408106751441,2.914475256829951,0.07041263679823878,1.3415610700130558,2.483375256628301,0.07041263679823878,1.3415610700130558,2.483375256628301,0.07041263679823878,1.70408106751441,2.914475256829951,-0.755867363017416,1.70408106751441,2.914475256829951,-0.755867363017416,1.3415610700130558,2.483375256628301,-0.755867363017416,1.3415610700130558,2.483375256628301,-0.755867363017416,1.70408106751441
2 0.668219821780417,-0.012731567892813656,3.2967782464593554,0.668219821780417,-0.012731567892813656,2.842138246002803,0.18408982244184255,-0.012731567892813656,2.842138246002803,0.18408982244184255,-0.012731567892813656,3.2967782464593554,0.668219821780417,-0.7593315682079553,3.2967782464593554,0.668219821780417,-0.7593315682079553,2.842138246002803,0.18408982244184255,-0.7593315682079553,2.842138246002803,0.18408982244184255,-0.7593315682079553,3.2967782464593554
4 -0.31215655165171624,-0.0021241289870739255,-1.2294494294931888,-0.31215655165171624,-0.0021241289870739255,-1.2776094293782712,-0.5768065516426564,-0.0021241289870739255,-1.2776094293782712,-0.5768065516426564,-0.0021241289870739255,-1.2294494294931888,-0.31215655165171624,-0.9626641290886402,-1.2294494294931888,-0.31215655165171624,-0.9626641290886402,-1.2776094293782712,-0.5768065516426564,-0.9626641290886402,-1.2776094293782712,-0.5768065516426564,-0.9626641290886402,-1.2294494294931888
3 2.8290929040409707,0.14164944438396632,-1.21956455101377,2.8290929040409707,0.14164944438396632,-1.5222245515405513,2.729262904217086,0.14164944438396632,-1.5222245515405513,2.729262904217086,0.14164944438396632,-1.21956455101377,2.8290929040409707,-0.8012205555862063,-1.21956455101377,2.8290929040409707,-0.8012205555862063,-1.5222245515405513,2.729262904217086,-0.8012205555862063,-1.5222245515405513,2.729262904217086,-0.8012205555862063,-1.21956455101377
