1 -0.07243718589375736,0.03923034853419305,-1.0448136251757383,-0.07243718589375736,0.03923034853419305,-1.4169936258008242,-0.9350871852533984,0.03923034853419305,-1.4169936258008242,-0.9350871852533984,0.03923034853419305,-1.0448136251757383,-0.07243718589375736,-0.2934796530671978,-1.0448136251757383,-0.07243718589375736,-0.2934796530671978,-1.4169936258008242,-0.9350871852533984,-0.2934796530671978,-1.4169936258008242,-0.9350871852533984,-0.2934796530671978,-1.0448136251757383
2 -0.9818225491126442,-0.05256099154391286,0.8717099741816425,-0.9818225491126442,-0.05256099154391286,0.4518999739766216,-1.3254825484673118,-0.05256099154391286,0.4518999739766216,-1.3254825484673118,-0.05256099154391286,0.8717099741816425,-0.9818225491126442,-0.891140990954256,0.8717099741816425,-0.9818225491126442,-0.891140990954256,0.4518999739766216,-1.3254825484673118,-0.891140990954256,0.4518999739766216,-1.3254825484673118,-0.891140990954256,0.8717099741816425
7 1.0280747755918909,0.01610799063305915,-2.9304506794331147,1.0280747755918909,0.01610799063305915,-3.1548206790568756,0.1475947753038001,0.01610799063305915,-3.1548206790568756,0.1475947753038001,0.01610799063305915,-2.9304506794331147,1.0280747755918909,-0.3913720094070917,-2.9304506794331147,1.0280747755918909,-0.3913720094070917,-3.1548206790568756,0.1475947753038001,-0.3913720094070917,-3.1548206790568756,0.1475947753038001,-0.3913720094070917,-2.9304506794331147
2 -2.0013903106828597,0.02762203390560153,2.372000841122856,-2.0013903106828597,0.02762203390560153,1.8616808376491165,-2.5250503097395036,0.02762203390560153,1.8616808376491165,-2.5250503097395036,0.02762203390560153,2.372000841122856,-2.0013903106828597,-0.6545379656072616,2.372000841122856,-2.0013903106828597,-0.6545379656072616,1.8616808376491165,-2.5250503097395036,-0.6545379656072616,1.8616808376491165,-2.5250503097395036,-0.6545379656072616,2.372000841122856
4 -1.1578211646006107,0.11900944157224891,-2.8123967931044995,-1.1578211646006107,0.11900944157224891,-2.8805567934738696,-1.2922811646535397,0.11900944157224891,-2.8805567934738696,-1.2922811646535397,0.11900944157224891,-2.8123967931044995,-1.1578211646006107,-0.8630305592594743,-2.8123967931044995,-1.1578211646006107,-0.8630305592594743,-2.8805567934738696,-1.2922811646535397,-0.8630305592594743,-2.8805567934738696,-1.2922811646535397,-0.8630305592594743,-2.8123967931044995
7 1.249939345058452,0.004522050724658971,1.1613879043827284,1.249939345058452,0.004522050724658971,0.9234779041042102,0.4020093453559768,0.004522050724658971,0.9234779041042102,0.4020093453559768,0.004522050724658971,1.1613879043827284,1.249939345058452,-0.4386679483515358,1.1613879043827284,1.249939345058452,-0.4386679483515358,0.9234779041042102,0.4020093453559768,-0.4386679483515358,0.9234779041042102,0.4020093453559768,-0.4386679483515358,1.1613879043827284
2 -1.0350298962821627,-0.06691223562844989,-0.09351984301880956,-1.0350298962821627,-0.06691223562844989,-0.5444598432414138,-1.5473298945198393,-0.06691223562844989,-0.5444598432414138,-1.5473298945198393,-0.06691223562844989,-0.09351984301880956,-1.0350298962821627,-0.7946622353684067,-0.09351984301880956,-1.0350298962821627,-0.7946622353684067,-0.5444598432414138,-1.5473298945198393,-0.7946622353684067,-0.5444598432414138,-1.5473298945198393,-0.7946622353684067,-0.09351984301880956
0 1.1567856892766046,0.043958223481495376,-0.7588674347222137,1.1567856892766046,0.043958223481495376,-1.3865774352729034,0.41568569095716,0.043958223481495376,-1.3865774352729034,0.41568569095716,0.043958223481495376,-0.7588674347222137,1.1567856892766046,-0.17748177709134338,-0.7588674347222137,1.1567856892766046,-0.17748177709134338,-1.3865774352729034,0.41568569095716,-0.17748177709134338,-1.3865774352729034,0.41568569095716,-0.17748177709134338,-0.7588674347222137
2 2.796102744605355,-0.07903833774068353,-1.4664218931675053,2.796102744605355,-0.07903833774068353,-2.004591891241064,2.3385627445914223,-0.07903833774068353,-2.004591891241064,2.3385627445914223,-0.07903833774068353,-1.4664218931675053,2.796102744605355,-0.7835483393337488,-1.4664218931675053,2.796102744605355,-0.7835483393337488,-2.004591891241064,2.3385627445914223,-0.7835483393337488,-2.004591891241064,2.3385627445914223,-0.7835483393337488,-1.4664218931675053
4 -1.2180865203440785,0.040496150839149925,0.1365901036748886,-1.2180865203440785,0.040496150839149925,0.08273010415935517,-1.4328565205036998,0.040496150839149925,0.08273010415935517,-1.4328565205036998,0.040496150839149925,0.1365901036748886,-1.2180865203440785,-0.931003848898232,0.1365901036748886,-1.2180865203440785,-0.931003848898232,0.08273010415935517,-1.4328565205036998,-0.931003848898232,0.08273010415935517,-1.4328565205036998,-0.931003848898232,0.1365901036748886
6 1.6418988568222523,0.06742442364152909,0.5341456343074631,1.6418988568222523,0.06742442364152909,-0.15588436616857765,0.9910688536727428,0.06742442364152909,-0.15588436616857765,0.9910688536727428,0.06742442364152909,0.5341456343074631,1.6418988568222523,-0.24727558309492112,0.5341456343074631,1.6418988568222523,-0.24727558309492112,-0.15588436616857765,0.9910688536727428,-0.24727558309492112,-0.15588436616857765,0.9910688536727428,-0.24727558309492112,0.5341456343074631
0 -2.699716227146835,0.03594520973118066,0.6698633287727547,-2.699716227146835,0.03594520973118066,0.05511333004835128,-3.455536229518204,0.03594520973118066,0.05511333004835128,-3.455536229518204,0.03594520973118066,0.6698633287727547,-2.699716227146835,-0.13162479089649437,0.6698633287727547,-2.699716227146835,-0.13162479089649437,0.05511333004835128,-3.455536229518204,-0.13162479089649437,0.05511333004835128,-3.455536229518204,-0.13162479089649437,0.6698633287727547
9 4.061769798092003,-0.1610155513734436,-3.646484304503651,4.061769798092003,-0.1610155513734436,-4.207824300690441,3.500429794498329,-0.1610155513734436,-4.207824300690441,3.500429794498329,-0.1610155513734436,-3.646484304503651,4.061769798092003,-0.7691355535536194,-3.646484304503651,4.061769798092003,-0.7691355535536194,-4.207824300690441,3.500429794498329,-0.7691355535536194,-4.207824300690441,3.500429794498329,-0.7691355535536194,-3.646484304503651
5 -2.5397234735523893,0.07466657357925416,-1.0056737377094078,-2.5397234735523893,0.07466657357925416,-1.5702337310863685,-3.097423476215677,0.07466657357925416,-1.5702337310863685,-3.097423476215677,0.07466657357925416,-1.0056737377094078,-2.5397234735523893,-0.5309334238123322,-1.0056737377094078,-2.5397234735523893,-0.5309334238123322,-1.5702337310863685,-3.097423476215677,-0.5309334238123322,-1.5702337310863685,-3.097423476215677,-0.5309334238123322,-1.0056737377094078
5 -0.4623936740194988,0.09557975913101674,1.3296551243616295,-0.4623936740194988,0.09557975913101674,0.8873451216863442,-1.0074736746514605,0.09557975913101674,0.8873451216863442,-1.0074736746514605,0.09557975913101674,1.3296551243616295,-0.4623936740194988,-0.6133602419000292,1.3296551243616295,-0.4623936740194988,-0.6133602419000292,0.8873451216863442,-1.0074736746514605,-0.6133602419000292,0.8873451216863442,-1.0074736746514605,-0.6133602419000292,1.3296551243616295
5 0.21673593023069382,-0.02636933428531646,1.4288769685877514,0.21673593023069382,-0.02636933428531646,1.2214969671117115,0.009355916592998503,-0.02636933428531646,1.2214969671117115,0.009355916592998503,-0.02636933428531646,1.4288769685877514,0.21673593023069382,-0.9823893298458481,1.4288769685877514,0.21673593023069382,-0.9823893298458481,1.2214969671117115,0.009355916592998503,-0.9823893298458481,1.2214969671117115,0.009355916592998503,-0.9823893298458481,1.4288769685877514
