0 -0.9261859369264206,-0.5837893615841675,1.1921527157895373,-0.4934539443489941,-0.5837893615841675,1.2134961263372048,-0.4523357439054886,-0.5837893615841675,0.37983550919367803,-0.8850677364829151,-0.5837893615841675,0.3584920986460105,-0.9261859369264206,-0.788772808444519,1.1921527157895373,-0.4934539443489941,-0.788772808444519,1.2134961263372048,-0.4523357439054886,-0.788772808444519,0.37983550919367803,-0.8850677364829151,-0.788772808444519,0.3584920986460105 0.01297068
0 -0.8421631675471513,-0.753424027878027,0.5975423250127777,-0.7826367433633536,-0.753424027878027,1.2087504726542313,-0.140606023717955,-0.753424027878027,1.1462221946786895,-0.2001324479017525,-0.753424027878027,0.535014047037236,-0.8421631675471513,-1.0049385037839604,0.5975423250127777,-0.7826367433633536,-1.0049385037839604,1.2087504726542313,-0.140606023717955,-1.0049385037839604,1.1462221946786895,-0.2001324479017525,-1.0049385037839604,0.535014047037236 0.0208332
0 0.16792809704153677,-0.644804041776042,0.988235299845797,-0.4375775141648558,-0.644804041776042,0.6641454314761661,-0.7677577708086266,-0.644804041776042,1.2810298750199256,-0.16225215960223405,-0.644804041776042,1.6051197433895565,0.16792809704153677,-0.8824992962748003,0.988235299845797,-0.4375775141648558,-0.8824992962748003,0.6641454314761661,-0.7677577708086266,-0.8824992962748003,1.2810298750199256,-0.16225215960223405,-0.8824992962748003,1.6051197433895565 0.017719856
0 -0.25508685154187977,-0.21088628651497843,-1.6900870374470394,-0.7086260549112952,-0.21088628651497843,-1.9247356629463812,-1.1003892894340723,-0.21088628651497843,-1.1675184198588688,-0.646850086064657,-0.21088628651497843,-0.932869794359527,-0.25508685154187977,-0.45069266675116537,-1.6900870374470394,-0.7086260549112952,-0.45069266675116537,-1.9247356629463812,-1.1003892894340723,-0.45069266675116537,-1.1675184198588688,-0.646850086064657,-0.45069266675116537,-0.932869794359527 0.008831304
0 0.4531333082953658,0.06152760702302694,-0.17687454728681573,0.8195977665833913,0.06152760702302694,-0.36048876600004,0.5483806496819291,0.06152760702302694,-0.901794523910694,0.18191619139390358,0.06152760702302694,-0.7181803051974698,0.4531333082953658,-0.1842287452810073,-0.17687454728681573,0.8195977665833913,-0.1842287452810073,-0.36048876600004,0.5483806496819291,-0.1842287452810073,-0.901794523910694,0.18191619139390358,-0.1842287452810073,-0.7181803051974698 0.011942857
0 0.2636289715903607,-0.5652409418850947,1.4421875387216232,-0.25709945229443276,-0.5652409418850947,1.112880105631239,-0.6051813185351697,-0.5652409418850947,1.6632962316488602,-0.08445289465037618,-0.5652409418850947,1.9926036647392444,0.2636289715903607,-0.7416351214617681,1.4421875387216232,-0.25709945229443276,-0.7416351214617681,1.112880105631239,-0.6051813185351697,-0.7416351214617681,1.6632962316488602,-0.08445289465037618,-0.7416351214617681,1.9926036647392444 0.00949661
0 -0.39722950598318807,-0.304573198723774,-1.8152548314708106,-0.9604706541291642,-0.304573198723774,-2.1282234624905603,-1.331078337225125,-0.304573198723774,-1.4612508772236474,-0.7678371890791488,-0.304573198723774,-1.1482822462038977,-0.39722950598318807,-0.5326758418798637,-1.8152548314708106,-0.9604706541291642,-0.5326758418798637,-2.1282234624905603,-1.331078337225125,-0.5326758418798637,-1.4612508772236474,-0.7678371890791488,-0.5326758418798637,-1.1482822462038977 0.010128679
0 -0.6805624775706755,-1.3503398792251753,1.7010897746621656,-0.030847211243145822,-1.3503398792251753,1.3046707414960905,-0.2811652608097567,-1.3503398792251753,0.8944092640341236,-0.9308805271372863,-1.3503398792251753,1.2908282972001985,-0.6805624775706755,-1.527531634141524,1.7010897746621656,-0.030847211243145822,-1.527531634141524,1.3046707414960905,-0.2811652608097567,-1.527531634141524,0.8944092640341236,-0.9308805271372863,-1.527531634141524,1.2908282972001985 0.014165282
0 -0.06483197275875341,-0.7993194962144708,1.1478976755203236,-0.8405941407349722,-0.7993194962144708,0.6912110153289723,-1.0423462384534048,-0.7993194962144708,1.0339222402511608,-0.26658407047718596,-0.7993194962144708,1.490608900442512,-0.06483197275875341,-1.1585071181654119,1.1478976755203236,-0.8405941407349722,-1.1585071181654119,0.6912110153289723,-1.0423462384534048,-1.1585071181654119,1.0339222402511608,-0.26658407047718596,-1.1585071181654119,1.490608900442512 0.017179077
0 0.5262311071677558,-0.32195902430335044,-0.5508827789095092,0.26838841356609117,-0.32195902430335044,-0.6807671940685778,-0.057914313725983324,-0.32195902430335044,-0.03300068542688611,0.19992837987568127,-0.32195902430335044,0.09688372973218246,0.5262311071677558,-0.6178309861489201,-0.5508827789095092,0.26838841356609117,-0.6178309861489201,-0.6807671940685778,-0.057914313725983324,-0.6178309861489201,-0.03300068542688611,0.19992837987568127,-0.6178309861489201,0.09688372973218246 0.0052983034
0 0.31174510436553615,-0.04626590014317988,-0.20325447743950847,0.6062563739857849,-0.04626590014317988,-0.3822328387870556,0.2224800018737827,-0.04626590014317988,-1.0137419539111996,-0.07203126774646601,-0.04626590014317988,-0.8347635925636524,0.31174510436553615,-0.3190132677473688,-0.20325447743950847,0.6062563739857849,-0.3190132677473688,-0.3822328387870556,0.2224800018737827,-0.3190132677473688,-1.0137419539111996,-0.07203126774646601,-0.3190132677473688,-0.8347635925636524 0.0041024457
0 -0.8906890997471596,-0.2816027951721191,0.841293410875575,-0.8901478822200424,-0.2816027951721191,1.3932587876545939,-0.2909636846003746,-0.2816027951721191,1.3926712707497912,-0.2915049021274918,-0.2816027951721191,0.8407058939707722,-0.8906890997471596,-1.1632906841751098,0.841293410875575,-0.8901478822200424,-1.1632906841751098,1.3932587876545939,-0.2909636846003746,-1.1632906841751098,1.3926712707497912,-0.2915049021274918,-1.1632906841751098,0.8407058939707722 0.006688274
0 -0.005262949798023275,-1.0686472961112665,1.480781884006634,-0.6765449383843305,-1.0686472961112665,1.143187811030903,-0.8935111972356682,-1.0686472961112665,1.574609904476032,-0.22222920864936088,-1.0686472961112665,1.912203977451763,-0.005262949798023275,-1.2505432060554815,1.480781884006634,-0.6765449383843305,-1.2505432060554815,1.143187811030903,-0.8935111972356682,-1.2505432060554815,1.574609904476032,-0.22222920864936088,-1.2505432060554815,1.912203977451763 0.024189413
1 -0.9261859369264206,-0.5837893615841675,1.1921527157895373,-0.4934539443489941,-0.5837893615841675,1.2134961263372048,-0.4523357439054886,-0.5837893615841675,0.37983550919367803,-0.8850677364829151,-0.5837893615841675,0.3584920986460105,-0.9261859369264206,-0.788772808444519,1.1921527157895373,-0.4934539443489941,-0.788772808444519,1.2134961263372048,-0.4523357439054886,-0.788772808444519,0.37983550919367803,-0.8850677364829151,-0.788772808444519,0.3584920986460105 0.013452814
1 -0.8421631675471513,-0.753424027878027,0.5975423250127777,-0.7826367433633536,-0.753424027878027,1.2087504726542313,-0.140606023717955,-0.753424027878027,1.1462221946786895,-0.2001324479017525,-0.753424027878027,0.535014047037236,-0.8421631675471513,-1.0049385037839604,0.5975423250127777,-0.7826367433633536,-1.0049385037839604,1.2087504726542313,-0.140606023717955,-1.0049385037839604,1.1462221946786895,-0.2001324479017525,-1.0049385037839604,0.535014047037236 0.014215857
1 0.16792809704153677,-0.644804041776042,0.988235299845797,-0.4375775141648558,-0.644804041776042,0.6641454314761661,-0.7677577708086266,-0.644804041776042,1.2810298750199256,-0.16225215960223405,-0.644804041776042,1.6051197433895565,0.16792809704153677,-0.8824992962748003,0.988235299845797,-0.4375775141648558,-0.8824992962748003,0.6641454314761661,-0.7677577708086266,-0.8824992962748003,1.2810298750199256,-0.16225215960223405,-0.8824992962748003,1.6051197433895565 0.0121258525
1 -0.25508685154187977,-0.21088628651497843,-1.6900870374470394,-0.7086260549112952,-0.21088628651497843,-1.9247356629463812,-1.1003892894340723,-0.21088628651497843,-1.1675184198588688,-0.646850086064657,-0.21088628651497843,-0.932869794359527,-0.25508685154187977,-0.45069266675116537,-1.6900870374470394,-0.7086260549112952,-0.45069266675116537,-1.9247356629463812,-1.1003892894340723,-0.45069266675116537,-1.1675184198588688,-0.646850086064657,-0.45069266675116537,-0.932869794359527 0.007854903
1 0.4531333082953658,0.06152760702302694,-0.17687454728681573,0.8195977665833913,0.06152760702302694,-0.36048876600004,0.5483806496819291,0.06152760702302694,-0.901794523910694,0.18191619139390358,0.06152760702302694,-0.7181803051974698,0.4531333082953658,-0.1842287452810073,-0.17687454728681573,0.8195977665833913,-0.1842287452810073,-0.36048876600004,0.5483806496819291,-0.1842287452810073,-0.901794523910694,0.18191619139390358,-0.1842287452810073,-0.7181803051974698 0.017397974
1 0.2636289715903607,-0.5652409418850947,1.4421875387216232,-0.25709945229443276,-0.5652409418850947,1.112880105631239,-0.6051813185351697,-0.5652409418850947,1.6632962316488602,-0.08445289465037618,-0.5652409418850947,1.9926036647392444,0.2636289715903607,-0.7416351214617681,1.4421875387216232,-0.25709945229443276,-0.7416351214617681,1.112880105631239,-0.6051813185351697,-0.7416351214617681,1.6632962316488602,-0.08445289465037618,-0.7416351214617681,1.9926036647392444 0.0072079534
1 -0.39722950598318807,-0.304573198723774,-1.8152548314708106,-0.9604706541291642,-0.304573198723774,-2.1282234624905603,-1.331078337225125,-0.304573198723774,-1.4612508772236474,-0.7678371890791488,-0.304573198723774,-1.1482822462038977,-0.39722950598318807,-0.5326758418798637,-1.8152548314708106,-0.9604706541291642,-0.5326758418798637,-2.1282234624905603,-1.331078337225125,-0.5326758418798637,-1.4612508772236474,-0.7678371890791488,-0.5326758418798637,-1.1482822462038977 0.0051176413
1 -0.6805624775706755,-1.3503398792251753,1.7010897746621656,-0.030847211243145822,-1.3503398792251753,1.3046707414960905,-0.2811652608097567,-1.3503398792251753,0.8944092640341236,-0.9308805271372863,-1.3503398792251753,1.2908282972001985,-0.6805624775706755,-1.527531634141524,1.7010897746621656,-0.030847211243145822,-1.527531634141524,1.3046707414960905,-0.2811652608097567,-1.527531634141524,0.8944092640341236,-0.9308805271372863,-1.527531634141524,1.2908282972001985 0.005797188
1 -0.06483197275875341,-0.7993194962144708,1.1478976755203236,-0.8405941407349722,-0.7993194962144708,0.6912110153289723,-1.0423462384534048,-0.7993194962144708,1.0339222402511608,-0.26658407047718596,-0.7993194962144708,1.490608900442512,-0.06483197275875341,-1.1585071181654119,1.1478976755203236,-0.8405941407349722,-1.1585071181654119,0.6912110153289723,-1.0423462384534048,-1.1585071181654119,1.0339222402511608,-0.26658407047718596,-1.1585071181654119,1.490608900442512 0.008308926
1 0.5262311071677558,-0.32195902430335044,-0.5508827789095092,0.26838841356609117,-0.32195902430335044,-0.6807671940685778,-0.057914313725983324,-0.32195902430335044,-0.03300068542688611,0.19992837987568127,-0.32195902430335044,0.09688372973218246,0.5262311071677558,-0.6178309861489201,-0.5508827789095092,0.26838841356609117,-0.6178309861489201,-0.6807671940685778,-0.057914313725983324,-0.6178309861489201,-0.03300068542688611,0.19992837987568127,-0.6178309861489201,0.09688372973218246 0.009722729
1 0.31174510436553615,-0.04626590014317988,-0.20325447743950847,0.6062563739857849,-0.04626590014317988,-0.3822328387870556,0.2224800018737827,-0.04626590014317988,-1.0137419539111996,-0.07203126774646601,-0.04626590014317988,-0.8347635925636524,0.31174510436553615,-0.3190132677473688,-0.20325447743950847,0.6062563739857849,-0.3190132677473688,-0.3822328387870556,0.2224800018737827,-0.3190132677473688,-1.0137419539111996,-0.07203126774646601,-0.3190132677473688,-0.8347635925636524 0.008459898
1 -0.8906890997471596,-0.2816027951721191,0.841293410875575,-0.8901478822200424,-0.2816027951721191,1.3932587876545939,-0.2909636846003746,-0.2816027951721191,1.3926712707497912,-0.2915049021274918,-0.2816027951721191,0.8407058939707722,-0.8906890997471596,-1.1632906841751098,0.841293410875575,-0.8901478822200424,-1.1632906841751098,1.3932587876545939,-0.2909636846003746,-1.1632906841751098,1.3926712707497912,-0.2915049021274918,-1.1632906841751098,0.8407058939707722 0.006406239
1 -0.005262949798023275,-1.0686472961112665,1.480781884006634,-0.6765449383843305,-1.0686472961112665,1.143187811030903,-0.8935111972356682,-1.0686472961112665,1.574609904476032,-0.22222920864936088,-1.0686472961112665,1.912203977451763,-0.005262949798023275,-1.2505432060554815,1.480781884006634,-0.6765449383843305,-1.2505432060554815,1.143187811030903,-0.8935111972356682,-1.2505432060554815,1.574609904476032,-0.22222920864936088,-1.2505432060554815,1.912203977451763 0.0067258733
2 -0.9261859369264206,-0.5837893615841675,1.1921527157895373,-0.4934539443489941,-0.5837893615841675,1.2134961263372048,-0.4523357439054886,-0.5837893615841675,0.37983550919367803,-0.8850677364829151,-0.5837893615841675,0.3584920986460105,-0.9261859369264206,-0.788772808444519,1.1921527157895373,-0.4934539443489941,-0.788772808444519,1.2134961263372048,-0.4523357439054886,-0.788772808444519,0.37983550919367803,-0.8850677364829151,-0.788772808444519,0.3584920986460105 0.01778061
2 -0.8421631675471513,-0.753424027878027,0.5975423250127777,-0.7826367433633536,-0.753424027878027,1.2087504726542313,-0.140606023717955,-0.753424027878027,1.1462221946786895,-0.2001324479017525,-0.753424027878027,0.535014047037236,-0.8421631675471513,-1.0049385037839604,0.5975423250127777,-0.7826367433633536,-1.0049385037839604,1.2087504726542313,-0.140606023717955,-1.0049385037839604,1.1462221946786895,-0.2001324479017525,-1.0049385037839604,0.535014047037236 0.014138855
2 0.16792809704153677,-0.644804041776042,0.988235299845797,-0.4375775141648558,-0.644804041776042,0.6641454314761661,-0.7677577708086266,-0.644804041776042,1.2810298750199256,-0.16225215960223405,-0.644804041776042,1.6051197433895565,0.16792809704153677,-0.8824992962748003,0.988235299845797,-0.4375775141648558,-0.8824992962748003,0.6641454314761661,-0.7677577708086266,-0.8824992962748003,1.2810298750199256,-0.16225215960223405,-0.8824992962748003,1.6051197433895565 0.014540856
2 -0.25508685154187977,-0.21088628651497843,-1.6900870374470394,-0.7086260549112952,-0.21088628651497843,-1.9247356629463812,-1.1003892894340723,-0.21088628651497843,-1.1675184198588688,-0.646850086064657,-0.21088628651497843,-0.932869794359527,-0.25508685154187977,-0.45069266675116537,-1.6900870374470394,-0.7086260549112952,-0.45069266675116537,-1.9247356629463812,-1.1003892894340723,-0.45069266675116537,-1.1675184198588688,-0.646850086064657,-0.45069266675116537,-0.932869794359527 0.009039064
2 0.4531333082953658,0.06152760702302694,-0.17687454728681573,0.8195977665833913,0.06152760702302694,-0.36048876600004,0.5483806496819291,0.06152760702302694,-0.901794523910694,0.18191619139390358,0.06152760702302694,-0.7181803051974698,0.4531333082953658,-0.1842287452810073,-0.17687454728681573,0.8195977665833913,-0.1842287452810073,-0.36048876600004,0.5483806496819291,-0.1842287452810073,-0.901794523910694,0.18191619139390358,-0.1842287452810073,-0.7181803051974698 0.0201442
2 0.2636289715903607,-0.5652409418850947,1.4421875387216232,-0.25709945229443276,-0.5652409418850947,1.112880105631239,-0.6051813185351697,-0.5652409418850947,1.6632962316488602,-0.08445289465037618,-0.5652409418850947,1.9926036647392444,0.2636289715903607,-0.7416351214617681,1.4421875387216232,-0.25709945229443276,-0.7416351214617681,1.112880105631239,-0.6051813185351697,-0.7416351214617681,1.6632962316488602,-0.08445289465037618,-0.7416351214617681,1.9926036647392444 0.007921686
2 -0.39722950598318807,-0.304573198723774,-1.8152548314708106,-0.9604706541291642,-0.304573198723774,-2.1282234624905603,-1.331078337225125,-0.304573198723774,-1.4612508772236474,-0.7678371890791488,-0.304573198723774,-1.1482822462038977,-0.39722950598318807,-0.5326758418798637,-1.8152548314708106,-0.9604706541291642,-0.5326758418798637,-2.1282234624905603,-1.331078337225125,-0.5326758418798637,-1.4612508772236474,-0.7678371890791488,-0.5326758418798637,-1.1482822462038977 0.009657776
2 -0.6805624775706755,-1.3503398792251753,1.7010897746621656,-0.030847211243145822,-1.3503398792251753,1.3046707414960905,-0.2811652608097567,-1.3503398792251753,0.8944092640341236,-0.9308805271372863,-1.3503398792251753,1.2908282972001985,-0.6805624775706755,-1.527531634141524,1.7010897746621656,-0.030847211243145822,-1.527531634141524,1.3046707414960905,-0.2811652608097567,-1.527531634141524,0.8944092640341236,-0.9308805271372863,-1.527531634141524,1.2908282972001985 0.008192304
2 -0.06483197275875341,-0.7993194962144708,1.1478976755203236,-0.8405941407349722,-0.7993194962144708,0.6912110153289723,-1.0423462384534048,-0.7993194962144708,1.0339222402511608,-0.26658407047718596,-0.7993194962144708,1.490608900442512,-0.06483197275875341,-1.1585071181654119,1.1478976755203236,-0.8405941407349722,-1.1585071181654119,0.6912110153289723,-1.0423462384534048,-1.1585071181654119,1.0339222402511608,-0.26658407047718596,-1.1585071181654119,1.490608900442512 0.014515073
2 0.5262311071677558,-0.32195902430335044,-0.5508827789095092,0.26838841356609117,-0.32195902430335044,-0.6807671940685778,-0.057914313725983324,-0.32195902430335044,-0.03300068542688611,0.19992837987568127,-0.32195902430335044,0.09688372973218246,0.5262311071677558,-0.6178309861489201,-0.5508827789095092,0.26838841356609117,-0.6178309861489201,-0.6807671940685778,-0.057914313725983324,-0.6178309861489201,-0.03300068542688611,0.19992837987568127,-0.6178309861489201,0.09688372973218246 0.016322723
2 0.31174510436553615,-0.04626590014317988,-0.20325447743950847,0.6062563739857849,-0.04626590014317988,-0.3822328387870556,0.2224800018737827,-0.04626590014317988,-1.0137419539111996,-0.07203126774646601,-0.04626590014317988,-0.8347635925636524,0.31174510436553615,-0.3190132677473688,-0.20325447743950847,0.6062563739857849,-0.3190132677473688,-0.3822328387870556,0.2224800018737827,-0.3190132677473688,-1.0137419539111996,-0.07203126774646601,-0.3190132677473688,-0.8347635925636524 0.012713711
2 -0.8906890997471596,-0.2816027951721191,0.841293410875575,-0.8901478822200424,-0.2816027951721191,1.3932587876545939,-0.2909636846003746,-0.2816027951721191,1.3926712707497912,-0.2915049021274918,-0.2816027951721191,0.8407058939707722,-0.8906890997471596,-1.1632906841751098,0.841293410875575,-0.8901478822200424,-1.1632906841751098,1.3932587876545939,-0.2909636846003746,-1.1632906841751098,1.3926712707497912,-0.2915049021274918,-1.1632906841751098,0.8407058939707722 0.012525375
2 -0.005262949798023275,-1.0686472961112665,1.480781884006634,-0.6765449383843305,-1.0686472961112665,1.143187811030903,-0.8935111972356682,-1.0686472961112665,1.574609904476032,-0.22222920864936088,-1.0686472961112665,1.912203977451763,-0.005262949798023275,-1.2505432060554815,1.480781884006634,-0.6765449383843305,-1.2505432060554815,1.143187811030903,-0.8935111972356682,-1.2505432060554815,1.574609904476032,-0.22222920864936088,-1.2505432060554815,1.912203977451763 0.010161887
3 -0.9261859369264206,-0.5837893615841675,1.1921527157895373,-0.4934539443489941,-0.5837893615841675,1.2134961263372048,-0.4523357439054886,-0.5837893615841675,0.37983550919367803,-0.8850677364829151,-0.5837893615841675,0.3584920986460105,-0.9261859369264206,-0.788772808444519,1.1921527157895373,-0.4934539443489941,-0.788772808444519,1.2134961263372048,-0.4523357439054886,-0.788772808444519,0.37983550919367803,-0.8850677364829151,-0.788772808444519,0.3584920986460105 0.0048194937
3 -0.8421631675471513,-0.753424027878027,0.5975423250127777,-0.7826367433633536,-0.753424027878027,1.2087504726542313,-0.140606023717955,-0.753424027878027,1.1462221946786895,-0.2001324479017525,-0.753424027878027,0.535014047037236,-0.8421631675471513,-1.0049385037839604,0.5975423250127777,-0.7826367433633536,-1.0049385037839604,1.2087504726542313,-0.140606023717955,-1.0049385037839604,1.1462221946786895,-0.2001324479017525,-1.0049385037839604,0.535014047037236 0.0038117638
3 0.16792809704153677,-0.644804041776042,0.988235299845797,-0.4375775141648558,-0.644804041776042,0.6641454314761661,-0.7677577708086266,-0.644804041776042,1.2810298750199256,-0.16225215960223405,-0.644804041776042,1.6051197433895565,0.16792809704153677,-0.8824992962748003,0.988235299845797,-0.4375775141648558,-0.8824992962748003,0.6641454314761661,-0.7677577708086266,-0.8824992962748003,1.2810298750199256,-0.16225215960223405,-0.8824992962748003,1.6051197433895565 0.0041717687
3 -0.25508685154187977,-0.21088628651497843,-1.6900870374470394,-0.7086260549112952,-0.21088628651497843,-1.9247356629463812,-1.1003892894340723,-0.21088628651497843,-1.1675184198588688,-0.646850086064657,-0.21088628651497843,-0.932869794359527,-0.25508685154187977,-0.45069266675116537,-1.6900870374470394,-0.7086260549112952,-0.45069266675116537,-1.9247356629463812,-1.1003892894340723,-0.45069266675116537,-1.1675184198588688,-0.646850086064657,-0.45069266675116537,-0.932869794359527 0.0038866499
3 0.4531333082953658,0.06152760702302694,-0.17687454728681573,0.8195977665833913,0.06152760702302694,-0.36048876600004,0.5483806496819291,0.06152760702302694,-0.901794523910694,0.18191619139390358,0.06152760702302694,-0.7181803051974698,0.4531333082953658,-0.1842287452810073,-0.17687454728681573,0.8195977665833913,-0.1842287452810073,-0.36048876600004,0.5483806496819291,-0.1842287452810073,-0.901794523910694,0.18191619139390358,-0.1842287452810073,-0.7181803051974698 0.009303999
3 0.2636289715903607,-0.5652409418850947,1.4421875387216232,-0.25709945229443276,-0.5652409418850947,1.112880105631239,-0.6051813185351697,-0.5652409418850947,1.6632962316488602,-0.08445289465037618,-0.5652409418850947,1.9926036647392444,0.2636289715903607,-0.7416351214617681,1.4421875387216232,-0.25709945229443276,-0.7416351214617681,1.112880105631239,-0.6051813185351697,-0.7416351214617681,1.6632962316488602,-0.08445289465037618,-0.7416351214617681,1.9926036647392444 0.0034874866
3 -0.39722950598318807,-0.304573198723774,-1.8152548314708106,-0.9604706541291642,-0.304573198723774,-2.1282234624905603,-1.331078337225125,-0.304573198723774,-1.4612508772236474,-0.7678371890791488,-0.304573198723774,-1.1482822462038977,-0.39722950598318807,-0.5326758418798637,-1.8152548314708106,-0.9604706541291642,-0.5326758418798637,-2.1282234624905603,-1.331078337225125,-0.5326758418798637,-1.4612508772236474,-0.7678371890791488,-0.5326758418798637,-1.1482822462038977 0.003729634
3 -0.6805624775706755,-1.3503398792251753,1.7010897746621656,-0.030847211243145822,-1.3503398792251753,1.3046707414960905,-0.2811652608097567,-1.3503398792251753,0.8944092640341236,-0.9308805271372863,-1.3503398792251753,1.2908282972001985,-0.6805624775706755,-1.527531634141524,1.7010897746621656,-0.030847211243145822,-1.527531634141524,1.3046707414960905,-0.2811652608097567,-1.527531634141524,0.8944092640341236,-0.9308805271372863,-1.527531634141524,1.2908282972001985 0.003017472
3 -0.06483197275875341,-0.7993194962144708,1.1478976755203236,-0.8405941407349722,-0.7993194962144708,0.6912110153289723,-1.0423462384534048,-0.7993194962144708,1.0339222402511608,-0.26658407047718596,-0.7993194962144708,1.490608900442512,-0.06483197275875341,-1.1585071181654119,1.1478976755203236,-0.8405941407349722,-1.1585071181654119,0.6912110153289723,-1.0423462384534048,-1.1585071181654119,1.0339222402511608,-0.26658407047718596,-1.1585071181654119,1.490608900442512 0.0035052602
3 0.5262311071677558,-0.32195902430335044,-0.5508827789095092,0.26838841356609117,-0.32195902430335044,-0.6807671940685778,-0.057914313725983324,-0.32195902430335044,-0.03300068542688611,0.19992837987568127,-0.32195902430335044,0.09688372973218246,0.5262311071677558,-0.6178309861489201,-0.5508827789095092,0.26838841356609117,-0.6178309861489201,-0.6807671940685778,-0.057914313725983324,-0.6178309861489201,-0.03300068542688611,0.19992837987568127,-0.6178309861489201,0.09688372973218246 0.003067899
3 0.31174510436553615,-0.04626590014317988,-0.20325447743950847,0.6062563739857849,-0.04626590014317988,-0.3822328387870556,0.2224800018737827,-0.04626590014317988,-1.0137419539111996,-0.07203126774646601,-0.04626590014317988,-0.8347635925636524,0.31174510436553615,-0.3190132677473688,-0.20325447743950847,0.6062563739857849,-0.3190132677473688,-0.3822328387870556,0.2224800018737827,-0.3190132677473688,-1.0137419539111996,-0.07203126774646601,-0.3190132677473688,-0.8347635925636524 0.0021779893
3 -0.8906890997471596,-0.2816027951721191,0.841293410875575,-0.8901478822200424,-0.2816027951721191,1.3932587876545939,-0.2909636846003746,-0.2816027951721191,1.3926712707497912,-0.2915049021274918,-0.2816027951721191,0.8407058939707722,-0.8906890997471596,-1.1632906841751098,0.841293410875575,-0.8901478822200424,-1.1632906841751098,1.3932587876545939,-0.2909636846003746,-1.1632906841751098,1.3926712707497912,-0.2915049021274918,-1.1632906841751098,0.8407058939707722 0.0018064749
3 -0.005262949798023275,-1.0686472961112665,1.480781884006634,-0.6765449383843305,-1.0686472961112665,1.143187811030903,-0.8935111972356682,-1.0686472961112665,1.574609904476032,-0.22222920864936088,-1.0686472961112665,1.912203977451763,-0.005262949798023275,-1.2505432060554815,1.480781884006634,-0.6765449383843305,-1.2505432060554815,1.143187811030903,-0.8935111972356682,-1.2505432060554815,1.574609904476032,-0.22222920864936088,-1.2505432060554815,1.912203977451763 0.00272762
4 -0.9261859369264206,-0.5837893615841675,1.1921527157895373,-0.4934539443489941,-0.5837893615841675,1.2134961263372048,-0.4523357439054886,-0.5837893615841675,0.37983550919367803,-0.8850677364829151,-0.5837893615841675,0.3584920986460105,-0.9261859369264206,-0.788772808444519,1.1921527157895373,-0.4934539443489941,-0.788772808444519,1.2134961263372048,-0.4523357439054886,-0.788772808444519,0.37983550919367803,-0.8850677364829151,-0.788772808444519,0.3584920986460105 0.0066348426
4 -0.8421631675471513,-0.753424027878027,0.5975423250127777,-0.7826367433633536,-0.753424027878027,1.2087504726542313,-0.140606023717955,-0.753424027878027,1.1462221946786895,-0.2001324479017525,-0.753424027878027,0.535014047037236,-0.8421631675471513,-1.0049385037839604,0.5975423250127777,-0.7826367433633536,-1.0049385037839604,1.2087504726542313,-0.140606023717955,-1.0049385037839604,1.1462221946786895,-0.2001324479017525,-1.0049385037839604,0.535014047037236 0.0028927443
4 0.16792809704153677,-0.644804041776042,0.988235299845797,-0.4375775141648558,-0.644804041776042,0.6641454314761661,-0.7677577708086266,-0.644804041776042,1.2810298750199256,-0.16225215960223405,-0.644804041776042,1.6051197433895565,0.16792809704153677,-0.8824992962748003,0.988235299845797,-0.4375775141648558,-0.8824992962748003,0.6641454314761661,-0.7677577708086266,-0.8824992962748003,1.2810298750199256,-0.16225215960223405,-0.8824992962748003,1.6051197433895565 0.0028084116
4 -0.25508685154187977,-0.21088628651497843,-1.6900870374470394,-0.7086260549112952,-0.21088628651497843,-1.9247356629463812,-1.1003892894340723,-0.21088628651497843,-1.1675184198588688,-0.646850086064657,-0.21088628651497843,-0.932869794359527,-0.25508685154187977,-0.45069266675116537,-1.6900870374470394,-0.7086260549112952,-0.45069266675116537,-1.9247356629463812,-1.1003892894340723,-0.45069266675116537,-1.1675184198588688,-0.646850086064657,-0.45069266675116537,-0.932869794359527 0.0026903604
4 0.4531333082953658,0.06152760702302694,-0.17687454728681573,0.8195977665833913,0.06152760702302694,-0.36048876600004,0.5483806496819291,0.06152760702302694,-0.901794523910694,0.18191619139390358,0.06152760702302694,-0.7181803051974698,0.4531333082953658,-0.1842287452810073,-0.17687454728681573,0.8195977665833913,-0.1842287452810073,-0.36048876600004,0.5483806496819291,-0.1842287452810073,-0.901794523910694,0.18191619139390358,-0.1842287452810073,-0.7181803051974698 0.003966061
4 0.2636289715903607,-0.5652409418850947,1.4421875387216232,-0.25709945229443276,-0.5652409418850947,1.112880105631239,-0.6051813185351697,-0.5652409418850947,1.6632962316488602,-0.08445289465037618,-0.5652409418850947,1.9926036647392444,0.2636289715903607,-0.7416351214617681,1.4421875387216232,-0.25709945229443276,-0.7416351214617681,1.112880105631239,-0.6051813185351697,-0.7416351214617681,1.6632962316488602,-0.08445289465037618,-0.7416351214617681,1.9926036647392444 0.001469431
4 -0.39722950598318807,-0.304573198723774,-1.8152548314708106,-0.9604706541291642,-0.304573198723774,-2.1282234624905603,-1.331078337225125,-0.304573198723774,-1.4612508772236474,-0.7678371890791488,-0.304573198723774,-1.1482822462038977,-0.39722950598318807,-0.5326758418798637,-1.8152548314708106,-0.9604706541291642,-0.5326758418798637,-2.1282234624905603,-1.331078337225125,-0.5326758418798637,-1.4612508772236474,-0.7678371890791488,-0.5326758418798637,-1.1482822462038977 0.0021207943
4 -0.6805624775706755,-1.3503398792251753,1.7010897746621656,-0.030847211243145822,-1.3503398792251753,1.3046707414960905,-0.2811652608097567,-1.3503398792251753,0.8944092640341236,-0.9308805271372863,-1.3503398792251753,1.2908282972001985,-0.6805624775706755,-1.527531634141524,1.7010897746621656,-0.030847211243145822,-1.527531634141524,1.3046707414960905,-0.2811652608097567,-1.527531634141524,0.8944092640341236,-0.9308805271372863,-1.527531634141524,1.2908282972001985 0.002224844
4 -0.06483197275875341,-0.7993194962144708,1.1478976755203236,-0.8405941407349722,-0.7993194962144708,0.6912110153289723,-1.0423462384534048,-0.7993194962144708,1.0339222402511608,-0.26658407047718596,-0.7993194962144708,1.490608900442512,-0.06483197275875341,-1.1585071181654119,1.1478976755203236,-0.8405941407349722,-1.1585071181654119,0.6912110153289723,-1.0423462384534048,-1.1585071181654119,1.0339222402511608,-0.26658407047718596,-1.1585071181654119,1.490608900442512 0.0027820084
4 0.5262311071677558,-0.32195902430335044,-0.5508827789095092,0.26838841356609117,-0.32195902430335044,-0.6807671940685778,-0.057914313725983324,-0.32195902430335044,-0.03300068542688611,0.19992837987568127,-0.32195902430335044,0.09688372973218246,0.5262311071677558,-0.6178309861489201,-0.5508827789095092,0.26838841356609117,-0.6178309861489201,-0.6807671940685778,-0.057914313725983324,-0.6178309861489201,-0.03300068542688611,0.19992837987568127,-0.6178309861489201,0.09688372973218246 0.0023018904
4 0.31174510436553615,-0.04626590014317988,-0.20325447743950847,0.6062563739857849,-0.04626590014317988,-0.3822328387870556,0.2224800018737827,-0.04626590014317988,-1.0137419539111996,-0.07203126774646601,-0.04626590014317988,-0.8347635925636524,0.31174510436553615,-0.3190132677473688,-0.20325447743950847,0.6062563739857849,-0.3190132677473688,-0.3822328387870556,0.2224800018737827,-0.3190132677473688,-1.0137419539111996,-0.07203126774646601,-0.3190132677473688,-0.8347635925636524 0.001508133
4 -0.8906890997471596,-0.2816027951721191,0.841293410875575,-0.8901478822200424,-0.2816027951721191,1.3932587876545939,-0.2909636846003746,-0.2816027951721191,1.3926712707497912,-0.2915049021274918,-0.2816027951721191,0.8407058939707722,-0.8906890997471596,-1.1632906841751098,0.841293410875575,-0.8901478822200424,-1.1632906841751098,1.3932587876545939,-0.2909636846003746,-1.1632906841751098,1.3926712707497912,-0.2915049021274918,-1.1632906841751098,0.8407058939707722 0.0012409088
4 -0.005262949798023275,-1.0686472961112665,1.480781884006634,-0.6765449383843305,-1.0686472961112665,1.143187811030903,-0.8935111972356682,-1.0686472961112665,1.574609904476032,-0.22222920864936088,-1.0686472961112665,1.912203977451763,-0.005262949798023275,-1.2505432060554815,1.480781884006634,-0.6765449383843305,-1.2505432060554815,1.143187811030903,-0.8935111972356682,-1.2505432060554815,1.574609904476032,-0.22222920864936088,-1.2505432060554815,1.912203977451763 0.0030455973
5 -0.9261859369264206,-0.5837893615841675,1.1921527157895373,-0.4934539443489941,-0.5837893615841675,1.2134961263372048,-0.4523357439054886,-0.5837893615841675,0.37983550919367803,-0.8850677364829151,-0.5837893615841675,0.3584920986460105,-0.9261859369264206,-0.788772808444519,1.1921527157895373,-0.4934539443489941,-0.788772808444519,1.2134961263372048,-0.4523357439054886,-0.788772808444519,0.37983550919367803,-0.8850677364829151,-0.788772808444519,0.3584920986460105 0.012344235
5 -0.8421631675471513,-0.753424027878027,0.5975423250127777,-0.7826367433633536,-0.753424027878027,1.2087504726542313,-0.140606023717955,-0.753424027878027,1.1462221946786895,-0.2001324479017525,-0.753424027878027,0.535014047037236,-0.8421631675471513,-1.0049385037839604,0.5975423250127777,-0.7826367433633536,-1.0049385037839604,1.2087504726542313,-0.140606023717955,-1.0049385037839604,1.1462221946786895,-0.2001324479017525,-1.0049385037839604,0.535014047037236 0.012060587
5 0.16792809704153677,-0.644804041776042,0.988235299845797,-0.4375775141648558,-0.644804041776042,0.6641454314761661,-0.7677577708086266,-0.644804041776042,1.2810298750199256,-0.16225215960223405,-0.644804041776042,1.6051197433895565,0.16792809704153677,-0.8824992962748003,0.988235299845797,-0.4375775141648558,-0.8824992962748003,0.6641454314761661,-0.7677577708086266,-0.8824992962748003,1.2810298750199256,-0.16225215960223405,-0.8824992962748003,1.6051197433895565 0.010830131
5 -0.25508685154187977,-0.21088628651497843,-1.6900870374470394,-0.7086260549112952,-0.21088628651497843,-1.9247356629463812,-1.1003892894340723,-0.21088628651497843,-1.1675184198588688,-0.646850086064657,-0.21088628651497843,-0.932869794359527,-0.25508685154187977,-0.45069266675116537,-1.6900870374470394,-0.7086260549112952,-0.45069266675116537,-1.9247356629463812,-1.1003892894340723,-0.45069266675116537,-1.1675184198588688,-0.646850086064657,-0.45069266675116537,-0.932869794359527 0.008511539
5 0.4531333082953658,0.06152760702302694,-0.17687454728681573,0.8195977665833913,0.06152760702302694,-0.36048876600004,0.5483806496819291,0.06152760702302694,-0.901794523910694,0.18191619139390358,0.06152760702302694,-0.7181803051974698,0.4531333082953658,-0.1842287452810073,-0.17687454728681573,0.8195977665833913,-0.1842287452810073,-0.36048876600004,0.5483806496819291,-0.1842287452810073,-0.901794523910694,0.18191619139390358,-0.1842287452810073,-0.7181803051974698 0.013267678
5 0.2636289715903607,-0.5652409418850947,1.4421875387216232,-0.25709945229443276,-0.5652409418850947,1.112880105631239,-0.6051813185351697,-0.5652409418850947,1.6632962316488602,-0.08445289465037618,-0.5652409418850947,1.9926036647392444,0.2636289715903607,-0.7416351214617681,1.4421875387216232,-0.25709945229443276,-0.7416351214617681,1.112880105631239,-0.6051813185351697,-0.7416351214617681,1.6632962316488602,-0.08445289465037618,-0.7416351214617681,1.9926036647392444 0.00849121
5 -0.39722950598318807,-0.304573198723774,-1.8152548314708106,-0.9604706541291642,-0.304573198723774,-2.1282234624905603,-1.331078337225125,-0.304573198723774,-1.4612508772236474,-0.7678371890791488,-0.304573198723774,-1.1482822462038977,-0.39722950598318807,-0.5326758418798637,-1.8152548314708106,-0.9604706541291642,-0.5326758418798637,-2.1282234624905603,-1.331078337225125,-0.5326758418798637,-1.4612508772236474,-0.7678371890791488,-0.5326758418798637,-1.1482822462038977 0.0058490043
5 -0.6805624775706755,-1.3503398792251753,1.7010897746621656,-0.030847211243145822,-1.3503398792251753,1.3046707414960905,-0.2811652608097567,-1.3503398792251753,0.8944092640341236,-0.9308805271372863,-1.3503398792251753,1.2908282972001985,-0.6805624775706755,-1.527531634141524,1.7010897746621656,-0.030847211243145822,-1.527531634141524,1.3046707414960905,-0.2811652608097567,-1.527531634141524,0.8944092640341236,-0.9308805271372863,-1.527531634141524,1.2908282972001985 0.005607763
5 -0.06483197275875341,-0.7993194962144708,1.1478976755203236,-0.8405941407349722,-0.7993194962144708,0.6912110153289723,-1.0423462384534048,-0.7993194962144708,1.0339222402511608,-0.26658407047718596,-0.7993194962144708,1.490608900442512,-0.06483197275875341,-1.1585071181654119,1.1478976755203236,-0.8405941407349722,-1.1585071181654119,0.6912110153289723,-1.0423462384534048,-1.1585071181654119,1.0339222402511608,-0.26658407047718596,-1.1585071181654119,1.490608900442512 0.011167827
5 0.5262311071677558,-0.32195902430335044,-0.5508827789095092,0.26838841356609117,-0.32195902430335044,-0.6807671940685778,-0.057914313725983324,-0.32195902430335044,-0.03300068542688611,0.19992837987568127,-0.32195902430335044,0.09688372973218246,0.5262311071677558,-0.6178309861489201,-0.5508827789095092,0.26838841356609117,-0.6178309861489201,-0.6807671940685778,-0.057914313725983324,-0.6178309861489201,-0.03300068542688611,0.19992837987568127,-0.6178309861489201,0.09688372973218246 0.010966477
5 0.31174510436553615,-0.04626590014317988,-0.20325447743950847,0.6062563739857849,-0.04626590014317988,-0.3822328387870556,0.2224800018737827,-0.04626590014317988,-1.0137419539111996,-0.07203126774646601,-0.04626590014317988,-0.8347635925636524,0.31174510436553615,-0.3190132677473688,-0.20325447743950847,0.6062563739857849,-0.3190132677473688,-0.3822328387870556,0.2224800018737827,-0.3190132677473688,-1.0137419539111996,-0.07203126774646601,-0.3190132677473688,-0.8347635925636524 0.008171862
5 -0.8906890997471596,-0.2816027951721191,0.841293410875575,-0.8901478822200424,-0.2816027951721191,1.3932587876545939,-0.2909636846003746,-0.2816027951721191,1.3926712707497912,-0.2915049021274918,-0.2816027951721191,0.8407058939707722,-0.8906890997471596,-1.1632906841751098,0.841293410875575,-0.8901478822200424,-1.1632906841751098,1.3932587876545939,-0.2909636846003746,-1.1632906841751098,1.3926712707497912,-0.2915049021274918,-1.1632906841751098,0.8407058939707722 0.008976657
5 -0.005262949798023275,-1.0686472961112665,1.480781884006634,-0.6765449383843305,-1.0686472961112665,1.143187811030903,-0.8935111972356682,-1.0686472961112665,1.574609904476032,-0.22222920864936088,-1.0686472961112665,1.912203977451763,-0.005262949798023275,-1.2505432060554815,1.480781884006634,-0.6765449383843305,-1.2505432060554815,1.143187811030903,-0.8935111972356682,-1.2505432060554815,1.574609904476032,-0.22222920864936088,-1.2505432060554815,1.912203977451763 0.007184003
6 -0.9261859369264206,-0.5837893615841675,1.1921527157895373,-0.4934539443489941,-0.5837893615841675,1.2134961263372048,-0.4523357439054886,-0.5837893615841675,0.37983550919367803,-0.8850677364829151,-0.5837893615841675,0.3584920986460105,-0.9261859369264206,-0.788772808444519,1.1921527157895373,-0.4934539443489941,-0.788772808444519,1.2134961263372048,-0.4523357439054886,-0.788772808444519,0.37983550919367803,-0.8850677364829151,-0.788772808444519,0.3584920986460105 0.006580887
6 -0.8421631675471513,-0.753424027878027,0.5975423250127777,-0.7826367433633536,-0.753424027878027,1.2087504726542313,-0.140606023717955,-0.753424027878027,1.1462221946786895,-0.2001324479017525,-0.753424027878027,0.535014047037236,-0.8421631675471513,-1.0049385037839604,0.5975423250127777,-0.7826367433633536,-1.0049385037839604,1.2087504726542313,-0.140606023717955,-1.0049385037839604,1.1462221946786895,-0.2001324479017525,-1.0049385037839604,0.535014047037236 0.0056671263
6 0.16792809704153677,-0.644804041776042,0.988235299845797,-0.4375775141648558,-0.644804041776042,0.6641454314761661,-0.7677577708086266,-0.644804041776042,1.2810298750199256,-0.16225215960223405,-0.644804041776042,1.6051197433895565,0.16792809704153677,-0.8824992962748003,0.988235299845797,-0.4375775141648558,-0.8824992962748003,0.6641454314761661,-0.7677577708086266,-0.8824992962748003,1.2810298750199256,-0.16225215960223405,-0.8824992962748003,1.6051197433895565 0.005528525
6 -0.25508685154187977,-0.21088628651497843,-1.6900870374470394,-0.7086260549112952,-0.21088628651497843,-1.9247356629463812,-1.1003892894340723,-0.21088628651497843,-1.1675184198588688,-0.646850086064657,-0.21088628651497843,-0.932869794359527,-0.25508685154187977,-0.45069266675116537,-1.6900870374470394,-0.7086260549112952,-0.45069266675116537,-1.9247356629463812,-1.1003892894340723,-0.45069266675116537,-1.1675184198588688,-0.646850086064657,-0.45069266675116537,-0.932869794359527 0.004346657
6 0.4531333082953658,0.06152760702302694,-0.17687454728681573,0.8195977665833913,0.06152760702302694,-0.36048876600004,0.5483806496819291,0.06152760702302694,-0.901794523910694,0.18191619139390358,0.06152760702302694,-0.7181803051974698,0.4531333082953658,-0.1842287452810073,-0.17687454728681573,0.8195977665833913,-0.1842287452810073,-0.36048876600004,0.5483806496819291,-0.1842287452810073,-0.901794523910694,0.18191619139390358,-0.1842287452810073,-0.7181803051974698 0.008907353
6 0.2636289715903607,-0.5652409418850947,1.4421875387216232,-0.25709945229443276,-0.5652409418850947,1.112880105631239,-0.6051813185351697,-0.5652409418850947,1.6632962316488602,-0.08445289465037618,-0.5652409418850947,1.9926036647392444,0.2636289715903607,-0.7416351214617681,1.4421875387216232,-0.25709945229443276,-0.7416351214617681,1.112880105631239,-0.6051813185351697,-0.7416351214617681,1.6632962316488602,-0.08445289465037618,-0.7416351214617681,1.9926036647392444 0.0038917873
6 -0.39722950598318807,-0.304573198723774,-1.8152548314708106,-0.9604706541291642,-0.304573198723774,-2.1282234624905603,-1.331078337225125,-0.304573198723774,-1.4612508772236474,-0.7678371890791488,-0.304573198723774,-1.1482822462038977,-0.39722950598318807,-0.5326758418798637,-1.8152548314708106,-0.9604706541291642,-0.5326758418798637,-2.1282234624905603,-1.331078337225125,-0.5326758418798637,-1.4612508772236474,-0.7678371890791488,-0.5326758418798637,-1.1482822462038977 0.00467726
6 -0.6805624775706755,-1.3503398792251753,1.7010897746621656,-0.030847211243145822,-1.3503398792251753,1.3046707414960905,-0.2811652608097567,-1.3503398792251753,0.8944092640341236,-0.9308805271372863,-1.3503398792251753,1.2908282972001985,-0.6805624775706755,-1.527531634141524,1.7010897746621656,-0.030847211243145822,-1.527531634141524,1.3046707414960905,-0.2811652608097567,-1.527531634141524,0.8944092640341236,-0.9308805271372863,-1.527531634141524,1.2908282972001985 0.005624778
6 -0.06483197275875341,-0.7993194962144708,1.1478976755203236,-0.8405941407349722,-0.7993194962144708,0.6912110153289723,-1.0423462384534048,-0.7993194962144708,1.0339222402511608,-0.26658407047718596,-0.7993194962144708,1.490608900442512,-0.06483197275875341,-1.1585071181654119,1.1478976755203236,-0.8405941407349722,-1.1585071181654119,0.6912110153289723,-1.0423462384534048,-1.1585071181654119,1.0339222402511608,-0.26658407047718596,-1.1585071181654119,1.490608900442512 0.007131278
6 0.5262311071677558,-0.32195902430335044,-0.5508827789095092,0.26838841356609117,-0.32195902430335044,-0.6807671940685778,-0.057914313725983324,-0.32195902430335044,-0.03300068542688611,0.19992837987568127,-0.32195902430335044,0.09688372973218246,0.5262311071677558,-0.6178309861489201,-0.5508827789095092,0.26838841356609117,-0.6178309861489201,-0.6807671940685778,-0.057914313725983324,-0.6178309861489201,-0.03300068542688611,0.19992837987568127,-0.6178309861489201,0.09688372973218246 0.0067383936
6 0.31174510436553615,-0.04626590014317988,-0.20325447743950847,0.6062563739857849,-0.04626590014317988,-0.3822328387870556,0.2224800018737827,-0.04626590014317988,-1.0137419539111996,-0.07203126774646601,-0.04626590014317988,-0.8347635925636524,0.31174510436553615,-0.3190132677473688,-0.20325447743950847,0.6062563739857849,-0.3190132677473688,-0.3822328387870556,0.2224800018737827,-0.3190132677473688,-1.0137419539111996,-0.07203126774646601,-0.3190132677473688,-0.8347635925636524 0.0056152353
6 -0.8906890997471596,-0.2816027951721191,0.841293410875575,-0.8901478822200424,-0.2816027951721191,1.3932587876545939,-0.2909636846003746,-0.2816027951721191,1.3926712707497912,-0.2915049021274918,-0.2816027951721191,0.8407058939707722,-0.8906890997471596,-1.1632906841751098,0.841293410875575,-0.8901478822200424,-1.1632906841751098,1.3932587876545939,-0.2909636846003746,-1.1632906841751098,1.3926712707497912,-0.2915049021274918,-1.1632906841751098,0.8407058939707722 0.0031726863
6 -0.005262949798023275,-1.0686472961112665,1.480781884006634,-0.6765449383843305,-1.0686472961112665,1.143187811030903,-0.8935111972356682,-1.0686472961112665,1.574609904476032,-0.22222920864936088,-1.0686472961112665,1.912203977451763,-0.005262949798023275,-1.2505432060554815,1.480781884006634,-0.6765449383843305,-1.2505432060554815,1.143187811030903,-0.8935111972356682,-1.2505432060554815,1.574609904476032,-0.22222920864936088,-1.2505432060554815,1.912203977451763 0.004723541
7 -0.9261859369264206,-0.5837893615841675,1.1921527157895373,-0.4934539443489941,-0.5837893615841675,1.2134961263372048,-0.4523357439054886,-0.5837893615841675,0.37983550919367803,-0.8850677364829151,-0.5837893615841675,0.3584920986460105,-0.9261859369264206,-0.788772808444519,1.1921527157895373,-0.4934539443489941,-0.788772808444519,1.2134961263372048,-0.4523357439054886,-0.788772808444519,0.37983550919367803,-0.8850677364829151,-0.788772808444519,0.3584920986460105 0.003979352
7 -0.8421631675471513,-0.753424027878027,0.5975423250127777,-0.7826367433633536,-0.753424027878027,1.2087504726542313,-0.140606023717955,-0.753424027878027,1.1462221946786895,-0.2001324479017525,-0.753424027878027,0.535014047037236,-0.8421631675471513,-1.0049385037839604,0.5975423250127777,-0.7826367433633536,-1.0049385037839604,1.2087504726542313,-0.140606023717955,-1.0049385037839604,1.1462221946786895,-0.2001324479017525,-1.0049385037839604,0.535014047037236 0.0033162108
7 0.16792809704153677,-0.644804041776042,0.988235299845797,-0.4375775141648558,-0.644804041776042,0.6641454314761661,-0.7677577708086266,-0.644804041776042,1.2810298750199256,-0.16225215960223405,-0.644804041776042,1.6051197433895565,0.16792809704153677,-0.8824992962748003,0.988235299845797,-0.4375775141648558,-0.8824992962748003,0.6641454314761661,-0.7677577708086266,-0.8824992962748003,1.2810298750199256,-0.16225215960223405,-0.8824992962748003,1.6051197433895565 0.0037288375
7 -0.25508685154187977,-0.21088628651497843,-1.6900870374470394,-0.7086260549112952,-0.21088628651497843,-1.9247356629463812,-1.1003892894340723,-0.21088628651497843,-1.1675184198588688,-0.646850086064657,-0.21088628651497843,-0.932869794359527,-0.25508685154187977,-0.45069266675116537,-1.6900870374470394,-0.7086260549112952,-0.45069266675116537,-1.9247356629463812,-1.1003892894340723,-0.45069266675116537,-1.1675184198588688,-0.646850086064657,-0.45069266675116537,-0.932869794359527 0.0018315618
7 0.4531333082953658,0.06152760702302694,-0.17687454728681573,0.8195977665833913,0.06152760702302694,-0.36048876600004,0.5483806496819291,0.06152760702302694,-0.901794523910694,0.18191619139390358,0.06152760702302694,-0.7181803051974698,0.4531333082953658,-0.1842287452810073,-0.17687454728681573,0.8195977665833913,-0.1842287452810073,-0.36048876600004,0.5483806496819291,-0.1842287452810073,-0.901794523910694,0.18191619139390358,-0.1842287452810073,-0.7181803051974698 0.006176504
7 0.2636289715903607,-0.5652409418850947,1.4421875387216232,-0.25709945229443276,-0.5652409418850947,1.112880105631239,-0.6051813185351697,-0.5652409418850947,1.6632962316488602,-0.08445289465037618,-0.5652409418850947,1.9926036647392444,0.2636289715903607,-0.7416351214617681,1.4421875387216232,-0.25709945229443276,-0.7416351214617681,1.112880105631239,-0.6051813185351697,-0.7416351214617681,1.6632962316488602,-0.08445289465037618,-0.7416351214617681,1.9926036647392444 0.0017728476
7 -0.39722950598318807,-0.304573198723774,-1.8152548314708106,-0.9604706541291642,-0.304573198723774,-2.1282234624905603,-1.331078337225125,-0.304573198723774,-1.4612508772236474,-0.7678371890791488,-0.304573198723774,-1.1482822462038977,-0.39722950598318807,-0.5326758418798637,-1.8152548314708106,-0.9604706541291642,-0.5326758418798637,-2.1282234624905603,-1.331078337225125,-0.5326758418798637,-1.4612508772236474,-0.7678371890791488,-0.5326758418798637,-1.1482822462038977 0.0017842293
7 -0.6805624775706755,-1.3503398792251753,1.7010897746621656,-0.030847211243145822,-1.3503398792251753,1.3046707414960905,-0.2811652608097567,-1.3503398792251753,0.8944092640341236,-0.9308805271372863,-1.3503398792251753,1.2908282972001985,-0.6805624775706755,-1.527531634141524,1.7010897746621656,-0.030847211243145822,-1.527531634141524,1.3046707414960905,-0.2811652608097567,-1.527531634141524,0.8944092640341236,-0.9308805271372863,-1.527531634141524,1.2908282972001985 0.0013224649
7 -0.06483197275875341,-0.7993194962144708,1.1478976755203236,-0.8405941407349722,-0.7993194962144708,0.6912110153289723,-1.0423462384534048,-0.7993194962144708,1.0339222402511608,-0.26658407047718596,-0.7993194962144708,1.490608900442512,-0.06483197275875341,-1.1585071181654119,1.1478976755203236,-0.8405941407349722,-1.1585071181654119,0.6912110153289723,-1.0423462384534048,-1.1585071181654119,1.0339222402511608,-0.26658407047718596,-1.1585071181654119,1.490608900442512 0.0035170496
7 0.5262311071677558,-0.32195902430335044,-0.5508827789095092,0.26838841356609117,-0.32195902430335044,-0.6807671940685778,-0.057914313725983324,-0.32195902430335044,-0.03300068542688611,0.19992837987568127,-0.32195902430335044,0.09688372973218246,0.5262311071677558,-0.6178309861489201,-0.5508827789095092,0.26838841356609117,-0.6178309861489201,-0.6807671940685778,-0.057914313725983324,-0.6178309861489201,-0.03300068542688611,0.19992837987568127,-0.6178309861489201,0.09688372973218246 0.0019594012
7 0.31174510436553615,-0.04626590014317988,-0.20325447743950847,0.6062563739857849,-0.04626590014317988,-0.3822328387870556,0.2224800018737827,-0.04626590014317988,-1.0137419539111996,-0.07203126774646601,-0.04626590014317988,-0.8347635925636524,0.31174510436553615,-0.3190132677473688,-0.20325447743950847,0.6062563739857849,-0.3190132677473688,-0.3822328387870556,0.2224800018737827,-0.3190132677473688,-1.0137419539111996,-0.07203126774646601,-0.3190132677473688,-0.8347635925636524 0.001410247
7 -0.8906890997471596,-0.2816027951721191,0.841293410875575,-0.8901478822200424,-0.2816027951721191,1.3932587876545939,-0.2909636846003746,-0.2816027951721191,1.3926712707497912,-0.2915049021274918,-0.2816027951721191,0.8407058939707722,-0.8906890997471596,-1.1632906841751098,0.841293410875575,-0.8901478822200424,-1.1632906841751098,1.3932587876545939,-0.2909636846003746,-1.1632906841751098,1.3926712707497912,-0.2915049021274918,-1.1632906841751098,0.8407058939707722 0.0012820223
7 -0.005262949798023275,-1.0686472961112665,1.480781884006634,-0.6765449383843305,-1.0686472961112665,1.143187811030903,-0.8935111972356682,-1.0686472961112665,1.574609904476032,-0.22222920864936088,-1.0686472961112665,1.912203977451763,-0.005262949798023275,-1.2505432060554815,1.480781884006634,-0.6765449383843305,-1.2505432060554815,1.143187811030903,-0.8935111972356682,-1.2505432060554815,1.574609904476032,-0.22222920864936088,-1.2505432060554815,1.912203977451763 0.0017400671
8 -0.9261859369264206,-0.5837893615841675,1.1921527157895373,-0.4934539443489941,-0.5837893615841675,1.2134961263372048,-0.4523357439054886,-0.5837893615841675,0.37983550919367803,-0.8850677364829151,-0.5837893615841675,0.3584920986460105,-0.9261859369264206,-0.788772808444519,1.1921527157895373,-0.4934539443489941,-0.788772808444519,1.2134961263372048,-0.4523357439054886,-0.788772808444519,0.37983550919367803,-0.8850677364829151,-0.788772808444519,0.3584920986460105 0.010065174
8 -0.8421631675471513,-0.753424027878027,0.5975423250127777,-0.7826367433633536,-0.753424027878027,1.2087504726542313,-0.140606023717955,-0.753424027878027,1.1462221946786895,-0.2001324479017525,-0.753424027878027,0.535014047037236,-0.8421631675471513,-1.0049385037839604,0.5975423250127777,-0.7826367433633536,-1.0049385037839604,1.2087504726542313,-0.140606023717955,-1.0049385037839604,1.1462221946786895,-0.2001324479017525,-1.0049385037839604,0.535014047037236 0.0048758076
8 0.16792809704153677,-0.644804041776042,0.988235299845797,-0.4375775141648558,-0.644804041776042,0.6641454314761661,-0.7677577708086266,-0.644804041776042,1.2810298750199256,-0.16225215960223405,-0.644804041776042,1.6051197433895565,0.16792809704153677,-0.8824992962748003,0.988235299845797,-0.4375775141648558,-0.8824992962748003,0.6641454314761661,-0.7677577708086266,-0.8824992962748003,1.2810298750199256,-0.16225215960223405,-0.8824992962748003,1.6051197433895565 0.005212732
8 -0.25508685154187977,-0.21088628651497843,-1.6900870374470394,-0.7086260549112952,-0.21088628651497843,-1.9247356629463812,-1.1003892894340723,-0.21088628651497843,-1.1675184198588688,-0.646850086064657,-0.21088628651497843,-0.932869794359527,-0.25508685154187977,-0.45069266675116537,-1.6900870374470394,-0.7086260549112952,-0.45069266675116537,-1.9247356629463812,-1.1003892894340723,-0.45069266675116537,-1.1675184198588688,-0.646850086064657,-0.45069266675116537,-0.932869794359527 0.004002815
8 0.4531333082953658,0.06152760702302694,-0.17687454728681573,0.8195977665833913,0.06152760702302694,-0.36048876600004,0.5483806496819291,0.06152760702302694,-0.901794523910694,0.18191619139390358,0.06152760702302694,-0.7181803051974698,0.4531333082953658,-0.1842287452810073,-0.17687454728681573,0.8195977665833913,-0.1842287452810073,-0.36048876600004,0.5483806496819291,-0.1842287452810073,-0.901794523910694,0.18191619139390358,-0.1842287452810073,-0.7181803051974698 0.004548142
8 0.2636289715903607,-0.5652409418850947,1.4421875387216232,-0.25709945229443276,-0.5652409418850947,1.112880105631239,-0.6051813185351697,-0.5652409418850947,1.6632962316488602,-0.08445289465037618,-0.5652409418850947,1.9926036647392444,0.2636289715903607,-0.7416351214617681,1.4421875387216232,-0.25709945229443276,-0.7416351214617681,1.112880105631239,-0.6051813185351697,-0.7416351214617681,1.6632962316488602,-0.08445289465037618,-0.7416351214617681,1.9926036647392444 0.002108661
8 -0.39722950598318807,-0.304573198723774,-1.8152548314708106,-0.9604706541291642,-0.304573198723774,-2.1282234624905603,-1.331078337225125,-0.304573198723774,-1.4612508772236474,-0.7678371890791488,-0.304573198723774,-1.1482822462038977,-0.39722950598318807,-0.5326758418798637,-1.8152548314708106,-0.9604706541291642,-0.5326758418798637,-2.1282234624905603,-1.331078337225125,-0.5326758418798637,-1.4612508772236474,-0.7678371890791488,-0.5326758418798637,-1.1482822462038977 0.0017530746
8 -0.6805624775706755,-1.3503398792251753,1.7010897746621656,-0.030847211243145822,-1.3503398792251753,1.3046707414960905,-0.2811652608097567,-1.3503398792251753,0.8944092640341236,-0.9308805271372863,-1.3503398792251753,1.2908282972001985,-0.6805624775706755,-1.527531634141524,1.7010897746621656,-0.030847211243145822,-1.527531634141524,1.3046707414960905,-0.2811652608097567,-1.527531634141524,0.8944092640341236,-0.9308805271372863,-1.527531634141524,1.2908282972001985 0.0027559404
8 -0.06483197275875341,-0.7993194962144708,1.1478976755203236,-0.8405941407349722,-0.7993194962144708,0.6912110153289723,-1.0423462384534048,-0.7993194962144708,1.0339222402511608,-0.26658407047718596,-0.7993194962144708,1.490608900442512,-0.06483197275875341,-1.1585071181654119,1.1478976755203236,-0.8405941407349722,-1.1585071181654119,0.6912110153289723,-1.0423462384534048,-1.1585071181654119,1.0339222402511608,-0.26658407047718596,-1.1585071181654119,1.490608900442512 0.004513977
8 0.5262311071677558,-0.32195902430335044,-0.5508827789095092,0.26838841356609117,-0.32195902430335044,-0.6807671940685778,-0.057914313725983324,-0.32195902430335044,-0.03300068542688611,0.19992837987568127,-0.32195902430335044,0.09688372973218246,0.5262311071677558,-0.6178309861489201,-0.5508827789095092,0.26838841356609117,-0.6178309861489201,-0.6807671940685778,-0.057914313725983324,-0.6178309861489201,-0.03300068542688611,0.19992837987568127,-0.6178309861489201,0.09688372973218246 0.0036870567
8 0.31174510436553615,-0.04626590014317988,-0.20325447743950847,0.6062563739857849,-0.04626590014317988,-0.3822328387870556,0.2224800018737827,-0.04626590014317988,-1.0137419539111996,-0.07203126774646601,-0.04626590014317988,-0.8347635925636524,0.31174510436553615,-0.3190132677473688,-0.20325447743950847,0.6062563739857849,-0.3190132677473688,-0.3822328387870556,0.2224800018737827,-0.3190132677473688,-1.0137419539111996,-0.07203126774646601,-0.3190132677473688,-0.8347635925636524 0.003590073
8 -0.8906890997471596,-0.2816027951721191,0.841293410875575,-0.8901478822200424,-0.2816027951721191,1.3932587876545939,-0.2909636846003746,-0.2816027951721191,1.3926712707497912,-0.2915049021274918,-0.2816027951721191,0.8407058939707722,-0.8906890997471596,-1.1632906841751098,0.841293410875575,-0.8901478822200424,-1.1632906841751098,1.3932587876545939,-0.2909636846003746,-1.1632906841751098,1.3926712707497912,-0.2915049021274918,-1.1632906841751098,0.8407058939707722 0.002116229
8 -0.005262949798023275,-1.0686472961112665,1.480781884006634,-0.6765449383843305,-1.0686472961112665,1.143187811030903,-0.8935111972356682,-1.0686472961112665,1.574609904476032,-0.22222920864936088,-1.0686472961112665,1.912203977451763,-0.005262949798023275,-1.2505432060554815,1.480781884006634,-0.6765449383843305,-1.2505432060554815,1.143187811030903,-0.8935111972356682,-1.2505432060554815,1.574609904476032,-0.22222920864936088,-1.2505432060554815,1.912203977451763 0.002972768
9 -0.9261859369264206,-0.5837893615841675,1.1921527157895373,-0.4934539443489941,-0.5837893615841675,1.2134961263372048,-0.4523357439054886,-0.5837893615841675,0.37983550919367803,-0.8850677364829151,-0.5837893615841675,0.3584920986460105,-0.9261859369264206,-0.788772808444519,1.1921527157895373,-0.4934539443489941,-0.788772808444519,1.2134961263372048,-0.4523357439054886,-0.788772808444519,0.37983550919367803,-0.8850677364829151,-0.788772808444519,0.3584920986460105 0.01202944
9 -0.8421631675471513,-0.753424027878027,0.5975423250127777,-0.7826367433633536,-0.753424027878027,1.2087504726542313,-0.140606023717955,-0.753424027878027,1.1462221946786895,-0.2001324479017525,-0.753424027878027,0.535014047037236,-0.8421631675471513,-1.0049385037839604,0.5975423250127777,-0.7826367433633536,-1.0049385037839604,1.2087504726542313,-0.140606023717955,-1.0049385037839604,1.1462221946786895,-0.2001324479017525,-1.0049385037839604,0.535014047037236 0.010462905
9 0.16792809704153677,-0.644804041776042,0.988235299845797,-0.4375775141648558,-0.644804041776042,0.6641454314761661,-0.7677577708086266,-0.644804041776042,1.2810298750199256,-0.16225215960223405,-0.644804041776042,1.6051197433895565,0.16792809704153677,-0.8824992962748003,0.988235299845797,-0.4375775141648558,-0.8824992962748003,0.6641454314761661,-0.7677577708086266,-0.8824992962748003,1.2810298750199256,-0.16225215960223405,-0.8824992962748003,1.6051197433895565 0.012584718
9 -0.25508685154187977,-0.21088628651497843,-1.6900870374470394,-0.7086260549112952,-0.21088628651497843,-1.9247356629463812,-1.1003892894340723,-0.21088628651497843,-1.1675184198588688,-0.646850086064657,-0.21088628651497843,-0.932869794359527,-0.25508685154187977,-0.45069266675116537,-1.6900870374470394,-0.7086260549112952,-0.45069266675116537,-1.9247356629463812,-1.1003892894340723,-0.45069266675116537,-1.1675184198588688,-0.646850086064657,-0.45069266675116537,-0.932869794359527 0.0062343185
9 0.4531333082953658,0.06152760702302694,-0.17687454728681573,0.8195977665833913,0.06152760702302694,-0.36048876600004,0.5483806496819291,0.06152760702302694,-0.901794523910694,0.18191619139390358,0.06152760702302694,-0.7181803051974698,0.4531333082953658,-0.1842287452810073,-0.17687454728681573,0.8195977665833913,-0.1842287452810073,-0.36048876600004,0.5483806496819291,-0.1842287452810073,-0.901794523910694,0.18191619139390358,-0.1842287452810073,-0.7181803051974698 0.015676757
9 0.2636289715903607,-0.5652409418850947,1.4421875387216232,-0.25709945229443276,-0.5652409418850947,1.112880105631239,-0.6051813185351697,-0.5652409418850947,1.6632962316488602,-0.08445289465037618,-0.5652409418850947,1.9926036647392444,0.2636289715903607,-0.7416351214617681,1.4421875387216232,-0.25709945229443276,-0.7416351214617681,1.112880105631239,-0.6051813185351697,-0.7416351214617681,1.6632962316488602,-0.08445289465037618,-0.7416351214617681,1.9926036647392444 0.006875422
9 -0.39722950598318807,-0.304573198723774,-1.8152548314708106,-0.9604706541291642,-0.304573198723774,-2.1282234624905603,-1.331078337225125,-0.304573198723774,-1.4612508772236474,-0.7678371890791488,-0.304573198723774,-1.1482822462038977,-0.39722950598318807,-0.5326758418798637,-1.8152548314708106,-0.9604706541291642,-0.5326758418798637,-2.1282234624905603,-1.331078337225125,-0.5326758418798637,-1.4612508772236474,-0.7678371890791488,-0.5326758418798637,-1.1482822462038977 0.0056207036
9 -0.6805624775706755,-1.3503398792251753,1.7010897746621656,-0.030847211243145822,-1.3503398792251753,1.3046707414960905,-0.2811652608097567,-1.3503398792251753,0.8944092640341236,-0.9308805271372863,-1.3503398792251753,1.2908282972001985,-0.6805624775706755,-1.527531634141524,1.7010897746621656,-0.030847211243145822,-1.527531634141524,1.3046707414960905,-0.2811652608097567,-1.527531634141524,0.8944092640341236,-0.9308805271372863,-1.527531634141524,1.2908282972001985 0.008789511
9 -0.06483197275875341,-0.7993194962144708,1.1478976755203236,-0.8405941407349722,-0.7993194962144708,0.6912110153289723,-1.0423462384534048,-0.7993194962144708,1.0339222402511608,-0.26658407047718596,-0.7993194962144708,1.490608900442512,-0.06483197275875341,-1.1585071181654119,1.1478976755203236,-0.8405941407349722,-1.1585071181654119,0.6912110153289723,-1.0423462384534048,-1.1585071181654119,1.0339222402511608,-0.26658407047718596,-1.1585071181654119,1.490608900442512 0.014969023
9 0.5262311071677558,-0.32195902430335044,-0.5508827789095092,0.26838841356609117,-0.32195902430335044,-0.6807671940685778,-0.057914313725983324,-0.32195902430335044,-0.03300068542688611,0.19992837987568127,-0.32195902430335044,0.09688372973218246,0.5262311071677558,-0.6178309861489201,-0.5508827789095092,0.26838841356609117,-0.6178309861489201,-0.6807671940685778,-0.057914313725983324,-0.6178309861489201,-0.03300068542688611,0.19992837987568127,-0.6178309861489201,0.09688372973218246 0.009085862
9 0.31174510436553615,-0.04626590014317988,-0.20325447743950847,0.6062563739857849,-0.04626590014317988,-0.3822328387870556,0.2224800018737827,-0.04626590014317988,-1.0137419539111996,-0.07203126774646601,-0.04626590014317988,-0.8347635925636524,0.31174510436553615,-0.3190132677473688,-0.20325447743950847,0.6062563739857849,-0.3190132677473688,-0.3822328387870556,0.2224800018737827,-0.3190132677473688,-1.0137419539111996,-0.07203126774646601,-0.3190132677473688,-0.8347635925636524 0.008050358
9 -0.8906890997471596,-0.2816027951721191,0.841293410875575,-0.8901478822200424,-0.2816027951721191,1.3932587876545939,-0.2909636846003746,-0.2816027951721191,1.3926712707497912,-0.2915049021274918,-0.2816027951721191,0.8407058939707722,-0.8906890997471596,-1.1632906841751098,0.841293410875575,-0.8901478822200424,-1.1632906841751098,1.3932587876545939,-0.2909636846003746,-1.1632906841751098,1.3926712707497912,-0.2915049021274918,-1.1632906841751098,0.8407058939707722 0.012206273
9 -0.005262949798023275,-1.0686472961112665,1.480781884006634,-0.6765449383843305,-1.0686472961112665,1.143187811030903,-0.8935111972356682,-1.0686472961112665,1.574609904476032,-0.22222920864936088,-1.0686472961112665,1.912203977451763,-0.005262949798023275,-1.2505432060554815,1.480781884006634,-0.6765449383843305,-1.2505432060554815,1.143187811030903,-0.8935111972356682,-1.2505432060554815,1.574609904476032,-0.22222920864936088,-1.2505432060554815,1.912203977451763 0.008760554
