0 1.2736332120364091,-0.6926963385275936,-0.475751679955853,1.2990335097973613,-0.6926963385275936,-0.8021778086504686,0.32318058591433546,-0.6926963385275936,-0.8781121553789248,0.2977802881533833,-0.6926963385275936,-0.5516860266843092,1.2736332120364091,-0.894742721683588,-0.475751679955853,1.2990335097973613,-0.894742721683588,-0.8021778086504686,0.32318058591433546,-0.894742721683588,-0.8781121553789248,0.2977802881533833,-0.894742721683588,-0.5516860266843092 0.006005184
0 1.4964311716794132,-0.880083734177742,0.09839529262599866,1.5031151465627424,-0.880083734177742,-0.2475725058405056,0.7094797494173886,-0.880083734177742,-0.2629052595954887,0.7027957745340594,-0.880083734177742,0.08306253887101556,1.4964311716794132,-1.063644474364128,0.09839529262599866,1.5031151465627424,-1.063644474364128,-0.2475725058405056,0.7094797494173886,-1.063644474364128,-0.2629052595954887,0.7027957745340594,-1.063644474364128,0.08306253887101556 0.00632755
0 0.7444744151119305,-0.6183234090853309,-0.22313049683430852,0.7727372643243235,-0.6183234090853309,-0.6079374636784713,0.3430805165286945,-0.6183234090853309,-0.6394943868174249,0.3148176673163014,-0.6183234090853309,-0.25468741997326205,0.7444744151119305,-1.16113773631567,-0.22313049683430852,0.7727372643243235,-1.16113773631567,-0.6079374636784713,0.3430805165286945,-1.16113773631567,-0.6394943868174249,0.3148176673163014,-1.16113773631567,-0.25468741997326205 0.005425198
0 2.1518790459285917,-0.6915867496363258,-0.005272628090904674,2.1942110748519394,-0.6915867496363258,-0.40915081048435087,1.055200603042966,-0.6915867496363258,-0.5285348880071178,1.0128685741196182,-0.6915867496363258,-0.12465670561367159,2.1518790459285917,-0.9028144907124901,-0.005272628090904674,2.1942110748519394,-0.9028144907124901,-0.40915081048435087,1.055200603042966,-0.9028144907124901,-0.5285348880071178,1.0128685741196182,-0.9028144907124901,-0.12465670561367159 0.006214434
0 0.39512830842008656,0.2389496248134041,0.06023403888350892,0.4403458710130648,0.2389496248134041,-0.3540838309108342,-0.2679586248444564,0.2389496248134041,-0.43138632064467836,-0.31317618743743464,0.2389496248134041,-0.01706845085033523,0.39512830842008656,-0.023478178299274455,0.06023403888350892,0.4403458710130648,-0.023478178299274455,-0.3540838309108342,-0.2679586248444564,-0.023478178299274455,-0.43138632064467836,-0.31317618743743464,-0.023478178299274455,-0.01706845085033523 0.009029718
0 0.8818348824253851,0.5525034246098424,-0.4038627744244552,0.9003295509558682,0.5525034246098424,-0.6489860916320284,0.5279034198054499,0.5525034246098424,-0.6770858168078446,0.5094087512749668,0.5525034246098424,-0.43196249960027144,0.8818348824253851,-0.2865963158261204,-0.4038627744244552,0.9003295509558682,-0.2865963158261204,-0.6489860916320284,0.5279034198054499,-0.2865963158261204,-0.6770858168078446,0.5094087512749668,-0.2865963158261204,-0.43196249960027144 0.0058563426
0 1.2706821267936148,-0.22724992549860834,0.01943752264039067,1.3155974929119123,-0.22724992549860834,-0.3436962297121151,0.9318363363411507,-0.22724992549860834,-0.39116296266572026,0.8869209702228534,-0.22724992549860834,-0.028029210313214453,1.2706821267936148,-0.45814412319218756,0.01943752264039067,1.3155974929119123,-0.45814412319218756,-0.3436962297121151,0.9318363363411507,-0.45814412319218756,-0.39116296266572026,0.8869209702228534,-0.45814412319218756,-0.028029210313214453 0.009480669
0 2.0707088285281414,-0.4184642341069317,-0.5056319069096213,2.101537396167687,-0.4184642341069317,-0.833510669548666,1.1823658174679523,-0.4184642341069317,-0.9199351239970559,1.1515372498284067,-0.4184642341069317,-0.5920563613580112,2.0707088285281414,-0.6805414650507832,-0.5056319069096213,2.101537396167687,-0.6805414650507832,-0.833510669548666,1.1823658174679523,-0.6805414650507832,-0.9199351239970559,1.1515372498284067,-0.6805414650507832,-0.5920563613580112 0.0070712417
0 1.7878731792893707,-0.6040777313459491,0.1434417743667856,1.8106633834583317,-0.6040777313459491,-0.054287832525962296,1.4361289435896576,-0.6040777313459491,-0.09745646309702546,1.4133387394206967,-0.6040777313459491,0.10027314379572243,1.7878731792893707,-1.2497585666429425,0.1434417743667856,1.8106633834583317,-1.2497585666429425,-0.054287832525962296,1.4361289435896576,-1.2497585666429425,-0.09745646309702546,1.4133387394206967,-1.2497585666429425,0.10027314379572243 0.007840331
1 1.2736332120364091,-0.6926963385275936,-0.475751679955853,1.2990335097973613,-0.6926963385275936,-0.8021778086504686,0.32318058591433546,-0.6926963385275936,-0.8781121553789248,0.2977802881533833,-0.6926963385275936,-0.5516860266843092,1.2736332120364091,-0.894742721683588,-0.475751679955853,1.2990335097973613,-0.894742721683588,-0.8021778086504686,0.32318058591433546,-0.894742721683588,-0.8781121553789248,0.2977802881533833,-0.894742721683588,-0.5516860266843092 0.012685913
1 1.4964311716794132,-0.880083734177742,0.09839529262599866,1.5031151465627424,-0.880083734177742,-0.2475725058405056,0.7094797494173886,-0.880083734177742,-0.2629052595954887,0.7027957745340594,-0.880083734177742,0.08306253887101556,1.4964311716794132,-1.063644474364128,0.09839529262599866,1.5031151465627424,-1.063644474364128,-0.2475725058405056,0.7094797494173886,-1.063644474364128,-0.2629052595954887,0.7027957745340594,-1.063644474364128,0.08306253887101556 0.014145405
1 0.7444744151119305,-0.6183234090853309,-0.22313049683430852,0.7727372643243235,-0.6183234090853309,-0.6079374636784713,0.3430805165286945,-0.6183234090853309,-0.6394943868174249,0.3148176673163014,-0.6183234090853309,-0.25468741997326205,0.7444744151119305,-1.16113773631567,-0.22313049683430852,0.7727372643243235,-1.16113773631567,-0.6079374636784713,0.3430805165286945,-1.16113773631567,-0.6394943868174249,0.3148176673163014,-1.16113773631567,-0.25468741997326205 0.014501658
1 2.1518790459285917,-0.6915867496363258,-0.005272628090904674,2.1942110748519394,-0.6915867496363258,-0.40915081048435087,1.055200603042966,-0.6915867496363258,-0.5285348880071178,1.0128685741196182,-0.6915867496363258,-0.12465670561367159,2.1518790459285917,-0.9028144907124901,-0.005272628090904674,2.1942110748519394,-0.9028144907124901,-0.40915081048435087,1.055200603042966,-0.9028144907124901,-0.5285348880071178,1.0128685741196182,-0.9028144907124901,-0.12465670561367159 0.010953598
1 0.39512830842008656,0.2389496248134041,0.06023403888350892,0.4403458710130648,0.2389496248134041,-0.3540838309108342,-0.2679586248444564,0.2389496248134041,-0.43138632064467836,-0.31317618743743464,0.2389496248134041,-0.01706845085033523,0.39512830842008656,-0.023478178299274455,0.06023403888350892,0.4403458710130648,-0.023478178299274455,-0.3540838309108342,-0.2679586248444564,-0.023478178299274455,-0.43138632064467836,-0.31317618743743464,-0.023478178299274455,-0.01706845085033523 0.015807034
1 0.8818348824253851,0.5525034246098424,-0.4038627744244552,0.9003295509558682,0.5525034246098424,-0.6489860916320284,0.5279034198054499,0.5525034246098424,-0.6770858168078446,0.5094087512749668,0.5525034246098424,-0.43196249960027144,0.8818348824253851,-0.2865963158261204,-0.4038627744244552,0.9003295509558682,-0.2865963158261204,-0.6489860916320284,0.5279034198054499,-0.2865963158261204,-0.6770858168078446,0.5094087512749668,-0.2865963158261204,-0.43196249960027144 0.0074506365
1 1.2706821267936148,-0.22724992549860834,0.01943752264039067,1.3155974929119123,-0.22724992549860834,-0.3436962297121151,0.9318363363411507,-0.22724992549860834,-0.39116296266572026,0.8869209702228534,-0.22724992549860834,-0.028029210313214453,1.2706821267936148,-0.45814412319218756,0.01943752264039067,1.3155974929119123,-0.45814412319218756,-0.3436962297121151,0.9318363363411507,-0.45814412319218756,-0.39116296266572026,0.8869209702228534,-0.45814412319218756,-0.028029210313214453 0.024856133
1 2.0707088285281414,-0.4184642341069317,-0.5056319069096213,2.101537396167687,-0.4184642341069317,-0.833510669548666,1.1823658174679523,-0.4184642341069317,-0.9199351239970559,1.1515372498284067,-0.4184642341069317,-0.5920563613580112,2.0707088285281414,-0.6805414650507832,-0.5056319069096213,2.101537396167687,-0.6805414650507832,-0.833510669548666,1.1823658174679523,-0.6805414650507832,-0.9199351239970559,1.1515372498284067,-0.6805414650507832,-0.5920563613580112 0.016127042
1 1.7878731792893707,-0.6040777313459491,0.1434417743667856,1.8106633834583317,-0.6040777313459491,-0.054287832525962296,1.4361289435896576,-0.6040777313459491,-0.09745646309702546,1.4133387394206967,-0.6040777313459491,0.10027314379572243,1.7878731792893707,-1.2497585666429425,0.1434417743667856,1.8106633834583317,-1.2497585666429425,-0.054287832525962296,1.4361289435896576,-1.2497585666429425,-0.09745646309702546,1.4133387394206967,-1.2497585666429425,0.10027314379572243 0.014626209
2 1.2736332120364091,-0.6926963385275936,-0.475751679955853,1.2990335097973613,-0.6926963385275936,-0.8021778086504686,0.32318058591433546,-0.6926963385275936,-0.8781121553789248,0.2977802881533833,-0.6926963385275936,-0.5516860266843092,1.2736332120364091,-0.894742721683588,-0.475751679955853,1.2990335097973613,-0.894742721683588,-0.8021778086504686,0.32318058591433546,-0.894742721683588,-0.8781121553789248,0.2977802881533833,-0.894742721683588,-0.5516860266843092 0.0058371164
2 1.4964311716794132,-0.880083734177742,0.09839529262599866,1.5031151465627424,-0.880083734177742,-0.2475725058405056,0.7094797494173886,-0.880083734177742,-0.2629052595954887,0.7027957745340594,-0.880083734177742,0.08306253887101556,1.4964311716794132,-1.063644474364128,0.09839529262599866,1.5031151465627424,-1.063644474364128,-0.2475725058405056,0.7094797494173886,-1.063644474364128,-0.2629052595954887,0.7027957745340594,-1.063644474364128,0.08306253887101556 0.0038175117
2 0.7444744151119305,-0.6183234090853309,-0.22313049683430852,0.7727372643243235,-0.6183234090853309,-0.6079374636784713,0.3430805165286945,-0.6183234090853309,-0.6394943868174249,0.3148176673163014,-0.6183234090853309,-0.25468741997326205,0.7444744151119305,-1.16113773631567,-0.22313049683430852,0.7727372643243235,-1.16113773631567,-0.6079374636784713,0.3430805165286945,-1.16113773631567,-0.6394943868174249,0.3148176673163014,-1.16113773631567,-0.25468741997326205 0.009306684
2 2.1518790459285917,-0.6915867496363258,-0.005272628090904674,2.1942110748519394,-0.6915867496363258,-0.40915081048435087,1.055200603042966,-0.6915867496363258,-0.5285348880071178,1.0128685741196182,-0.6915867496363258,-0.12465670561367159,2.1518790459285917,-0.9028144907124901,-0.005272628090904674,2.1942110748519394,-0.9028144907124901,-0.40915081048435087,1.055200603042966,-0.9028144907124901,-0.5285348880071178,1.0128685741196182,-0.9028144907124901,-0.12465670561367159 0.008286721
2 0.39512830842008656,0.2389496248134041,0.06023403888350892,0.4403458710130648,0.2389496248134041,-0.3540838309108342,-0.2679586248444564,0.2389496248134041,-0.43138632064467836,-0.31317618743743464,0.2389496248134041,-0.01706845085033523,0.39512830842008656,-0.023478178299274455,0.06023403888350892,0.4403458710130648,-0.023478178299274455,-0.3540838309108342,-0.2679586248444564,-0.023478178299274455,-0.43138632064467836,-0.31317618743743464,-0.023478178299274455,-0.01706845085033523 0.01140752
2 0.8818348824253851,0.5525034246098424,-0.4038627744244552,0.9003295509558682,0.5525034246098424,-0.6489860916320284,0.5279034198054499,0.5525034246098424,-0.6770858168078446,0.5094087512749668,0.5525034246098424,-0.43196249960027144,0.8818348824253851,-0.2865963158261204,-0.4038627744244552,0.9003295509558682,-0.2865963158261204,-0.6489860916320284,0.5279034198054499,-0.2865963158261204,-0.6770858168078446,0.5094087512749668,-0.2865963158261204,-0.43196249960027144 0.006793947
2 1.2706821267936148,-0.22724992549860834,0.01943752264039067,1.3155974929119123,-0.22724992549860834,-0.3436962297121151,0.9318363363411507,-0.22724992549860834,-0.39116296266572026,0.8869209702228534,-0.22724992549860834,-0.028029210313214453,1.2706821267936148,-0.45814412319218756,0.01943752264039067,1.3155974929119123,-0.45814412319218756,-0.3436962297121151,0.9318363363411507,-0.45814412319218756,-0.39116296266572026,0.8869209702228534,-0.45814412319218756,-0.028029210313214453 0.0074795173
2 2.0707088285281414,-0.4184642341069317,-0.5056319069096213,2.101537396167687,-0.4184642341069317,-0.833510669548666,1.1823658174679523,-0.4184642341069317,-0.9199351239970559,1.1515372498284067,-0.4184642341069317,-0.5920563613580112,2.0707088285281414,-0.6805414650507832,-0.5056319069096213,2.101537396167687,-0.6805414650507832,-0.833510669548666,1.1823658174679523,-0.6805414650507832,-0.9199351239970559,1.1515372498284067,-0.6805414650507832,-0.5920563613580112 0.007612651
2 1.7878731792893707,-0.6040777313459491,0.1434417743667856,1.8106633834583317,-0.6040777313459491,-0.054287832525962296,1.4361289435896576,-0.6040777313459491,-0.09745646309702546,1.4133387394206967,-0.6040777313459491,0.10027314379572243,1.7878731792893707,-1.2497585666429425,0.1434417743667856,1.8106633834583317,-1.2497585666429425,-0.054287832525962296,1.4361289435896576,-1.2497585666429425,-0.09745646309702546,1.4133387394206967,-1.2497585666429425,0.10027314379572243 0.009865169
3 1.2736332120364091,-0.6926963385275936,-0.475751679955853,1.2990335097973613,-0.6926963385275936,-0.8021778086504686,0.32318058591433546,-0.6926963385275936,-0.8781121553789248,0.2977802881533833,-0.6926963385275936,-0.5516860266843092,1.2736332120364091,-0.894742721683588,-0.475751679955853,1.2990335097973613,-0.894742721683588,-0.8021778086504686,0.32318058591433546,-0.894742721683588,-0.8781121553789248,0.2977802881533833,-0.894742721683588,-0.5516860266843092 0.00486762
3 1.4964311716794132,-0.880083734177742,0.09839529262599866,1.5031151465627424,-0.880083734177742,-0.2475725058405056,0.7094797494173886,-0.880083734177742,-0.2629052595954887,0.7027957745340594,-0.880083734177742,0.08306253887101556,1.4964311716794132,-1.063644474364128,0.09839529262599866,1.5031151465627424,-1.063644474364128,-0.2475725058405056,0.7094797494173886,-1.063644474364128,-0.2629052595954887,0.7027957745340594,-1.063644474364128,0.08306253887101556 0.0028739804
3 0.7444744151119305,-0.6183234090853309,-0.22313049683430852,0.7727372643243235,-0.6183234090853309,-0.6079374636784713,0.3430805165286945,-0.6183234090853309,-0.6394943868174249,0.3148176673163014,-0.6183234090853309,-0.25468741997326205,0.7444744151119305,-1.16113773631567,-0.22313049683430852,0.7727372643243235,-1.16113773631567,-0.6079374636784713,0.3430805165286945,-1.16113773631567,-0.6394943868174249,0.3148176673163014,-1.16113773631567,-0.25468741997326205 0.004663812
3 2.1518790459285917,-0.6915867496363258,-0.005272628090904674,2.1942110748519394,-0.6915867496363258,-0.40915081048435087,1.055200603042966,-0.6915867496363258,-0.5285348880071178,1.0128685741196182,-0.6915867496363258,-0.12465670561367159,2.1518790459285917,-0.9028144907124901,-0.005272628090904674,2.1942110748519394,-0.9028144907124901,-0.40915081048435087,1.055200603042966,-0.9028144907124901,-0.5285348880071178,1.0128685741196182,-0.9028144907124901,-0.12465670561367159 0.004315669
3 0.39512830842008656,0.2389496248134041,0.06023403888350892,0.4403458710130648,0.2389496248134041,-0.3540838309108342,-0.2679586248444564,0.2389496248134041,-0.43138632064467836,-0.31317618743743464,0.2389496248134041,-0.01706845085033523,0.39512830842008656,-0.023478178299274455,0.06023403888350892,0.4403458710130648,-0.023478178299274455,-0.3540838309108342,-0.2679586248444564,-0.023478178299274455,-0.43138632064467836,-0.31317618743743464,-0.023478178299274455,-0.01706845085033523 0.005688003
3 0.8818348824253851,0.5525034246098424,-0.4038627744244552,0.9003295509558682,0.5525034246098424,-0.6489860916320284,0.5279034198054499,0.5525034246098424,-0.6770858168078446,0.5094087512749668,0.5525034246098424,-0.43196249960027144,0.8818348824253851,-0.2865963158261204,-0.4038627744244552,0.9003295509558682,-0.2865963158261204,-0.6489860916320284,0.5279034198054499,-0.2865963158261204,-0.6770858168078446,0.5094087512749668,-0.2865963158261204,-0.43196249960027144 0.0034208554
3 1.2706821267936148,-0.22724992549860834,0.01943752264039067,1.3155974929119123,-0.22724992549860834,-0.3436962297121151,0.9318363363411507,-0.22724992549860834,-0.39116296266572026,0.8869209702228534,-0.22724992549860834,-0.028029210313214453,1.2706821267936148,-0.45814412319218756,0.01943752264039067,1.3155974929119123,-0.45814412319218756,-0.3436962297121151,0.9318363363411507,-0.45814412319218756,-0.39116296266572026,0.8869209702228534,-0.45814412319218756,-0.028029210313214453 0.0052661872
3 2.0707088285281414,-0.4184642341069317,-0.5056319069096213,2.101537396167687,-0.4184642341069317,-0.833510669548666,1.1823658174679523,-0.4184642341069317,-0.9199351239970559,1.1515372498284067,-0.4184642341069317,-0.5920563613580112,2.0707088285281414,-0.6805414650507832,-0.5056319069096213,2.101537396167687,-0.6805414650507832,-0.833510669548666,1.1823658174679523,-0.6805414650507832,-0.9199351239970559,1.1515372498284067,-0.6805414650507832,-0.5920563613580112 0.0059474856
3 1.7878731792893707,-0.6040777313459491,0.1434417743667856,1.8106633834583317,-0.6040777313459491,-0.054287832525962296,1.4361289435896576,-0.6040777313459491,-0.09745646309702546,1.4133387394206967,-0.6040777313459491,0.10027314379572243,1.7878731792893707,-1.2497585666429425,0.1434417743667856,1.8106633834583317,-1.2497585666429425,-0.054287832525962296,1.4361289435896576,-1.2497585666429425,-0.09745646309702546,1.4133387394206967,-1.2497585666429425,0.10027314379572243 0.0048869215
4 1.2736332120364091,-0.6926963385275936,-0.475751679955853,1.2990335097973613,-0.6926963385275936,-0.8021778086504686,0.32318058591433546,-0.6926963385275936,-0.8781121553789248,0.2977802881533833,-0.6926963385275936,-0.5516860266843092,1.2736332120364091,-0.894742721683588,-0.475751679955853,1.2990335097973613,-0.894742721683588,-0.8021778086504686,0.32318058591433546,-0.894742721683588,-0.8781121553789248,0.2977802881533833,-0.894742721683588,-0.5516860266843092 0.0032245677
4 1.4964311716794132,-0.880083734177742,0.09839529262599866,1.5031151465627424,-0.880083734177742,-0.2475725058405056,0.7094797494173886,-0.880083734177742,-0.2629052595954887,0.7027957745340594,-0.880083734177742,0.08306253887101556,1.4964311716794132,-1.063644474364128,0.09839529262599866,1.5031151465627424,-1.063644474364128,-0.2475725058405056,0.7094797494173886,-1.063644474364128,-0.2629052595954887,0.7027957745340594,-1.063644474364128,0.08306253887101556 0.0021128068
4 0.7444744151119305,-0.6183234090853309,-0.22313049683430852,0.7727372643243235,-0.6183234090853309,-0.6079374636784713,0.3430805165286945,-0.6183234090853309,-0.6394943868174249,0.3148176673163014,-0.6183234090853309,-0.25468741997326205,0.7444744151119305,-1.16113773631567,-0.22313049683430852,0.7727372643243235,-1.16113773631567,-0.6079374636784713,0.3430805165286945,-1.16113773631567,-0.6394943868174249,0.3148176673163014,-1.16113773631567,-0.25468741997326205 0.0042577395
4 2.1518790459285917,-0.6915867496363258,-0.005272628090904674,2.1942110748519394,-0.6915867496363258,-0.40915081048435087,1.055200603042966,-0.6915867496363258,-0.5285348880071178,1.0128685741196182,-0.6915867496363258,-0.12465670561367159,2.1518790459285917,-0.9028144907124901,-0.005272628090904674,2.1942110748519394,-0.9028144907124901,-0.40915081048435087,1.055200603042966,-0.9028144907124901,-0.5285348880071178,1.0128685741196182,-0.9028144907124901,-0.12465670561367159 0.003227991
4 0.39512830842008656,0.2389496248134041,0.06023403888350892,0.4403458710130648,0.2389496248134041,-0.3540838309108342,-0.2679586248444564,0.2389496248134041,-0.43138632064467836,-0.31317618743743464,0.2389496248134041,-0.01706845085033523,0.39512830842008656,-0.023478178299274455,0.06023403888350892,0.4403458710130648,-0.023478178299274455,-0.3540838309108342,-0.2679586248444564,-0.023478178299274455,-0.43138632064467836,-0.31317618743743464,-0.023478178299274455,-0.01706845085033523 0.0061057094
4 0.8818348824253851,0.5525034246098424,-0.4038627744244552,0.9003295509558682,0.5525034246098424,-0.6489860916320284,0.5279034198054499,0.5525034246098424,-0.6770858168078446,0.5094087512749668,0.5525034246098424,-0.43196249960027144,0.8818348824253851,-0.2865963158261204,-0.4038627744244552,0.9003295509558682,-0.2865963158261204,-0.6489860916320284,0.5279034198054499,-0.2865963158261204,-0.6770858168078446,0.5094087512749668,-0.2865963158261204,-0.43196249960027144 0.0061523165
4 1.2706821267936148,-0.22724992549860834,0.01943752264039067,1.3155974929119123,-0.22724992549860834,-0.3436962297121151,0.9318363363411507,-0.22724992549860834,-0.39116296266572026,0.8869209702228534,-0.22724992549860834,-0.028029210313214453,1.2706821267936148,-0.45814412319218756,0.01943752264039067,1.3155974929119123,-0.45814412319218756,-0.3436962297121151,0.9318363363411507,-0.45814412319218756,-0.39116296266572026,0.8869209702228534,-0.45814412319218756,-0.028029210313214453 0.003880536
4 2.0707088285281414,-0.4184642341069317,-0.5056319069096213,2.101537396167687,-0.4184642341069317,-0.833510669548666,1.1823658174679523,-0.4184642341069317,-0.9199351239970559,1.1515372498284067,-0.4184642341069317,-0.5920563613580112,2.0707088285281414,-0.6805414650507832,-0.5056319069096213,2.101537396167687,-0.6805414650507832,-0.833510669548666,1.1823658174679523,-0.6805414650507832,-0.9199351239970559,1.1515372498284067,-0.6805414650507832,-0.5920563613580112 0.0034514123
4 1.7878731792893707,-0.6040777313459491,0.1434417743667856,1.8106633834583317,-0.6040777313459491,-0.054287832525962296,1.4361289435896576,-0.6040777313459491,-0.09745646309702546,1.4133387394206967,-0.6040777313459491,0.10027314379572243,1.7878731792893707,-1.2497585666429425,0.1434417743667856,1.8106633834583317,-1.2497585666429425,-0.054287832525962296,1.4361289435896576,-1.2497585666429425,-0.09745646309702546,1.4133387394206967,-1.2497585666429425,0.10027314379572243 0.0046528378
5 1.2736332120364091,-0.6926963385275936,-0.475751679955853,1.2990335097973613,-0.6926963385275936,-0.8021778086504686,0.32318058591433546,-0.6926963385275936,-0.8781121553789248,0.2977802881533833,-0.6926963385275936,-0.5516860266843092,1.2736332120364091,-0.894742721683588,-0.475751679955853,1.2990335097973613,-0.894742721683588,-0.8021778086504686,0.32318058591433546,-0.894742721683588,-0.8781121553789248,0.2977802881533833,-0.894742721683588,-0.5516860266843092 0.010705584
5 1.4964311716794132,-0.880083734177742,0.09839529262599866,1.5031151465627424,-0.880083734177742,-0.2475725058405056,0.7094797494173886,-0.880083734177742,-0.2629052595954887,0.7027957745340594,-0.880083734177742,0.08306253887101556,1.4964311716794132,-1.063644474364128,0.09839529262599866,1.5031151465627424,-1.063644474364128,-0.2475725058405056,0.7094797494173886,-1.063644474364128,-0.2629052595954887,0.7027957745340594,-1.063644474364128,0.08306253887101556 0.008332073
5 0.7444744151119305,-0.6183234090853309,-0.22313049683430852,0.7727372643243235,-0.6183234090853309,-0.6079374636784713,0.3430805165286945,-0.6183234090853309,-0.6394943868174249,0.3148176673163014,-0.6183234090853309,-0.25468741997326205,0.7444744151119305,-1.16113773631567,-0.22313049683430852,0.7727372643243235,-1.16113773631567,-0.6079374636784713,0.3430805165286945,-1.16113773631567,-0.6394943868174249,0.3148176673163014,-1.16113773631567,-0.25468741997326205 0.01169166
5 2.1518790459285917,-0.6915867496363258,-0.005272628090904674,2.1942110748519394,-0.6915867496363258,-0.40915081048435087,1.055200603042966,-0.6915867496363258,-0.5285348880071178,1.0128685741196182,-0.6915867496363258,-0.12465670561367159,2.1518790459285917,-0.9028144907124901,-0.005272628090904674,2.1942110748519394,-0.9028144907124901,-0.40915081048435087,1.055200603042966,-0.9028144907124901,-0.5285348880071178,1.0128685741196182,-0.9028144907124901,-0.12465670561367159 0.01209618
5 0.39512830842008656,0.2389496248134041,0.06023403888350892,0.4403458710130648,0.2389496248134041,-0.3540838309108342,-0.2679586248444564,0.2389496248134041,-0.43138632064467836,-0.31317618743743464,0.2389496248134041,-0.01706845085033523,0.39512830842008656,-0.023478178299274455,0.06023403888350892,0.4403458710130648,-0.023478178299274455,-0.3540838309108342,-0.2679586248444564,-0.023478178299274455,-0.43138632064467836,-0.31317618743743464,-0.023478178299274455,-0.01706845085033523 0.014831144
5 0.8818348824253851,0.5525034246098424,-0.4038627744244552,0.9003295509558682,0.5525034246098424,-0.6489860916320284,0.5279034198054499,0.5525034246098424,-0.6770858168078446,0.5094087512749668,0.5525034246098424,-0.43196249960027144,0.8818348824253851,-0.2865963158261204,-0.4038627744244552,0.9003295509558682,-0.2865963158261204,-0.6489860916320284,0.5279034198054499,-0.2865963158261204,-0.6770858168078446,0.5094087512749668,-0.2865963158261204,-0.43196249960027144 0.008979677
5 1.2706821267936148,-0.22724992549860834,0.01943752264039067,1.3155974929119123,-0.22724992549860834,-0.3436962297121151,0.9318363363411507,-0.22724992549860834,-0.39116296266572026,0.8869209702228534,-0.22724992549860834,-0.028029210313214453,1.2706821267936148,-0.45814412319218756,0.01943752264039067,1.3155974929119123,-0.45814412319218756,-0.3436962297121151,0.9318363363411507,-0.45814412319218756,-0.39116296266572026,0.8869209702228534,-0.45814412319218756,-0.028029210313214453 0.011289827
5 2.0707088285281414,-0.4184642341069317,-0.5056319069096213,2.101537396167687,-0.4184642341069317,-0.833510669548666,1.1823658174679523,-0.4184642341069317,-0.9199351239970559,1.1515372498284067,-0.4184642341069317,-0.5920563613580112,2.0707088285281414,-0.6805414650507832,-0.5056319069096213,2.101537396167687,-0.6805414650507832,-0.833510669548666,1.1823658174679523,-0.6805414650507832,-0.9199351239970559,1.1515372498284067,-0.6805414650507832,-0.5920563613580112 0.014565133
5 1.7878731792893707,-0.6040777313459491,0.1434417743667856,1.8106633834583317,-0.6040777313459491,-0.054287832525962296,1.4361289435896576,-0.6040777313459491,-0.09745646309702546,1.4133387394206967,-0.6040777313459491,0.10027314379572243,1.7878731792893707,-1.2497585666429425,0.1434417743667856,1.8106633834583317,-1.2497585666429425,-0.054287832525962296,1.4361289435896576,-1.2497585666429425,-0.09745646309702546,1.4133387394206967,-1.2497585666429425,0.10027314379572243 0.015445787
6 1.2736332120364091,-0.6926963385275936,-0.475751679955853,1.2990335097973613,-0.6926963385275936,-0.8021778086504686,0.32318058591433546,-0.6926963385275936,-0.8781121553789248,0.2977802881533833,-0.6926963385275936,-0.5516860266843092,1.2736332120364091,-0.894742721683588,-0.475751679955853,1.2990335097973613,-0.894742721683588,-0.8021778086504686,0.32318058591433546,-0.894742721683588,-0.8781121553789248,0.2977802881533833,-0.894742721683588,-0.5516860266843092 0.00344714
6 1.4964311716794132,-0.880083734177742,0.09839529262599866,1.5031151465627424,-0.880083734177742,-0.2475725058405056,0.7094797494173886,-0.880083734177742,-0.2629052595954887,0.7027957745340594,-0.880083734177742,0.08306253887101556,1.4964311716794132,-1.063644474364128,0.09839529262599866,1.5031151465627424,-1.063644474364128,-0.2475725058405056,0.7094797494173886,-1.063644474364128,-0.2629052595954887,0.7027957745340594,-1.063644474364128,0.08306253887101556 0.003114628
6 0.7444744151119305,-0.6183234090853309,-0.22313049683430852,0.7727372643243235,-0.6183234090853309,-0.6079374636784713,0.3430805165286945,-0.6183234090853309,-0.6394943868174249,0.3148176673163014,-0.6183234090853309,-0.25468741997326205,0.7444744151119305,-1.16113773631567,-0.22313049683430852,0.7727372643243235,-1.16113773631567,-0.6079374636784713,0.3430805165286945,-1.16113773631567,-0.6394943868174249,0.3148176673163014,-1.16113773631567,-0.25468741997326205 0.0042779394
6 2.1518790459285917,-0.6915867496363258,-0.005272628090904674,2.1942110748519394,-0.6915867496363258,-0.40915081048435087,1.055200603042966,-0.6915867496363258,-0.5285348880071178,1.0128685741196182,-0.6915867496363258,-0.12465670561367159,2.1518790459285917,-0.9028144907124901,-0.005272628090904674,2.1942110748519394,-0.9028144907124901,-0.40915081048435087,1.055200603042966,-0.9028144907124901,-0.5285348880071178,1.0128685741196182,-0.9028144907124901,-0.12465670561367159 0.0036343953
6 0.39512830842008656,0.2389496248134041,0.06023403888350892,0.4403458710130648,0.2389496248134041,-0.3540838309108342,-0.2679586248444564,0.2389496248134041,-0.43138632064467836,-0.31317618743743464,0.2389496248134041,-0.01706845085033523,0.39512830842008656,-0.023478178299274455,0.06023403888350892,0.4403458710130648,-0.023478178299274455,-0.3540838309108342,-0.2679586248444564,-0.023478178299274455,-0.43138632064467836,-0.31317618743743464,-0.023478178299274455,-0.01706845085033523 0.005227967
6 0.8818348824253851,0.5525034246098424,-0.4038627744244552,0.9003295509558682,0.5525034246098424,-0.6489860916320284,0.5279034198054499,0.5525034246098424,-0.6770858168078446,0.5094087512749668,0.5525034246098424,-0.43196249960027144,0.8818348824253851,-0.2865963158261204,-0.4038627744244552,0.9003295509558682,-0.2865963158261204,-0.6489860916320284,0.5279034198054499,-0.2865963158261204,-0.6770858168078446,0.5094087512749668,-0.2865963158261204,-0.43196249960027144 0.00302517
6 1.2706821267936148,-0.22724992549860834,0.01943752264039067,1.3155974929119123,-0.22724992549860834,-0.3436962297121151,0.9318363363411507,-0.22724992549860834,-0.39116296266572026,0.8869209702228534,-0.22724992549860834,-0.028029210313214453,1.2706821267936148,-0.45814412319218756,0.01943752264039067,1.3155974929119123,-0.45814412319218756,-0.3436962297121151,0.9318363363411507,-0.45814412319218756,-0.39116296266572026,0.8869209702228534,-0.45814412319218756,-0.028029210313214453 0.004338046
6 2.0707088285281414,-0.4184642341069317,-0.5056319069096213,2.101537396167687,-0.4184642341069317,-0.833510669548666,1.1823658174679523,-0.4184642341069317,-0.9199351239970559,1.1515372498284067,-0.4184642341069317,-0.5920563613580112,2.0707088285281414,-0.6805414650507832,-0.5056319069096213,2.101537396167687,-0.6805414650507832,-0.833510669548666,1.1823658174679523,-0.6805414650507832,-0.9199351239970559,1.1515372498284067,-0.6805414650507832,-0.5920563613580112 0.004204636
6 1.7878731792893707,-0.6040777313459491,0.1434417743667856,1.8106633834583317,-0.6040777313459491,-0.054287832525962296,1.4361289435896576,-0.6040777313459491,-0.09745646309702546,1.4133387394206967,-0.6040777313459491,0.10027314379572243,1.7878731792893707,-1.2497585666429425,0.1434417743667856,1.8106633834583317,-1.2497585666429425,-0.054287832525962296,1.4361289435896576,-1.2497585666429425,-0.09745646309702546,1.4133387394206967,-1.2497585666429425,0.10027314379572243 0.005549584
7 1.2736332120364091,-0.6926963385275936,-0.475751679955853,1.2990335097973613,-0.6926963385275936,-0.8021778086504686,0.32318058591433546,-0.6926963385275936,-0.8781121553789248,0.2977802881533833,-0.6926963385275936,-0.5516860266843092,1.2736332120364091,-0.894742721683588,-0.475751679955853,1.2990335097973613,-0.894742721683588,-0.8021778086504686,0.32318058591433546,-0.894742721683588,-0.8781121553789248,0.2977802881533833,-0.894742721683588,-0.5516860266843092 0.0025231296
7 1.4964311716794132,-0.880083734177742,0.09839529262599866,1.5031151465627424,-0.880083734177742,-0.2475725058405056,0.7094797494173886,-0.880083734177742,-0.2629052595954887,0.7027957745340594,-0.880083734177742,0.08306253887101556,1.4964311716794132,-1.063644474364128,0.09839529262599866,1.5031151465627424,-1.063644474364128,-0.2475725058405056,0.7094797494173886,-1.063644474364128,-0.2629052595954887,0.7027957745340594,-1.063644474364128,0.08306253887101556 0.0018696869
7 0.7444744151119305,-0.6183234090853309,-0.22313049683430852,0.7727372643243235,-0.6183234090853309,-0.6079374636784713,0.3430805165286945,-0.6183234090853309,-0.6394943868174249,0.3148176673163014,-0.6183234090853309,-0.25468741997326205,0.7444744151119305,-1.16113773631567,-0.22313049683430852,0.7727372643243235,-1.16113773631567,-0.6079374636784713,0.3430805165286945,-1.16113773631567,-0.6394943868174249,0.3148176673163014,-1.16113773631567,-0.25468741997326205 0.0026221983
7 2.1518790459285917,-0.6915867496363258,-0.005272628090904674,2.1942110748519394,-0.6915867496363258,-0.40915081048435087,1.055200603042966,-0.6915867496363258,-0.5285348880071178,1.0128685741196182,-0.6915867496363258,-0.12465670561367159,2.1518790459285917,-0.9028144907124901,-0.005272628090904674,2.1942110748519394,-0.9028144907124901,-0.40915081048435087,1.055200603042966,-0.9028144907124901,-0.5285348880071178,1.0128685741196182,-0.9028144907124901,-0.12465670561367159 0.0025585545
7 0.39512830842008656,0.2389496248134041,0.06023403888350892,0.4403458710130648,0.2389496248134041,-0.3540838309108342,-0.2679586248444564,0.2389496248134041,-0.43138632064467836,-0.31317618743743464,0.2389496248134041,-0.01706845085033523,0.39512830842008656,-0.023478178299274455,0.06023403888350892,0.4403458710130648,-0.023478178299274455,-0.3540838309108342,-0.2679586248444564,-0.023478178299274455,-0.43138632064467836,-0.31317618743743464,-0.023478178299274455,-0.01706845085033523 0.004149522
7 0.8818348824253851,0.5525034246098424,-0.4038627744244552,0.9003295509558682,0.5525034246098424,-0.6489860916320284,0.5279034198054499,0.5525034246098424,-0.6770858168078446,0.5094087512749668,0.5525034246098424,-0.43196249960027144,0.8818348824253851,-0.2865963158261204,-0.4038627744244552,0.9003295509558682,-0.2865963158261204,-0.6489860916320284,0.5279034198054499,-0.2865963158261204,-0.6770858168078446,0.5094087512749668,-0.2865963158261204,-0.43196249960027144 0.0019423481
7 1.2706821267936148,-0.22724992549860834,0.01943752264039067,1.3155974929119123,-0.22724992549860834,-0.3436962297121151,0.9318363363411507,-0.22724992549860834,-0.39116296266572026,0.8869209702228534,-0.22724992549860834,-0.028029210313214453,1.2706821267936148,-0.45814412319218756,0.01943752264039067,1.3155974929119123,-0.45814412319218756,-0.3436962297121151,0.9318363363411507,-0.45814412319218756,-0.39116296266572026,0.8869209702228534,-0.45814412319218756,-0.028029210313214453 0.0031288846
7 2.0707088285281414,-0.4184642341069317,-0.5056319069096213,2.101537396167687,-0.4184642341069317,-0.833510669548666,1.1823658174679523,-0.4184642341069317,-0.9199351239970559,1.1515372498284067,-0.4184642341069317,-0.5920563613580112,2.0707088285281414,-0.6805414650507832,-0.5056319069096213,2.101537396167687,-0.6805414650507832,-0.833510669548666,1.1823658174679523,-0.6805414650507832,-0.9199351239970559,1.1515372498284067,-0.6805414650507832,-0.5920563613580112 0.003088942
7 1.7878731792893707,-0.6040777313459491,0.1434417743667856,1.8106633834583317,-0.6040777313459491,-0.054287832525962296,1.4361289435896576,-0.6040777313459491,-0.09745646309702546,1.4133387394206967,-0.6040777313459491,0.10027314379572243,1.7878731792893707,-1.2497585666429425,0.1434417743667856,1.8106633834583317,-1.2497585666429425,-0.054287832525962296,1.4361289435896576,-1.2497585666429425,-0.09745646309702546,1.4133387394206967,-1.2497585666429425,0.10027314379572243 0.0034218184
8 1.2736332120364091,-0.6926963385275936,-0.475751679955853,1.2990335097973613,-0.6926963385275936,-0.8021778086504686,0.32318058591433546,-0.6926963385275936,-0.8781121553789248,0.2977802881533833,-0.6926963385275936,-0.5516860266843092,1.2736332120364091,-0.894742721683588,-0.475751679955853,1.2990335097973613,-0.894742721683588,-0.8021778086504686,0.32318058591433546,-0.894742721683588,-0.8781121553789248,0.2977802881533833,-0.894742721683588,-0.5516860266843092 0.0034945223
8 1.4964311716794132,-0.880083734177742,0.09839529262599866,1.5031151465627424,-0.880083734177742,-0.2475725058405056,0.7094797494173886,-0.880083734177742,-0.2629052595954887,0.7027957745340594,-0.880083734177742,0.08306253887101556,1.4964311716794132,-1.063644474364128,0.09839529262599866,1.5031151465627424,-1.063644474364128,-0.2475725058405056,0.7094797494173886,-1.063644474364128,-0.2629052595954887,0.7027957745340594,-1.063644474364128,0.08306253887101556 0.002710671
8 0.7444744151119305,-0.6183234090853309,-0.22313049683430852,0.7727372643243235,-0.6183234090853309,-0.6079374636784713,0.3430805165286945,-0.6183234090853309,-0.6394943868174249,0.3148176673163014,-0.6183234090853309,-0.25468741997326205,0.7444744151119305,-1.16113773631567,-0.22313049683430852,0.7727372643243235,-1.16113773631567,-0.6079374636784713,0.3430805165286945,-1.16113773631567,-0.6394943868174249,0.3148176673163014,-1.16113773631567,-0.25468741997326205 0.0059011495
8 2.1518790459285917,-0.6915867496363258,-0.005272628090904674,2.1942110748519394,-0.6915867496363258,-0.40915081048435087,1.055200603042966,-0.6915867496363258,-0.5285348880071178,1.0128685741196182,-0.6915867496363258,-0.12465670561367159,2.1518790459285917,-0.9028144907124901,-0.005272628090904674,2.1942110748519394,-0.9028144907124901,-0.40915081048435087,1.055200603042966,-0.9028144907124901,-0.5285348880071178,1.0128685741196182,-0.9028144907124901,-0.12465670561367159 0.0049975095
8 0.39512830842008656,0.2389496248134041,0.06023403888350892,0.4403458710130648,0.2389496248134041,-0.3540838309108342,-0.2679586248444564,0.2389496248134041,-0.43138632064467836,-0.31317618743743464,0.2389496248134041,-0.01706845085033523,0.39512830842008656,-0.023478178299274455,0.06023403888350892,0.4403458710130648,-0.023478178299274455,-0.3540838309108342,-0.2679586248444564,-0.023478178299274455,-0.43138632064467836,-0.31317618743743464,-0.023478178299274455,-0.01706845085033523 0.007375818
8 0.8818348824253851,0.5525034246098424,-0.4038627744244552,0.9003295509558682,0.5525034246098424,-0.6489860916320284,0.5279034198054499,0.5525034246098424,-0.6770858168078446,0.5094087512749668,0.5525034246098424,-0.43196249960027144,0.8818348824253851,-0.2865963158261204,-0.4038627744244552,0.9003295509558682,-0.2865963158261204,-0.6489860916320284,0.5279034198054499,-0.2865963158261204,-0.6770858168078446,0.5094087512749668,-0.2865963158261204,-0.43196249960027144 0.004645398
8 1.2706821267936148,-0.22724992549860834,0.01943752264039067,1.3155974929119123,-0.22724992549860834,-0.3436962297121151,0.9318363363411507,-0.22724992549860834,-0.39116296266572026,0.8869209702228534,-0.22724992549860834,-0.028029210313214453,1.2706821267936148,-0.45814412319218756,0.01943752264039067,1.3155974929119123,-0.45814412319218756,-0.3436962297121151,0.9318363363411507,-0.45814412319218756,-0.39116296266572026,0.8869209702228534,-0.45814412319218756,-0.028029210313214453 0.0044312323
8 2.0707088285281414,-0.4184642341069317,-0.5056319069096213,2.101537396167687,-0.4184642341069317,-0.833510669548666,1.1823658174679523,-0.4184642341069317,-0.9199351239970559,1.1515372498284067,-0.4184642341069317,-0.5920563613580112,2.0707088285281414,-0.6805414650507832,-0.5056319069096213,2.101537396167687,-0.6805414650507832,-0.833510669548666,1.1823658174679523,-0.6805414650507832,-0.9199351239970559,1.1515372498284067,-0.6805414650507832,-0.5920563613580112 0.004287557
8 1.7878731792893707,-0.6040777313459491,0.1434417743667856,1.8106633834583317,-0.6040777313459491,-0.054287832525962296,1.4361289435896576,-0.6040777313459491,-0.09745646309702546,1.4133387394206967,-0.6040777313459491,0.10027314379572243,1.7878731792893707,-1.2497585666429425,0.1434417743667856,1.8106633834583317,-1.2497585666429425,-0.054287832525962296,1.4361289435896576,-1.2497585666429425,-0.09745646309702546,1.4133387394206967,-1.2497585666429425,0.10027314379572243 0.0053255493
9 1.2736332120364091,-0.6926963385275936,-0.475751679955853,1.2990335097973613,-0.6926963385275936,-0.8021778086504686,0.32318058591433546,-0.6926963385275936,-0.8781121553789248,0.2977802881533833,-0.6926963385275936,-0.5516860266843092,1.2736332120364091,-0.894742721683588,-0.475751679955853,1.2990335097973613,-0.894742721683588,-0.8021778086504686,0.32318058591433546,-0.894742721683588,-0.8781121553789248,0.2977802881533833,-0.894742721683588,-0.5516860266843092 0.010322883
9 1.4964311716794132,-0.880083734177742,0.09839529262599866,1.5031151465627424,-0.880083734177742,-0.2475725058405056,0.7094797494173886,-0.880083734177742,-0.2629052595954887,0.7027957745340594,-0.880083734177742,0.08306253887101556,1.4964311716794132,-1.063644474364128,0.09839529262599866,1.5031151465627424,-1.063644474364128,-0.2475725058405056,0.7094797494173886,-1.063644474364128,-0.2629052595954887,0.7027957745340594,-1.063644474364128,0.08306253887101556 0.004874354
9 0.7444744151119305,-0.6183234090853309,-0.22313049683430852,0.7727372643243235,-0.6183234090853309,-0.6079374636784713,0.3430805165286945,-0.6183234090853309,-0.6394943868174249,0.3148176673163014,-0.6183234090853309,-0.25468741997326205,0.7444744151119305,-1.16113773631567,-0.22313049683430852,0.7727372643243235,-1.16113773631567,-0.6079374636784713,0.3430805165286945,-1.16113773631567,-0.6394943868174249,0.3148176673163014,-1.16113773631567,-0.25468741997326205 0.009260198
9 2.1518790459285917,-0.6915867496363258,-0.005272628090904674,2.1942110748519394,-0.6915867496363258,-0.40915081048435087,1.055200603042966,-0.6915867496363258,-0.5285348880071178,1.0128685741196182,-0.6915867496363258,-0.12465670561367159,2.1518790459285917,-0.9028144907124901,-0.005272628090904674,2.1942110748519394,-0.9028144907124901,-0.40915081048435087,1.055200603042966,-0.9028144907124901,-0.5285348880071178,1.0128685741196182,-0.9028144907124901,-0.12465670561367159 0.007213205
9 0.39512830842008656,0.2389496248134041,0.06023403888350892,0.4403458710130648,0.2389496248134041,-0.3540838309108342,-0.2679586248444564,0.2389496248134041,-0.43138632064467836,-0.31317618743743464,0.2389496248134041,-0.01706845085033523,0.39512830842008656,-0.023478178299274455,0.06023403888350892,0.4403458710130648,-0.023478178299274455,-0.3540838309108342,-0.2679586248444564,-0.023478178299274455,-0.43138632064467836,-0.31317618743743464,-0.023478178299274455,-0.01706845085033523 0.013837876
9 0.8818348824253851,0.5525034246098424,-0.4038627744244552,0.9003295509558682,0.5525034246098424,-0.6489860916320284,0.5279034198054499,0.5525034246098424,-0.6770858168078446,0.5094087512749668,0.5525034246098424,-0.43196249960027144,0.8818348824253851,-0.2865963158261204,-0.4038627744244552,0.9003295509558682,-0.2865963158261204,-0.6489860916320284,0.5279034198054499,-0.2865963158261204,-0.6770858168078446,0.5094087512749668,-0.2865963158261204,-0.43196249960027144 0.010252668
9 1.2706821267936148,-0.22724992549860834,0.01943752264039067,1.3155974929119123,-0.22724992549860834,-0.3436962297121151,0.9318363363411507,-0.22724992549860834,-0.39116296266572026,0.8869209702228534,-0.22724992549860834,-0.028029210313214453,1.2706821267936148,-0.45814412319218756,0.01943752264039067,1.3155974929119123,-0.45814412319218756,-0.3436962297121151,0.9318363363411507,-0.45814412319218756,-0.39116296266572026,0.8869209702228534,-0.45814412319218756,-0.028029210313214453 0.010569833
9 2.0707088285281414,-0.4184642341069317,-0.5056319069096213,2.101537396167687,-0.4184642341069317,-0.833510669548666,1.1823658174679523,-0.4184642341069317,-0.9199351239970559,1.1515372498284067,-0.4184642341069317,-0.5920563613580112,2.0707088285281414,-0.6805414650507832,-0.5056319069096213,2.101537396167687,-0.6805414650507832,-0.833510669548666,1.1823658174679523,-0.6805414650507832,-0.9199351239970559,1.1515372498284067,-0.6805414650507832,-0.5920563613580112 0.012944469
9 1.7878731792893707,-0.6040777313459491,0.1434417743667856,1.8106633834583317,-0.6040777313459491,-0.054287832525962296,1.4361289435896576,-0.6040777313459491,-0.09745646309702546,1.4133387394206967,-0.6040777313459491,0.10027314379572243,1.7878731792893707,-1.2497585666429425,0.1434417743667856,1.8106633834583317,-1.2497585666429425,-0.054287832525962296,1.4361289435896576,-1.2497585666429425,-0.09745646309702546,1.4133387394206967,-1.2497585666429425,0.10027314379572243 0.011772524
