0 0.831434636047281,0.9034494887956047,-1.2480392437964274,0.8404147208372003,0.9034494887956047,-1.5462693207557967,-0.30143174402991646,0.9034494887956047,-1.5806517619103597,-0.31041182881983576,0.9034494887956047,-1.2824216849509904,0.831434636047281,0.8045523632399177,-1.2480392437964274,0.8404147208372003,0.8045523632399177,-1.5462693207557967,-0.30143174402991646,0.8045523632399177,-1.5806517619103597,-0.31041182881983576,0.8045523632399177,-1.2824216849509904 0.0055829175
0 -0.07106004859117265,0.6993135604926014,0.34344383224175135,-0.07548983686079669,0.6993135604926014,0.016077823817627762,-1.296328199852431,0.6993135604926014,0.032597729123376246,-1.2918984115828067,0.6993135604926014,0.3599637375474998,-0.07106004859117265,0.47254987620631217,0.34344383224175135,-0.07548983686079669,0.47254987620631217,0.016077823817627762,-1.296328199852431,0.47254987620631217,0.032597729123376246,-1.2918984115828067,0.47254987620631217,0.3599637375474998 0.0080519235
0 0.9433041368438061,1.550140013910141,0.6679182275358226,0.9515890766114251,1.550140013910141,0.2906878120843428,-0.10081197366250116,1.550140013910141,0.26757440723743176,-0.10909691343012018,1.550140013910141,0.6448048226889116,0.9433041368438061,1.369659313940201,0.6679182275358226,0.9515890766114251,1.369659313940201,0.2906878120843428,-0.10081197366250116,1.369659313940201,0.26757440723743176,-0.10909691343012018,1.369659313940201,0.6448048226889116 0.011454104
0 -0.06348468775016769,1.455437448100429,0.1313762618315055,-0.056181202019898735,1.455437448100429,-0.250585713114424,-1.219163041169815,1.455437448100429,-0.2728230608713462,-1.2264665269000843,1.455437448100429,0.10913891407458329,-0.06348468775016769,1.2055961822706647,0.1313762618315055,-0.056181202019898735,1.2055961822706647,-0.250585713114424,-1.219163041169815,1.2055961822706647,-0.2728230608713462,-1.2264665269000843,1.2055961822706647,0.10913891407458329 0.0093854815
0 -0.42325780296532645,1.0685877571732365,-1.2999199600108522,-0.41374251123704053,1.0685877571732365,-1.6514021051957133,-1.7202940235117243,1.0685877571732365,-1.6867729454151732,-1.7298093152400102,1.0685877571732365,-1.335290800230312,-0.42325780296532645,0.8351105679839289,-1.2999199600108522,-0.41374251123704053,0.8351105679839289,-1.6514021051957133,-1.7202940235117243,0.8351105679839289,-1.6867729454151732,-1.7298093152400102,0.8351105679839289,-1.335290800230312 0.010253386
0 0.364812446421087,1.6961468943100333,-0.3640232641456255,0.4014625219718665,1.6961468943100333,-0.9104166531610935,0.0017589203658697483,1.6961468943100333,-0.9372273128273358,-0.03489115518490973,1.6961468943100333,-0.3908339238118678,0.364812446421087,0.9581096879500985,-0.3640232641456255,0.4014625219718665,0.9581096879500985,-0.9104166531610935,0.0017589203658697483,0.9581096879500985,-0.9372273128273358,-0.03489115518490973,0.9581096879500985,-0.3908339238118678 0.009344629
0 0.4551616243339199,-0.5949401725164986,-0.8020360130418813,0.4519884548945315,-0.5949401725164986,-1.1823430213552202,-0.5105040601707118,-0.5949401725164986,-1.174312267864796,-0.5073308907313234,-0.5949401725164986,-0.7940052595514571,0.4551616243339199,-0.7067682873376274,-0.8020360130418813,0.4519884548945315,-0.7067682873376274,-1.1823430213552202,-0.5105040601707118,-0.7067682873376274,-1.174312267864796,-0.5073308907313234,-0.7067682873376274,-0.7940052595514571 0.0068837493
1 0.831434636047281,0.9034494887956047,-1.2480392437964274,0.8404147208372003,0.9034494887956047,-1.5462693207557967,-0.30143174402991646,0.9034494887956047,-1.5806517619103597,-0.31041182881983576,0.9034494887956047,-1.2824216849509904,0.831434636047281,0.8045523632399177,-1.2480392437964274,0.8404147208372003,0.8045523632399177,-1.5462693207557967,-0.30143174402991646,0.8045523632399177,-1.5806517619103597,-0.31041182881983576,0.8045523632399177,-1.2824216849509904 0.007961725
1 -0.07106004859117265,0.6993135604926014,0.34344383224175135,-0.07548983686079669,0.6993135604926014,0.016077823817627762,-1.296328199852431,0.6993135604926014,0.032597729123376246,-1.2918984115828067,0.6993135604926014,0.3599637375474998,-0.07106004859117265,0.47254987620631217,0.34344383224175135,-0.07548983686079669,0.47254987620631217,0.016077823817627762,-1.296328199852431,0.47254987620631217,0.032597729123376246,-1.2918984115828067,0.47254987620631217,0.3599637375474998 0.010870964
1 0.9433041368438061,1.550140013910141,0.6679182275358226,0.9515890766114251,1.550140013910141,0.2906878120843428,-0.10081197366250116,1.550140013910141,0.26757440723743176,-0.10909691343012018,1.550140013910141,0.6448048226889116,0.9433041368438061,1.369659313940201,0.6679182275358226,0.9515890766114251,1.369659313940201,0.2906878120843428,-0.10081197366250116,1.369659313940201,0.26757440723743176,-0.10909691343012018,1.369659313940201,0.6448048226889116 0.0102611575
1 -0.06348468775016769,1.455437448100429,0.1313762618315055,-0.056181202019898735,1.455437448100429,-0.250585713114424,-1.219163041169815,1.455437448100429,-0.2728230608713462,-1.2264665269000843,1.455437448100429,0.10913891407458329,-0.06348468775016769,1.2055961822706647,0.1313762618315055,-0.056181202019898735,1.2055961822706647,-0.250585713114424,-1.219163041169815,1.2055961822706647,-0.2728230608713462,-1.2264665269000843,1.2055961822706647,0.10913891407458329 0.009713089
1 -0.42325780296532645,1.0685877571732365,-1.2999199600108522,-0.41374251123704053,1.0685877571732365,-1.6514021051957133,-1.7202940235117243,1.0685877571732365,-1.6867729454151732,-1.7298093152400102,1.0685877571732365,-1.335290800230312,-0.42325780296532645,0.8351105679839289,-1.2999199600108522,-0.41374251123704053,0.8351105679839289,-1.6514021051957133,-1.7202940235117243,0.8351105679839289,-1.6867729454151732,-1.7298093152400102,0.8351105679839289,-1.335290800230312 0.011573178
1 0.364812446421087,1.6961468943100333,-0.3640232641456255,0.4014625219718665,1.6961468943100333,-0.9104166531610935,0.0017589203658697483,1.6961468943100333,-0.9372273128273358,-0.03489115518490973,1.6961468943100333,-0.3908339238118678,0.364812446421087,0.9581096879500985,-0.3640232641456255,0.4014625219718665,0.9581096879500985,-0.9104166531610935,0.0017589203658697483,0.9581096879500985,-0.9372273128273358,-0.03489115518490973,0.9581096879500985,-0.3908339238118678 0.010465195
1 0.4551616243339199,-0.5949401725164986,-0.8020360130418813,0.4519884548945315,-0.5949401725164986,-1.1823430213552202,-0.5105040601707118,-0.5949401725164986,-1.174312267864796,-0.5073308907313234,-0.5949401725164986,-0.7940052595514571,0.4551616243339199,-0.7067682873376274,-0.8020360130418813,0.4519884548945315,-0.7067682873376274,-1.1823430213552202,-0.5105040601707118,-0.7067682873376274,-1.174312267864796,-0.5073308907313234,-0.7067682873376274,-0.7940052595514571 0.009812051
2 0.831434636047281,0.9034494887956047,-1.2480392437964274,0.8404147208372003,0.9034494887956047,-1.5462693207557967,-0.30143174402991646,0.9034494887956047,-1.5806517619103597,-0.31041182881983576,0.9034494887956047,-1.2824216849509904,0.831434636047281,0.8045523632399177,-1.2480392437964274,0.8404147208372003,0.8045523632399177,-1.5462693207557967,-0.30143174402991646,0.8045523632399177,-1.5806517619103597,-0.31041182881983576,0.8045523632399177,-1.2824216849509904 0.008018047
2 -0.07106004859117265,0.6993135604926014,0.34344383224175135,-0.07548983686079669,0.6993135604926014,0.016077823817627762,-1.296328199852431,0.6993135604926014,0.032597729123376246,-1.2918984115828067,0.6993135604926014,0.3599637375474998,-0.07106004859117265,0.47254987620631217,0.34344383224175135,-0.07548983686079669,0.47254987620631217,0.016077823817627762,-1.296328199852431,0.47254987620631217,0.032597729123376246,-1.2918984115828067,0.47254987620631217,0.3599637375474998 0.005713539
2 0.9433041368438061,1.550140013910141,0.6679182275358226,0.9515890766114251,1.550140013910141,0.2906878120843428,-0.10081197366250116,1.550140013910141,0.26757440723743176,-0.10909691343012018,1.550140013910141,0.6448048226889116,0.9433041368438061,1.369659313940201,0.6679182275358226,0.9515890766114251,1.369659313940201,0.2906878120843428,-0.10081197366250116,1.369659313940201,0.26757440723743176,-0.10909691343012018,1.369659313940201,0.6448048226889116 0.010924213
2 -0.06348468775016769,1.455437448100429,0.1313762618315055,-0.056181202019898735,1.455437448100429,-0.250585713114424,-1.219163041169815,1.455437448100429,-0.2728230608713462,-1.2264665269000843,1.455437448100429,0.10913891407458329,-0.06348468775016769,1.2055961822706647,0.1313762618315055,-0.056181202019898735,1.2055961822706647,-0.250585713114424,-1.219163041169815,1.2055961822706647,-0.2728230608713462,-1.2264665269000843,1.2055961822706647,0.10913891407458329 0.008581057
2 -0.42325780296532645,1.0685877571732365,-1.2999199600108522,-0.41374251123704053,1.0685877571732365,-1.6514021051957133,-1.7202940235117243,1.0685877571732365,-1.6867729454151732,-1.7298093152400102,1.0685877571732365,-1.335290800230312,-0.42325780296532645,0.8351105679839289,-1.2999199600108522,-0.41374251123704053,0.8351105679839289,-1.6514021051957133,-1.7202940235117243,0.8351105679839289,-1.6867729454151732,-1.7298093152400102,0.8351105679839289,-1.335290800230312 0.01353394
2 0.364812446421087,1.6961468943100333,-0.3640232641456255,0.4014625219718665,1.6961468943100333,-0.9104166531610935,0.0017589203658697483,1.6961468943100333,-0.9372273128273358,-0.03489115518490973,1.6961468943100333,-0.3908339238118678,0.364812446421087,0.9581096879500985,-0.3640232641456255,0.4014625219718665,0.9581096879500985,-0.9104166531610935,0.0017589203658697483,0.9581096879500985,-0.9372273128273358,-0.03489115518490973,0.9581096879500985,-0.3908339238118678 0.0125238225
2 0.4551616243339199,-0.5949401725164986,-0.8020360130418813,0.4519884548945315,-0.5949401725164986,-1.1823430213552202,-0.5105040601707118,-0.5949401725164986,-1.174312267864796,-0.5073308907313234,-0.5949401725164986,-0.7940052595514571,0.4551616243339199,-0.7067682873376274,-0.8020360130418813,0.4519884548945315,-0.7067682873376274,-1.1823430213552202,-0.5105040601707118,-0.7067682873376274,-1.174312267864796,-0.5073308907313234,-0.7067682873376274,-0.7940052595514571 0.0104763545
3 0.831434636047281,0.9034494887956047,-1.2480392437964274,0.8404147208372003,0.9034494887956047,-1.5462693207557967,-0.30143174402991646,0.9034494887956047,-1.5806517619103597,-0.31041182881983576,0.9034494887956047,-1.2824216849509904,0.831434636047281,0.8045523632399177,-1.2480392437964274,0.8404147208372003,0.8045523632399177,-1.5462693207557967,-0.30143174402991646,0.8045523632399177,-1.5806517619103597,-0.31041182881983576,0.8045523632399177,-1.2824216849509904 0.004402159
3 -0.07106004859117265,0.6993135604926014,0.34344383224175135,-0.07548983686079669,0.6993135604926014,0.016077823817627762,-1.296328199852431,0.6993135604926014,0.032597729123376246,-1.2918984115828067,0.6993135604926014,0.3599637375474998,-0.07106004859117265,0.47254987620631217,0.34344383224175135,-0.07548983686079669,0.47254987620631217,0.016077823817627762,-1.296328199852431,0.47254987620631217,0.032597729123376246,-1.2918984115828067,0.47254987620631217,0.3599637375474998 0.0033084403
3 0.9433041368438061,1.550140013910141,0.6679182275358226,0.9515890766114251,1.550140013910141,0.2906878120843428,-0.10081197366250116,1.550140013910141,0.26757440723743176,-0.10909691343012018,1.550140013910141,0.6448048226889116,0.9433041368438061,1.369659313940201,0.6679182275358226,0.9515890766114251,1.369659313940201,0.2906878120843428,-0.10081197366250116,1.369659313940201,0.26757440723743176,-0.10909691343012018,1.369659313940201,0.6448048226889116 0.0061813197
3 -0.06348468775016769,1.455437448100429,0.1313762618315055,-0.056181202019898735,1.455437448100429,-0.250585713114424,-1.219163041169815,1.455437448100429,-0.2728230608713462,-1.2264665269000843,1.455437448100429,0.10913891407458329,-0.06348468775016769,1.2055961822706647,0.1313762618315055,-0.056181202019898735,1.2055961822706647,-0.250585713114424,-1.219163041169815,1.2055961822706647,-0.2728230608713462,-1.2264665269000843,1.2055961822706647,0.10913891407458329 0.0053418856
3 -0.42325780296532645,1.0685877571732365,-1.2999199600108522,-0.41374251123704053,1.0685877571732365,-1.6514021051957133,-1.7202940235117243,1.0685877571732365,-1.6867729454151732,-1.7298093152400102,1.0685877571732365,-1.335290800230312,-0.42325780296532645,0.8351105679839289,-1.2999199600108522,-0.41374251123704053,0.8351105679839289,-1.6514021051957133,-1.7202940235117243,0.8351105679839289,-1.6867729454151732,-1.7298093152400102,0.8351105679839289,-1.335290800230312 0.0067723454
3 0.364812446421087,1.6961468943100333,-0.3640232641456255,0.4014625219718665,1.6961468943100333,-0.9104166531610935,0.0017589203658697483,1.6961468943100333,-0.9372273128273358,-0.03489115518490973,1.6961468943100333,-0.3908339238118678,0.364812446421087,0.9581096879500985,-0.3640232641456255,0.4014625219718665,0.9581096879500985,-0.9104166531610935,0.0017589203658697483,0.9581096879500985,-0.9372273128273358,-0.03489115518490973,0.9581096879500985,-0.3908339238118678 0.0051761544
3 0.4551616243339199,-0.5949401725164986,-0.8020360130418813,0.4519884548945315,-0.5949401725164986,-1.1823430213552202,-0.5105040601707118,-0.5949401725164986,-1.174312267864796,-0.5073308907313234,-0.5949401725164986,-0.7940052595514571,0.4551616243339199,-0.7067682873376274,-0.8020360130418813,0.4519884548945315,-0.7067682873376274,-1.1823430213552202,-0.5105040601707118,-0.7067682873376274,-1.174312267864796,-0.5073308907313234,-0.7067682873376274,-0.7940052595514571 0.0070597343
4 0.831434636047281,0.9034494887956047,-1.2480392437964274,0.8404147208372003,0.9034494887956047,-1.5462693207557967,-0.30143174402991646,0.9034494887956047,-1.5806517619103597,-0.31041182881983576,0.9034494887956047,-1.2824216849509904,0.831434636047281,0.8045523632399177,-1.2480392437964274,0.8404147208372003,0.8045523632399177,-1.5462693207557967,-0.30143174402991646,0.8045523632399177,-1.5806517619103597,-0.31041182881983576,0.8045523632399177,-1.2824216849509904 0.003697263
4 -0.07106004859117265,0.6993135604926014,0.34344383224175135,-0.07548983686079669,0.6993135604926014,0.016077823817627762,-1.296328199852431,0.6993135604926014,0.032597729123376246,-1.2918984115828067,0.6993135604926014,0.3599637375474998,-0.07106004859117265,0.47254987620631217,0.34344383224175135,-0.07548983686079669,0.47254987620631217,0.016077823817627762,-1.296328199852431,0.47254987620631217,0.032597729123376246,-1.2918984115828067,0.47254987620631217,0.3599637375474998 0.0048176534
4 0.9433041368438061,1.550140013910141,0.6679182275358226,0.9515890766114251,1.550140013910141,0.2906878120843428,-0.10081197366250116,1.550140013910141,0.26757440723743176,-0.10909691343012018,1.550140013910141,0.6448048226889116,0.9433041368438061,1.369659313940201,0.6679182275358226,0.9515890766114251,1.369659313940201,0.2906878120843428,-0.10081197366250116,1.369659313940201,0.26757440723743176,-0.10909691343012018,1.369659313940201,0.6448048226889116 0.007910947
4 -0.06348468775016769,1.455437448100429,0.1313762618315055,-0.056181202019898735,1.455437448100429,-0.250585713114424,-1.219163041169815,1.455437448100429,-0.2728230608713462,-1.2264665269000843,1.455437448100429,0.10913891407458329,-0.06348468775016769,1.2055961822706647,0.1313762618315055,-0.056181202019898735,1.2055961822706647,-0.250585713114424,-1.219163041169815,1.2055961822706647,-0.2728230608713462,-1.2264665269000843,1.2055961822706647,0.10913891407458329 0.006930639
4 -0.42325780296532645,1.0685877571732365,-1.2999199600108522,-0.41374251123704053,1.0685877571732365,-1.6514021051957133,-1.7202940235117243,1.0685877571732365,-1.6867729454151732,-1.7298093152400102,1.0685877571732365,-1.335290800230312,-0.42325780296532645,0.8351105679839289,-1.2999199600108522,-0.41374251123704053,0.8351105679839289,-1.6514021051957133,-1.7202940235117243,0.8351105679839289,-1.6867729454151732,-1.7298093152400102,0.8351105679839289,-1.335290800230312 0.005555348
4 0.364812446421087,1.6961468943100333,-0.3640232641456255,0.4014625219718665,1.6961468943100333,-0.9104166531610935,0.0017589203658697483,1.6961468943100333,-0.9372273128273358,-0.03489115518490973,1.6961468943100333,-0.3908339238118678,0.364812446421087,0.9581096879500985,-0.3640232641456255,0.4014625219718665,0.9581096879500985,-0.9104166531610935,0.0017589203658697483,0.9581096879500985,-0.9372273128273358,-0.03489115518490973,0.9581096879500985,-0.3908339238118678 0.007315458
4 0.4551616243339199,-0.5949401725164986,-0.8020360130418813,0.4519884548945315,-0.5949401725164986,-1.1823430213552202,-0.5105040601707118,-0.5949401725164986,-1.174312267864796,-0.5073308907313234,-0.5949401725164986,-0.7940052595514571,0.4551616243339199,-0.7067682873376274,-0.8020360130418813,0.4519884548945315,-0.7067682873376274,-1.1823430213552202,-0.5105040601707118,-0.7067682873376274,-1.174312267864796,-0.5073308907313234,-0.7067682873376274,-0.7940052595514571 0.0069065103
5 0.831434636047281,0.9034494887956047,-1.2480392437964274,0.8404147208372003,0.9034494887956047,-1.5462693207557967,-0.30143174402991646,0.9034494887956047,-1.5806517619103597,-0.31041182881983576,0.9034494887956047,-1.2824216849509904,0.831434636047281,0.8045523632399177,-1.2480392437964274,0.8404147208372003,0.8045523632399177,-1.5462693207557967,-0.30143174402991646,0.8045523632399177,-1.5806517619103597,-0.31041182881983576,0.8045523632399177,-1.2824216849509904 0.00853549
5 -0.07106004859117265,0.6993135604926014,0.34344383224175135,-0.07548983686079669,0.6993135604926014,0.016077823817627762,-1.296328199852431,0.6993135604926014,0.032597729123376246,-1.2918984115828067,0.6993135604926014,0.3599637375474998,-0.07106004859117265,0.47254987620631217,0.34344383224175135,-0.07548983686079669,0.47254987620631217,0.016077823817627762,-1.296328199852431,0.47254987620631217,0.032597729123376246,-1.2918984115828067,0.47254987620631217,0.3599637375474998 0.008880666
5 0.9433041368438061,1.550140013910141,0.6679182275358226,0.9515890766114251,1.550140013910141,0.2906878120843428,-0.10081197366250116,1.550140013910141,0.26757440723743176,-0.10909691343012018,1.550140013910141,0.6448048226889116,0.9433041368438061,1.369659313940201,0.6679182275358226,0.9515890766114251,1.369659313940201,0.2906878120843428,-0.10081197366250116,1.369659313940201,0.26757440723743176,-0.10909691343012018,1.369659313940201,0.6448048226889116 0.015089536
5 -0.06348468775016769,1.455437448100429,0.1313762618315055,-0.056181202019898735,1.455437448100429,-0.250585713114424,-1.219163041169815,1.455437448100429,-0.2728230608713462,-1.2264665269000843,1.455437448100429,0.10913891407458329,-0.06348468775016769,1.2055961822706647,0.1313762618315055,-0.056181202019898735,1.2055961822706647,-0.250585713114424,-1.219163041169815,1.2055961822706647,-0.2728230608713462,-1.2264665269000843,1.2055961822706647,0.10913891407458329 0.011179458
5 -0.42325780296532645,1.0685877571732365,-1.2999199600108522,-0.41374251123704053,1.0685877571732365,-1.6514021051957133,-1.7202940235117243,1.0685877571732365,-1.6867729454151732,-1.7298093152400102,1.0685877571732365,-1.335290800230312,-0.42325780296532645,0.8351105679839289,-1.2999199600108522,-0.41374251123704053,0.8351105679839289,-1.6514021051957133,-1.7202940235117243,0.8351105679839289,-1.6867729454151732,-1.7298093152400102,0.8351105679839289,-1.335290800230312 0.013129355
5 0.364812446421087,1.6961468943100333,-0.3640232641456255,0.4014625219718665,1.6961468943100333,-0.9104166531610935,0.0017589203658697483,1.6961468943100333,-0.9372273128273358,-0.03489115518490973,1.6961468943100333,-0.3908339238118678,0.364812446421087,0.9581096879500985,-0.3640232641456255,0.4014625219718665,0.9581096879500985,-0.9104166531610935,0.0017589203658697483,0.9581096879500985,-0.9372273128273358,-0.03489115518490973,0.9581096879500985,-0.3908339238118678 0.014440974
5 0.4551616243339199,-0.5949401725164986,-0.8020360130418813,0.4519884548945315,-0.5949401725164986,-1.1823430213552202,-0.5105040601707118,-0.5949401725164986,-1.174312267864796,-0.5073308907313234,-0.5949401725164986,-0.7940052595514571,0.4551616243339199,-0.7067682873376274,-0.8020360130418813,0.4519884548945315,-0.7067682873376274,-1.1823430213552202,-0.5105040601707118,-0.7067682873376274,-1.174312267864796,-0.5073308907313234,-0.7067682873376274,-0.7940052595514571 0.013907762
6 0.831434636047281,0.9034494887956047,-1.2480392437964274,0.8404147208372003,0.9034494887956047,-1.5462693207557967,-0.30143174402991646,0.9034494887956047,-1.5806517619103597,-0.31041182881983576,0.9034494887956047,-1.2824216849509904,0.831434636047281,0.8045523632399177,-1.2480392437964274,0.8404147208372003,0.8045523632399177,-1.5462693207557967,-0.30143174402991646,0.8045523632399177,-1.5806517619103597,-0.31041182881983576,0.8045523632399177,-1.2824216849509904 0.0037927178
6 -0.07106004859117265,0.6993135604926014,0.34344383224175135,-0.07548983686079669,0.6993135604926014,0.016077823817627762,-1.296328199852431,0.6993135604926014,0.032597729123376246,-1.2918984115828067,0.6993135604926014,0.3599637375474998,-0.07106004859117265,0.47254987620631217,0.34344383224175135,-0.07548983686079669,0.47254987620631217,0.016077823817627762,-1.296328199852431,0.47254987620631217,0.032597729123376246,-1.2918984115828067,0.47254987620631217,0.3599637375474998 0.0036484308
6 0.9433041368438061,1.550140013910141,0.6679182275358226,0.9515890766114251,1.550140013910141,0.2906878120843428,-0.10081197366250116,1.550140013910141,0.26757440723743176,-0.10909691343012018,1.550140013910141,0.6448048226889116,0.9433041368438061,1.369659313940201,0.6679182275358226,0.9515890766114251,1.369659313940201,0.2906878120843428,-0.10081197366250116,1.369659313940201,0.26757440723743176,-0.10909691343012018,1.369659313940201,0.6448048226889116 0.0053363824
6 -0.06348468775016769,1.455437448100429,0.1313762618315055,-0.056181202019898735,1.455437448100429,-0.250585713114424,-1.219163041169815,1.455437448100429,-0.2728230608713462,-1.2264665269000843,1.455437448100429,0.10913891407458329,-0.06348468775016769,1.2055961822706647,0.1313762618315055,-0.056181202019898735,1.2055961822706647,-0.250585713114424,-1.219163041169815,1.2055961822706647,-0.2728230608713462,-1.2264665269000843,1.2055961822706647,0.10913891407458329 0.0065788925
6 -0.42325780296532645,1.0685877571732365,-1.2999199600108522,-0.41374251123704053,1.0685877571732365,-1.6514021051957133,-1.7202940235117243,1.0685877571732365,-1.6867729454151732,-1.7298093152400102,1.0685877571732365,-1.335290800230312,-0.42325780296532645,0.8351105679839289,-1.2999199600108522,-0.41374251123704053,0.8351105679839289,-1.6514021051957133,-1.7202940235117243,0.8351105679839289,-1.6867729454151732,-1.7298093152400102,0.8351105679839289,-1.335290800230312 0.0046437583
6 0.364812446421087,1.6961468943100333,-0.3640232641456255,0.4014625219718665,1.6961468943100333,-0.9104166531610935,0.0017589203658697483,1.6961468943100333,-0.9372273128273358,-0.03489115518490973,1.6961468943100333,-0.3908339238118678,0.364812446421087,0.9581096879500985,-0.3640232641456255,0.4014625219718665,0.9581096879500985,-0.9104166531610935,0.0017589203658697483,0.9581096879500985,-0.9372273128273358,-0.03489115518490973,0.9581096879500985,-0.3908339238118678 0.00600464
6 0.4551616243339199,-0.5949401725164986,-0.8020360130418813,0.4519884548945315,-0.5949401725164986,-1.1823430213552202,-0.5105040601707118,-0.5949401725164986,-1.174312267864796,-0.5073308907313234,-0.5949401725164986,-0.7940052595514571,0.4551616243339199,-0.7067682873376274,-0.8020360130418813,0.4519884548945315,-0.7067682873376274,-1.1823430213552202,-0.5105040601707118,-0.7067682873376274,-1.174312267864796,-0.5073308907313234,-0.7067682873376274,-0.7940052595514571 0.0058069252
7 0.831434636047281,0.9034494887956047,-1.2480392437964274,0.8404147208372003,0.9034494887956047,-1.5462693207557967,-0.30143174402991646,0.9034494887956047,-1.5806517619103597,-0.31041182881983576,0.9034494887956047,-1.2824216849509904,0.831434636047281,0.8045523632399177,-1.2480392437964274,0.8404147208372003,0.8045523632399177,-1.5462693207557967,-0.30143174402991646,0.8045523632399177,-1.5806517619103597,-0.31041182881983576,0.8045523632399177,-1.2824216849509904 0.0024564199
7 -0.07106004859117265,0.6993135604926014,0.34344383224175135,-0.07548983686079669,0.6993135604926014,0.016077823817627762,-1.296328199852431,0.6993135604926014,0.032597729123376246,-1.2918984115828067,0.6993135604926014,0.3599637375474998,-0.07106004859117265,0.47254987620631217,0.34344383224175135,-0.07548983686079669,0.47254987620631217,0.016077823817627762,-1.296328199852431,0.47254987620631217,0.032597729123376246,-1.2918984115828067,0.47254987620631217,0.3599637375474998 0.0034366974
7 0.9433041368438061,1.550140013910141,0.6679182275358226,0.9515890766114251,1.550140013910141,0.2906878120843428,-0.10081197366250116,1.550140013910141,0.26757440723743176,-0.10909691343012018,1.550140013910141,0.6448048226889116,0.9433041368438061,1.369659313940201,0.6679182275358226,0.9515890766114251,1.369659313940201,0.2906878120843428,-0.10081197366250116,1.369659313940201,0.26757440723743176,-0.10909691343012018,1.369659313940201,0.6448048226889116 0.0047356696
7 -0.06348468775016769,1.455437448100429,0.1313762618315055,-0.056181202019898735,1.455437448100429,-0.250585713114424,-1.219163041169815,1.455437448100429,-0.2728230608713462,-1.2264665269000843,1.455437448100429,0.10913891407458329,-0.06348468775016769,1.2055961822706647,0.1313762618315055,-0.056181202019898735,1.2055961822706647,-0.250585713114424,-1.219163041169815,1.2055961822706647,-0.2728230608713462,-1.2264665269000843,1.2055961822706647,0.10913891407458329 0.0049382416
7 -0.42325780296532645,1.0685877571732365,-1.2999199600108522,-0.41374251123704053,1.0685877571732365,-1.6514021051957133,-1.7202940235117243,1.0685877571732365,-1.6867729454151732,-1.7298093152400102,1.0685877571732365,-1.335290800230312,-0.42325780296532645,0.8351105679839289,-1.2999199600108522,-0.41374251123704053,0.8351105679839289,-1.6514021051957133,-1.7202940235117243,0.8351105679839289,-1.6867729454151732,-1.7298093152400102,0.8351105679839289,-1.335290800230312 0.003609866
7 0.364812446421087,1.6961468943100333,-0.3640232641456255,0.4014625219718665,1.6961468943100333,-0.9104166531610935,0.0017589203658697483,1.6961468943100333,-0.9372273128273358,-0.03489115518490973,1.6961468943100333,-0.3908339238118678,0.364812446421087,0.9581096879500985,-0.3640232641456255,0.4014625219718665,0.9581096879500985,-0.9104166531610935,0.0017589203658697483,0.9581096879500985,-0.9372273128273358,-0.03489115518490973,0.9581096879500985,-0.3908339238118678 0.0073251156
7 0.4551616243339199,-0.5949401725164986,-0.8020360130418813,0.4519884548945315,-0.5949401725164986,-1.1823430213552202,-0.5105040601707118,-0.5949401725164986,-1.174312267864796,-0.5073308907313234,-0.5949401725164986,-0.7940052595514571,0.4551616243339199,-0.7067682873376274,-0.8020360130418813,0.4519884548945315,-0.7067682873376274,-1.1823430213552202,-0.5105040601707118,-0.7067682873376274,-1.174312267864796,-0.5073308907313234,-0.7067682873376274,-0.7940052595514571 0.005825111
8 0.831434636047281,0.9034494887956047,-1.2480392437964274,0.8404147208372003,0.9034494887956047,-1.5462693207557967,-0.30143174402991646,0.9034494887956047,-1.5806517619103597,-0.31041182881983576,0.9034494887956047,-1.2824216849509904,0.831434636047281,0.8045523632399177,-1.2480392437964274,0.8404147208372003,0.8045523632399177,-1.5462693207557967,-0.30143174402991646,0.8045523632399177,-1.5806517619103597,-0.31041182881983576,0.8045523632399177,-1.2824216849509904 0.0040917327
8 -0.07106004859117265,0.6993135604926014,0.34344383224175135,-0.07548983686079669,0.6993135604926014,0.016077823817627762,-1.296328199852431,0.6993135604926014,0.032597729123376246,-1.2918984115828067,0.6993135604926014,0.3599637375474998,-0.07106004859117265,0.47254987620631217,0.34344383224175135,-0.07548983686079669,0.47254987620631217,0.016077823817627762,-1.296328199852431,0.47254987620631217,0.032597729123376246,-1.2918984115828067,0.47254987620631217,0.3599637375474998 0.0041681034
8 0.9433041368438061,1.550140013910141,0.6679182275358226,0.9515890766114251,1.550140013910141,0.2906878120843428,-0.10081197366250116,1.550140013910141,0.26757440723743176,-0.10909691343012018,1.550140013910141,0.6448048226889116,0.9433041368438061,1.369659313940201,0.6679182275358226,0.9515890766114251,1.369659313940201,0.2906878120843428,-0.10081197366250116,1.369659313940201,0.26757440723743176,-0.10909691343012018,1.369659313940201,0.6448048226889116 0.0068377173
8 -0.06348468775016769,1.455437448100429,0.1313762618315055,-0.056181202019898735,1.455437448100429,-0.250585713114424,-1.219163041169815,1.455437448100429,-0.2728230608713462,-1.2264665269000843,1.455437448100429,0.10913891407458329,-0.06348468775016769,1.2055961822706647,0.1313762618315055,-0.056181202019898735,1.2055961822706647,-0.250585713114424,-1.219163041169815,1.2055961822706647,-0.2728230608713462,-1.2264665269000843,1.2055961822706647,0.10913891407458329 0.007066271
8 -0.42325780296532645,1.0685877571732365,-1.2999199600108522,-0.41374251123704053,1.0685877571732365,-1.6514021051957133,-1.7202940235117243,1.0685877571732365,-1.6867729454151732,-1.7298093152400102,1.0685877571732365,-1.335290800230312,-0.42325780296532645,0.8351105679839289,-1.2999199600108522,-0.41374251123704053,0.8351105679839289,-1.6514021051957133,-1.7202940235117243,0.8351105679839289,-1.6867729454151732,-1.7298093152400102,0.8351105679839289,-1.335290800230312 0.007873885
8 0.364812446421087,1.6961468943100333,-0.3640232641456255,0.4014625219718665,1.6961468943100333,-0.9104166531610935,0.0017589203658697483,1.6961468943100333,-0.9372273128273358,-0.03489115518490973,1.6961468943100333,-0.3908339238118678,0.364812446421087,0.9581096879500985,-0.3640232641456255,0.4014625219718665,0.9581096879500985,-0.9104166531610935,0.0017589203658697483,0.9581096879500985,-0.9372273128273358,-0.03489115518490973,0.9581096879500985,-0.3908339238118678 0.008886896
8 0.4551616243339199,-0.5949401725164986,-0.8020360130418813,0.4519884548945315,-0.5949401725164986,-1.1823430213552202,-0.5105040601707118,-0.5949401725164986,-1.174312267864796,-0.5073308907313234,-0.5949401725164986,-0.7940052595514571,0.4551616243339199,-0.7067682873376274,-0.8020360130418813,0.4519884548945315,-0.7067682873376274,-1.1823430213552202,-0.5105040601707118,-0.7067682873376274,-1.174312267864796,-0.5073308907313234,-0.7067682873376274,-0.7940052595514571 0.007937709
9 0.831434636047281,0.9034494887956047,-1.2480392437964274,0.8404147208372003,0.9034494887956047,-1.5462693207557967,-0.30143174402991646,0.9034494887956047,-1.5806517619103597,-0.31041182881983576,0.9034494887956047,-1.2824216849509904,0.831434636047281,0.8045523632399177,-1.2480392437964274,0.8404147208372003,0.8045523632399177,-1.5462693207557967,-0.30143174402991646,0.8045523632399177,-1.5806517619103597,-0.31041182881983576,0.8045523632399177,-1.2824216849509904 0.006929696
9 -0.07106004859117265,0.6993135604926014,0.34344383224175135,-0.07548983686079669,0.6993135604926014,0.016077823817627762,-1.296328199852431,0.6993135604926014,0.032597729123376246,-1.2918984115828067,0.6993135604926014,0.3599637375474998,-0.07106004859117265,0.47254987620631217,0.34344383224175135,-0.07548983686079669,0.47254987620631217,0.016077823817627762,-1.296328199852431,0.47254987620631217,0.032597729123376246,-1.2918984115828067,0.47254987620631217,0.3599637375474998 0.0057177115
9 0.9433041368438061,1.550140013910141,0.6679182275358226,0.9515890766114251,1.550140013910141,0.2906878120843428,-0.10081197366250116,1.550140013910141,0.26757440723743176,-0.10909691343012018,1.550140013910141,0.6448048226889116,0.9433041368438061,1.369659313940201,0.6679182275358226,0.9515890766114251,1.369659313940201,0.2906878120843428,-0.10081197366250116,1.369659313940201,0.26757440723743176,-0.10909691343012018,1.369659313940201,0.6448048226889116 0.010701461
9 -0.06348468775016769,1.455437448100429,0.1313762618315055,-0.056181202019898735,1.455437448100429,-0.250585713114424,-1.219163041169815,1.455437448100429,-0.2728230608713462,-1.2264665269000843,1.455437448100429,0.10913891407458329,-0.06348468775016769,1.2055961822706647,0.1313762618315055,-0.056181202019898735,1.2055961822706647,-0.250585713114424,-1.219163041169815,1.2055961822706647,-0.2728230608713462,-1.2264665269000843,1.2055961822706647,0.10913891407458329 0.008646622
9 -0.42325780296532645,1.0685877571732365,-1.2999199600108522,-0.41374251123704053,1.0685877571732365,-1.6514021051957133,-1.7202940235117243,1.0685877571732365,-1.6867729454151732,-1.7298093152400102,1.0685877571732365,-1.335290800230312,-0.42325780296532645,0.8351105679839289,-1.2999199600108522,-0.41374251123704053,0.8351105679839289,-1.6514021051957133,-1.7202940235117243,0.8351105679839289,-1.6867729454151732,-1.7298093152400102,0.8351105679839289,-1.335290800230312 0.00818666
9 0.364812446421087,1.6961468943100333,-0.3640232641456255,0.4014625219718665,1.6961468943100333,-0.9104166531610935,0.0017589203658697483,1.6961468943100333,-0.9372273128273358,-0.03489115518490973,1.6961468943100333,-0.3908339238118678,0.364812446421087,0.9581096879500985,-0.3640232641456255,0.4014625219718665,0.9581096879500985,-0.9104166531610935,0.0017589203658697483,0.9581096879500985,-0.9372273128273358,-0.03489115518490973,0.9581096879500985,-0.3908339238118678 0.009777818
9 0.4551616243339199,-0.5949401725164986,-0.8020360130418813,0.4519884548945315,-0.5949401725164986,-1.1823430213552202,-0.5105040601707118,-0.5949401725164986,-1.174312267864796,-0.5073308907313234,-0.5949401725164986,-0.7940052595514571,0.4551616243339199,-0.7067682873376274,-0.8020360130418813,0.4519884548945315,-0.7067682873376274,-1.1823430213552202,-0.5105040601707118,-0.7067682873376274,-1.174312267864796,-0.5073308907313234,-0.7067682873376274,-0.7940052595514571 0.009129898
