0 0.7520177000831392,-0.3145399000577068,-1.0406739609207387,0.740467913432259,-0.3145399000577068,-1.36536452228895,-0.0866845482658174,-0.3145399000577068,-1.3359413249526744,-0.07513476161493726,-0.3145399000577068,-1.011250763584463,0.7520177000831392,-0.6312520597048664,-1.0406739609207387,0.740467913432259,-0.6312520597048664,-1.36536452228895,-0.0866845482658174,-0.6312520597048664,-1.3359413249526744,-0.07513476161493726,-0.6312520597048664,-1.011250763584463 0.048825722
0 0.8478503766560885,-0.10954788615292071,-0.38313327310874035,0.8507711997120626,-0.10954788615292071,-0.6753347947157666,0.5227367338633206,-0.10954788615292071,-0.6786138010184569,0.5198159108073466,-0.10954788615292071,-0.38641227941143064,0.8478503766560885,-0.9203629166882659,-0.38313327310874035,0.8507711997120626,-0.9203629166882659,-0.6753347947157666,0.5227367338633206,-0.9203629166882659,-0.6786138010184569,0.5198159108073466,-0.9203629166882659,-0.38641227941143064 0.019320397
0 0.712460400125831,-0.02624129860111235,-0.44059976442815024,0.7111699225628897,-0.02624129860111235,-1.053179605481233,0.22725576017156282,-0.02624129860111235,-1.0521601785802726,0.22854623773450414,-0.02624129860111235,-0.43958033752718984,0.712460400125831,-0.5682624021320725,-0.44059976442815024,0.7111699225628897,-0.5682624021320725,-1.053179605481233,0.22725576017156282,-0.5682624021320725,-1.0521601785802726,0.22854623773450414,-0.5682624021320725,-0.43958033752718984 0.009720134
0 0.7381036222597686,0.024705729360523232,-0.5770204443326672,0.739871349974523,0.024705729360523232,-0.9080867679710392,0.3727266847470674,0.024705729360523232,-0.9100471358904163,0.37095895703231296,0.024705729360523232,-0.5789808122520443,0.7381036222597686,-0.9226641272258187,-0.5770204443326672,0.739871349974523,-0.9226641272258187,-0.9080867679710392,0.3727266847470674,-0.9226641272258187,-0.9100471358904163,0.37095895703231296,-0.9226641272258187,-0.5789808122520443 0.018744955
0 1.0330178444957607,-0.12633192649966063,1.0198502259712194,1.034339814399915,-0.12633192649966063,0.34917249143641504,0.3073302800083286,-0.12633192649966063,0.34773948617172484,0.3060083101041744,-0.12633192649966063,1.0184172207065294,1.0330178444957607,-0.31616067775601564,1.0198502259712194,1.034339814399915,-0.31616067775601564,0.34917249143641504,0.3073302800083286,-0.31616067775601564,0.34773948617172484,0.3060083101041744,-0.31616067775601564,1.0184172207065294 0.92462206
0 1.0774200988935394,0.010949311718177493,1.0478892253852605,1.0781198925823268,0.010949311718177493,0.3963966787173927,0.31320513952503976,0.010949311718177493,0.39557505378954416,0.3125053458362524,0.010949311718177493,1.047067600457412,1.0774200988935394,-0.18620122776908843,1.0478892253852605,1.0781198925823268,-0.18620122776908843,0.3963966787173927,0.31320513952503976,-0.18620122776908843,0.39557505378954416,0.3125053458362524,-0.18620122776908843,1.047067600457412 0.9423812
0 0.4922341306619469,0.018461708143272415,-0.64114791097507,0.5007967724355593,0.018461708143272415,-1.2089358532965924,0.05868742867185439,0.018461708143272415,-1.2156031733526278,0.05012478689824196,0.018461708143272415,-0.6478152310311055,0.4922341306619469,-0.5019506254940415,-0.64114791097507,0.5007967724355593,-0.5019506254940415,-1.2089358532965924,0.05868742867185439,-0.5019506254940415,-1.2156031733526278,0.05012478689824196,-0.5019506254940415,-0.6478152310311055 0.0015863065
0 -0.5713408386376813,0.10427489789984229,-0.22624211397183774,-0.5667858818751432,0.10427489789984229,-0.6223101587553606,-0.9674290025564716,0.10427489789984229,-0.6269177309034979,-0.9719839593190096,0.10427489789984229,-0.23084968611997508,-0.5713408386376813,-0.6799882939722299,-0.22624211397183774,-0.5667858818751432,-0.6799882939722299,-0.6223101587553606,-0.9674290025564716,-0.6799882939722299,-0.6269177309034979,-0.9719839593190096,-0.6799882939722299,-0.23084968611997508 0.00037462762
0 0.31982440171708826,-0.0224379336685753,-0.7719053358681107,0.32459633458467263,-0.0224379336685753,-1.4179603755297499,-0.1456224065827346,-0.0224379336685753,-1.4214335351340865,-0.15039433945031902,-0.0224379336685753,-0.7753784954724474,0.31982440171708826,-0.4706501329093361,-0.7719053358681107,0.32459633458467263,-0.4706501329093361,-1.4179603755297499,-0.1456224065827346,-0.4706501329093361,-1.4214335351340865,-0.15039433945031902,-0.4706501329093361,-0.7753784954724474 0.002185811
0 0.496519990065625,-0.2819636685998058,-0.8740698025054272,0.4845509786532207,-0.2819636685998058,-1.6468505178274202,-0.012816645005276517,-0.2819636685998058,-1.639147169845647,-0.0008476335928722378,-0.2819636685998058,-0.866366454523654,0.496519990065625,-0.6850985662787342,-0.8740698025054272,0.4845509786532207,-0.6850985662787342,-1.6468505178274202,-0.012816645005276517,-0.6850985662787342,-1.639147169845647,-0.0008476335928722378,-0.6850985662787342,-0.866366454523654 0.012646097
0 0.7084168784298366,0.1322384298019022,-0.5782111428545914,0.7057443195965843,0.1322384298019022,-1.0421645692282677,0.22398084476810046,0.1322384298019022,-1.0393894173337022,0.2266534036013527,0.1322384298019022,-0.5754359909600257,0.7084168784298366,-0.6165671765975564,-0.5782111428545914,0.7057443195965843,-0.6165671765975564,-1.0421645692282677,0.22398084476810046,-0.6165671765975564,-1.0393894173337022,0.2266534036013527,-0.6165671765975564,-0.5754359909600257 0.010928065
1 0.7520177000831392,-0.3145399000577068,-1.0406739609207387,0.740467913432259,-0.3145399000577068,-1.36536452228895,-0.0866845482658174,-0.3145399000577068,-1.3359413249526744,-0.07513476161493726,-0.3145399000577068,-1.011250763584463,0.7520177000831392,-0.6312520597048664,-1.0406739609207387,0.740467913432259,-0.6312520597048664,-1.36536452228895,-0.0866845482658174,-0.6312520597048664,-1.3359413249526744,-0.07513476161493726,-0.6312520597048664,-1.011250763584463 0.3005373
1 0.8478503766560885,-0.10954788615292071,-0.38313327310874035,0.8507711997120626,-0.10954788615292071,-0.6753347947157666,0.5227367338633206,-0.10954788615292071,-0.6786138010184569,0.5198159108073466,-0.10954788615292071,-0.38641227941143064,0.8478503766560885,-0.9203629166882659,-0.38313327310874035,0.8507711997120626,-0.9203629166882659,-0.6753347947157666,0.5227367338633206,-0.9203629166882659,-0.6786138010184569,0.5198159108073466,-0.9203629166882659,-0.38641227941143064 0.102881916
1 0.712460400125831,-0.02624129860111235,-0.44059976442815024,0.7111699225628897,-0.02624129860111235,-1.053179605481233,0.22725576017156282,-0.02624129860111235,-1.0521601785802726,0.22854623773450414,-0.02624129860111235,-0.43958033752718984,0.712460400125831,-0.5682624021320725,-0.44059976442815024,0.7111699225628897,-0.5682624021320725,-1.053179605481233,0.22725576017156282,-0.5682624021320725,-1.0521601785802726,0.22854623773450414,-0.5682624021320725,-0.43958033752718984 0.018748354
1 0.7381036222597686,0.024705729360523232,-0.5770204443326672,0.739871349974523,0.024705729360523232,-0.9080867679710392,0.3727266847470674,0.024705729360523232,-0.9100471358904163,0.37095895703231296,0.024705729360523232,-0.5789808122520443,0.7381036222597686,-0.9226641272258187,-0.5770204443326672,0.739871349974523,-0.9226641272258187,-0.9080867679710392,0.3727266847470674,-0.9226641272258187,-0.9100471358904163,0.37095895703231296,-0.9226641272258187,-0.5789808122520443 0.044830814
1 1.0330178444957607,-0.12633192649966063,1.0198502259712194,1.034339814399915,-0.12633192649966063,0.34917249143641504,0.3073302800083286,-0.12633192649966063,0.34773948617172484,0.3060083101041744,-0.12633192649966063,1.0184172207065294,1.0330178444957607,-0.31616067775601564,1.0198502259712194,1.034339814399915,-0.31616067775601564,0.34917249143641504,0.3073302800083286,-0.31616067775601564,0.34773948617172484,0.3060083101041744,-0.31616067775601564,1.0184172207065294 0.023605388
1 1.0774200988935394,0.010949311718177493,1.0478892253852605,1.0781198925823268,0.010949311718177493,0.3963966787173927,0.31320513952503976,0.010949311718177493,0.39557505378954416,0.3125053458362524,0.010949311718177493,1.047067600457412,1.0774200988935394,-0.18620122776908843,1.0478892253852605,1.0781198925823268,-0.18620122776908843,0.3963966787173927,0.31320513952503976,-0.18620122776908843,0.39557505378954416,0.3125053458362524,-0.18620122776908843,1.047067600457412 0.019079914
1 0.4922341306619469,0.018461708143272415,-0.64114791097507,0.5007967724355593,0.018461708143272415,-1.2089358532965924,0.05868742867185439,0.018461708143272415,-1.2156031733526278,0.05012478689824196,0.018461708143272415,-0.6478152310311055,0.4922341306619469,-0.5019506254940415,-0.64114791097507,0.5007967724355593,-0.5019506254940415,-1.2089358532965924,0.05868742867185439,-0.5019506254940415,-1.2156031733526278,0.05012478689824196,-0.5019506254940415,-0.6478152310311055 0.0035741169
1 -0.5713408386376813,0.10427489789984229,-0.22624211397183774,-0.5667858818751432,0.10427489789984229,-0.6223101587553606,-0.9674290025564716,0.10427489789984229,-0.6269177309034979,-0.9719839593190096,0.10427489789984229,-0.23084968611997508,-0.5713408386376813,-0.6799882939722299,-0.22624211397183774,-0.5667858818751432,-0.6799882939722299,-0.6223101587553606,-0.9674290025564716,-0.6799882939722299,-0.6269177309034979,-0.9719839593190096,-0.6799882939722299,-0.23084968611997508 0.0003305237
1 0.31982440171708826,-0.0224379336685753,-0.7719053358681107,0.32459633458467263,-0.0224379336685753,-1.4179603755297499,-0.1456224065827346,-0.0224379336685753,-1.4214335351340865,-0.15039433945031902,-0.0224379336685753,-0.7753784954724474,0.31982440171708826,-0.4706501329093361,-0.7719053358681107,0.32459633458467263,-0.4706501329093361,-1.4179603755297499,-0.1456224065827346,-0.4706501329093361,-1.4214335351340865,-0.15039433945031902,-0.4706501329093361,-0.7753784954724474 0.0054752682
1 0.496519990065625,-0.2819636685998058,-0.8740698025054272,0.4845509786532207,-0.2819636685998058,-1.6468505178274202,-0.012816645005276517,-0.2819636685998058,-1.639147169845647,-0.0008476335928722378,-0.2819636685998058,-0.866366454523654,0.496519990065625,-0.6850985662787342,-0.8740698025054272,0.4845509786532207,-0.6850985662787342,-1.6468505178274202,-0.012816645005276517,-0.6850985662787342,-1.639147169845647,-0.0008476335928722378,-0.6850985662787342,-0.866366454523654 0.050076872
1 0.7084168784298366,0.1322384298019022,-0.5782111428545914,0.7057443195965843,0.1322384298019022,-1.0421645692282677,0.22398084476810046,0.1322384298019022,-1.0393894173337022,0.2266534036013527,0.1322384298019022,-0.5754359909600257,0.7084168784298366,-0.6165671765975564,-0.5782111428545914,0.7057443195965843,-0.6165671765975564,-1.0421645692282677,0.22398084476810046,-0.6165671765975564,-1.0393894173337022,0.2266534036013527,-0.6165671765975564,-0.5754359909600257 0.017656207
2 0.7520177000831392,-0.3145399000577068,-1.0406739609207387,0.740467913432259,-0.3145399000577068,-1.36536452228895,-0.0866845482658174,-0.3145399000577068,-1.3359413249526744,-0.07513476161493726,-0.3145399000577068,-1.011250763584463,0.7520177000831392,-0.6312520597048664,-1.0406739609207387,0.740467913432259,-0.6312520597048664,-1.36536452228895,-0.0866845482658174,-0.6312520597048664,-1.3359413249526744,-0.07513476161493726,-0.6312520597048664,-1.011250763584463 0.035606124
2 0.8478503766560885,-0.10954788615292071,-0.38313327310874035,0.8507711997120626,-0.10954788615292071,-0.6753347947157666,0.5227367338633206,-0.10954788615292071,-0.6786138010184569,0.5198159108073466,-0.10954788615292071,-0.38641227941143064,0.8478503766560885,-0.9203629166882659,-0.38313327310874035,0.8507711997120626,-0.9203629166882659,-0.6753347947157666,0.5227367338633206,-0.9203629166882659,-0.6786138010184569,0.5198159108073466,-0.9203629166882659,-0.38641227941143064 0.037910588
2 0.712460400125831,-0.02624129860111235,-0.44059976442815024,0.7111699225628897,-0.02624129860111235,-1.053179605481233,0.22725576017156282,-0.02624129860111235,-1.0521601785802726,0.22854623773450414,-0.02624129860111235,-0.43958033752718984,0.712460400125831,-0.5682624021320725,-0.44059976442815024,0.7111699225628897,-0.5682624021320725,-1.053179605481233,0.22725576017156282,-0.5682624021320725,-1.0521601785802726,0.22854623773450414,-0.5682624021320725,-0.43958033752718984 0.33927944
2 0.7381036222597686,0.024705729360523232,-0.5770204443326672,0.739871349974523,0.024705729360523232,-0.9080867679710392,0.3727266847470674,0.024705729360523232,-0.9100471358904163,0.37095895703231296,0.024705729360523232,-0.5789808122520443,0.7381036222597686,-0.9226641272258187,-0.5770204443326672,0.739871349974523,-0.9226641272258187,-0.9080867679710392,0.3727266847470674,-0.9226641272258187,-0.9100471358904163,0.37095895703231296,-0.9226641272258187,-0.5789808122520443 0.19416256
2 1.0330178444957607,-0.12633192649966063,1.0198502259712194,1.034339814399915,-0.12633192649966063,0.34917249143641504,0.3073302800083286,-0.12633192649966063,0.34773948617172484,0.3060083101041744,-0.12633192649966063,1.0184172207065294,1.0330178444957607,-0.31616067775601564,1.0198502259712194,1.034339814399915,-0.31616067775601564,0.34917249143641504,0.3073302800083286,-0.31616067775601564,0.34773948617172484,0.3060083101041744,-0.31616067775601564,1.0184172207065294 0.001879289
2 1.0774200988935394,0.010949311718177493,1.0478892253852605,1.0781198925823268,0.010949311718177493,0.3963966787173927,0.31320513952503976,0.010949311718177493,0.39557505378954416,0.3125053458362524,0.010949311718177493,1.047067600457412,1.0774200988935394,-0.18620122776908843,1.0478892253852605,1.0781198925823268,-0.18620122776908843,0.3963966787173927,0.31320513952503976,-0.18620122776908843,0.39557505378954416,0.3125053458362524,-0.18620122776908843,1.047067600457412 0.001158058
2 0.4922341306619469,0.018461708143272415,-0.64114791097507,0.5007967724355593,0.018461708143272415,-1.2089358532965924,0.05868742867185439,0.018461708143272415,-1.2156031733526278,0.05012478689824196,0.018461708143272415,-0.6478152310311055,0.4922341306619469,-0.5019506254940415,-0.64114791097507,0.5007967724355593,-0.5019506254940415,-1.2089358532965924,0.05868742867185439,-0.5019506254940415,-1.2156031733526278,0.05012478689824196,-0.5019506254940415,-0.6478152310311055 0.16076003
2 -0.5713408386376813,0.10427489789984229,-0.22624211397183774,-0.5667858818751432,0.10427489789984229,-0.6223101587553606,-0.9674290025564716,0.10427489789984229,-0.6269177309034979,-0.9719839593190096,0.10427489789984229,-0.23084968611997508,-0.5713408386376813,-0.6799882939722299,-0.22624211397183774,-0.5667858818751432,-0.6799882939722299,-0.6223101587553606,-0.9674290025564716,-0.6799882939722299,-0.6269177309034979,-0.9719839593190096,-0.6799882939722299,-0.23084968611997508 0.9751343
2 0.31982440171708826,-0.0224379336685753,-0.7719053358681107,0.32459633458467263,-0.0224379336685753,-1.4179603755297499,-0.1456224065827346,-0.0224379336685753,-1.4214335351340865,-0.15039433945031902,-0.0224379336685753,-0.7753784954724474,0.31982440171708826,-0.4706501329093361,-0.7719053358681107,0.32459633458467263,-0.4706501329093361,-1.4179603755297499,-0.1456224065827346,-0.4706501329093361,-1.4214335351340865,-0.15039433945031902,-0.4706501329093361,-0.7753784954724474 0.083095156
2 0.496519990065625,-0.2819636685998058,-0.8740698025054272,0.4845509786532207,-0.2819636685998058,-1.6468505178274202,-0.012816645005276517,-0.2819636685998058,-1.639147169845647,-0.0008476335928722378,-0.2819636685998058,-0.866366454523654,0.496519990065625,-0.6850985662787342,-0.8740698025054272,0.4845509786532207,-0.6850985662787342,-1.6468505178274202,-0.012816645005276517,-0.6850985662787342,-1.639147169845647,-0.0008476335928722378,-0.6850985662787342,-0.866366454523654 0.030541847
2 0.7084168784298366,0.1322384298019022,-0.5782111428545914,0.7057443195965843,0.1322384298019022,-1.0421645692282677,0.22398084476810046,0.1322384298019022,-1.0393894173337022,0.2266534036013527,0.1322384298019022,-0.5754359909600257,0.7084168784298366,-0.6165671765975564,-0.5782111428545914,0.7057443195965843,-0.6165671765975564,-1.0421645692282677,0.22398084476810046,-0.6165671765975564,-1.0393894173337022,0.2266534036013527,-0.6165671765975564,-0.5754359909600257 0.49176025
3 0.7520177000831392,-0.3145399000577068,-1.0406739609207387,0.740467913432259,-0.3145399000577068,-1.36536452228895,-0.0866845482658174,-0.3145399000577068,-1.3359413249526744,-0.07513476161493726,-0.3145399000577068,-1.011250763584463,0.7520177000831392,-0.6312520597048664,-1.0406739609207387,0.740467913432259,-0.6312520597048664,-1.36536452228895,-0.0866845482658174,-0.6312520597048664,-1.3359413249526744,-0.07513476161493726,-0.6312520597048664,-1.011250763584463 0.054018095
3 0.8478503766560885,-0.10954788615292071,-0.38313327310874035,0.8507711997120626,-0.10954788615292071,-0.6753347947157666,0.5227367338633206,-0.10954788615292071,-0.6786138010184569,0.5198159108073466,-0.10954788615292071,-0.38641227941143064,0.8478503766560885,-0.9203629166882659,-0.38313327310874035,0.8507711997120626,-0.9203629166882659,-0.6753347947157666,0.5227367338633206,-0.9203629166882659,-0.6786138010184569,0.5198159108073466,-0.9203629166882659,-0.38641227941143064 0.13875447
3 0.712460400125831,-0.02624129860111235,-0.44059976442815024,0.7111699225628897,-0.02624129860111235,-1.053179605481233,0.22725576017156282,-0.02624129860111235,-1.0521601785802726,0.22854623773450414,-0.02624129860111235,-0.43958033752718984,0.712460400125831,-0.5682624021320725,-0.44059976442815024,0.7111699225628897,-0.5682624021320725,-1.053179605481233,0.22725576017156282,-0.5682624021320725,-1.0521601785802726,0.22854623773450414,-0.5682624021320725,-0.43958033752718984 0.013347093
3 0.7381036222597686,0.024705729360523232,-0.5770204443326672,0.739871349974523,0.024705729360523232,-0.9080867679710392,0.3727266847470674,0.024705729360523232,-0.9100471358904163,0.37095895703231296,0.024705729360523232,-0.5789808122520443,0.7381036222597686,-0.9226641272258187,-0.5770204443326672,0.739871349974523,-0.9226641272258187,-0.9080867679710392,0.3727266847470674,-0.9226641272258187,-0.9100471358904163,0.37095895703231296,-0.9226641272258187,-0.5789808122520443 0.06921463
3 1.0330178444957607,-0.12633192649966063,1.0198502259712194,1.034339814399915,-0.12633192649966063,0.34917249143641504,0.3073302800083286,-0.12633192649966063,0.34773948617172484,0.3060083101041744,-0.12633192649966063,1.0184172207065294,1.0330178444957607,-0.31616067775601564,1.0198502259712194,1.034339814399915,-0.31616067775601564,0.34917249143641504,0.3073302800083286,-0.31616067775601564,0.34773948617172484,0.3060083101041744,-0.31616067775601564,1.0184172207065294 0.009710757
3 1.0774200988935394,0.010949311718177493,1.0478892253852605,1.0781198925823268,0.010949311718177493,0.3963966787173927,0.31320513952503976,0.010949311718177493,0.39557505378954416,0.3125053458362524,0.010949311718177493,1.047067600457412,1.0774200988935394,-0.18620122776908843,1.0478892253852605,1.0781198925823268,-0.18620122776908843,0.3963966787173927,0.31320513952503976,-0.18620122776908843,0.39557505378954416,0.3125053458362524,-0.18620122776908843,1.047067600457412 0.0067447866
3 0.4922341306619469,0.018461708143272415,-0.64114791097507,0.5007967724355593,0.018461708143272415,-1.2089358532965924,0.05868742867185439,0.018461708143272415,-1.2156031733526278,0.05012478689824196,0.018461708143272415,-0.6478152310311055,0.4922341306619469,-0.5019506254940415,-0.64114791097507,0.5007967724355593,-0.5019506254940415,-1.2089358532965924,0.05868742867185439,-0.5019506254940415,-1.2156031733526278,0.05012478689824196,-0.5019506254940415,-0.6478152310311055 0.0015421421
3 -0.5713408386376813,0.10427489789984229,-0.22624211397183774,-0.5667858818751432,0.10427489789984229,-0.6223101587553606,-0.9674290025564716,0.10427489789984229,-0.6269177309034979,-0.9719839593190096,0.10427489789984229,-0.23084968611997508,-0.5713408386376813,-0.6799882939722299,-0.22624211397183774,-0.5667858818751432,-0.6799882939722299,-0.6223101587553606,-0.9674290025564716,-0.6799882939722299,-0.6269177309034979,-0.9719839593190096,-0.6799882939722299,-0.23084968611997508 0.00054944126
3 0.31982440171708826,-0.0224379336685753,-0.7719053358681107,0.32459633458467263,-0.0224379336685753,-1.4179603755297499,-0.1456224065827346,-0.0224379336685753,-1.4214335351340865,-0.15039433945031902,-0.0224379336685753,-0.7753784954724474,0.31982440171708826,-0.4706501329093361,-0.7719053358681107,0.32459633458467263,-0.4706501329093361,-1.4179603755297499,-0.1456224065827346,-0.4706501329093361,-1.4214335351340865,-0.15039433945031902,-0.4706501329093361,-0.7753784954724474 0.0024581605
3 0.496519990065625,-0.2819636685998058,-0.8740698025054272,0.4845509786532207,-0.2819636685998058,-1.6468505178274202,-0.012816645005276517,-0.2819636685998058,-1.639147169845647,-0.0008476335928722378,-0.2819636685998058,-0.866366454523654,0.496519990065625,-0.6850985662787342,-0.8740698025054272,0.4845509786532207,-0.6850985662787342,-1.6468505178274202,-0.012816645005276517,-0.6850985662787342,-1.639147169845647,-0.0008476335928722378,-0.6850985662787342,-0.866366454523654 0.015459681
3 0.7084168784298366,0.1322384298019022,-0.5782111428545914,0.7057443195965843,0.1322384298019022,-1.0421645692282677,0.22398084476810046,0.1322384298019022,-1.0393894173337022,0.2266534036013527,0.1322384298019022,-0.5754359909600257,0.7084168784298366,-0.6165671765975564,-0.5782111428545914,0.7057443195965843,-0.6165671765975564,-1.0421645692282677,0.22398084476810046,-0.6165671765975564,-1.0393894173337022,0.2266534036013527,-0.6165671765975564,-0.5754359909600257 0.012701507
4 0.7520177000831392,-0.3145399000577068,-1.0406739609207387,0.740467913432259,-0.3145399000577068,-1.36536452228895,-0.0866845482658174,-0.3145399000577068,-1.3359413249526744,-0.07513476161493726,-0.3145399000577068,-1.011250763584463,0.7520177000831392,-0.6312520597048664,-1.0406739609207387,0.740467913432259,-0.6312520597048664,-1.36536452228895,-0.0866845482658174,-0.6312520597048664,-1.3359413249526744,-0.07513476161493726,-0.6312520597048664,-1.011250763584463 0.035423134
4 0.8478503766560885,-0.10954788615292071,-0.38313327310874035,0.8507711997120626,-0.10954788615292071,-0.6753347947157666,0.5227367338633206,-0.10954788615292071,-0.6786138010184569,0.5198159108073466,-0.10954788615292071,-0.38641227941143064,0.8478503766560885,-0.9203629166882659,-0.38313327310874035,0.8507711997120626,-0.9203629166882659,-0.6753347947157666,0.5227367338633206,-0.9203629166882659,-0.6786138010184569,0.5198159108073466,-0.9203629166882659,-0.38641227941143064 0.069757804
4 0.712460400125831,-0.02624129860111235,-0.44059976442815024,0.7111699225628897,-0.02624129860111235,-1.053179605481233,0.22725576017156282,-0.02624129860111235,-1.0521601785802726,0.22854623773450414,-0.02624129860111235,-0.43958033752718984,0.712460400125831,-0.5682624021320725,-0.44059976442815024,0.7111699225628897,-0.5682624021320725,-1.053179605481233,0.22725576017156282,-0.5682624021320725,-1.0521601785802726,0.22854623773450414,-0.5682624021320725,-0.43958033752718984 0.0056893625
4 0.7381036222597686,0.024705729360523232,-0.5770204443326672,0.739871349974523,0.024705729360523232,-0.9080867679710392,0.3727266847470674,0.024705729360523232,-0.9100471358904163,0.37095895703231296,0.024705729360523232,-0.5789808122520443,0.7381036222597686,-0.9226641272258187,-0.5770204443326672,0.739871349974523,-0.9226641272258187,-0.9080867679710392,0.3727266847470674,-0.9226641272258187,-0.9100471358904163,0.37095895703231296,-0.9226641272258187,-0.5789808122520443 0.058251165
4 1.0330178444957607,-0.12633192649966063,1.0198502259712194,1.034339814399915,-0.12633192649966063,0.34917249143641504,0.3073302800083286,-0.12633192649966063,0.34773948617172484,0.3060083101041744,-0.12633192649966063,1.0184172207065294,1.0330178444957607,-0.31616067775601564,1.0198502259712194,1.034339814399915,-0.31616067775601564,0.34917249143641504,0.3073302800083286,-0.31616067775601564,0.34773948617172484,0.3060083101041744,-0.31616067775601564,1.0184172207065294 0.0033471596
4 1.0774200988935394,0.010949311718177493,1.0478892253852605,1.0781198925823268,0.010949311718177493,0.3963966787173927,0.31320513952503976,0.010949311718177493,0.39557505378954416,0.3125053458362524,0.010949311718177493,1.047067600457412,1.0774200988935394,-0.18620122776908843,1.0478892253852605,1.0781198925823268,-0.18620122776908843,0.3963966787173927,0.31320513952503976,-0.18620122776908843,0.39557505378954416,0.3125053458362524,-0.18620122776908843,1.047067600457412 0.0023041747
4 0.4922341306619469,0.018461708143272415,-0.64114791097507,0.5007967724355593,0.018461708143272415,-1.2089358532965924,0.05868742867185439,0.018461708143272415,-1.2156031733526278,0.05012478689824196,0.018461708143272415,-0.6478152310311055,0.4922341306619469,-0.5019506254940415,-0.64114791097507,0.5007967724355593,-0.5019506254940415,-1.2089358532965924,0.05868742867185439,-0.5019506254940415,-1.2156031733526278,0.05012478689824196,-0.5019506254940415,-0.6478152310311055 0.0006393532
4 -0.5713408386376813,0.10427489789984229,-0.22624211397183774,-0.5667858818751432,0.10427489789984229,-0.6223101587553606,-0.9674290025564716,0.10427489789984229,-0.6269177309034979,-0.9719839593190096,0.10427489789984229,-0.23084968611997508,-0.5713408386376813,-0.6799882939722299,-0.22624211397183774,-0.5667858818751432,-0.6799882939722299,-0.6223101587553606,-0.9674290025564716,-0.6799882939722299,-0.6269177309034979,-0.9719839593190096,-0.6799882939722299,-0.23084968611997508 0.00041286615
4 0.31982440171708826,-0.0224379336685753,-0.7719053358681107,0.32459633458467263,-0.0224379336685753,-1.4179603755297499,-0.1456224065827346,-0.0224379336685753,-1.4214335351340865,-0.15039433945031902,-0.0224379336685753,-0.7753784954724474,0.31982440171708826,-0.4706501329093361,-0.7719053358681107,0.32459633458467263,-0.4706501329093361,-1.4179603755297499,-0.1456224065827346,-0.4706501329093361,-1.4214335351340865,-0.15039433945031902,-0.4706501329093361,-0.7753784954724474 0.00093655434
4 0.496519990065625,-0.2819636685998058,-0.8740698025054272,0.4845509786532207,-0.2819636685998058,-1.6468505178274202,-0.012816645005276517,-0.2819636685998058,-1.639147169845647,-0.0008476335928722378,-0.2819636685998058,-0.866366454523654,0.496519990065625,-0.6850985662787342,-0.8740698025054272,0.4845509786532207,-0.6850985662787342,-1.6468505178274202,-0.012816645005276517,-0.6850985662787342,-1.639147169845647,-0.0008476335928722378,-0.6850985662787342,-0.866366454523654 0.0066572246
4 0.7084168784298366,0.1322384298019022,-0.5782111428545914,0.7057443195965843,0.1322384298019022,-1.0421645692282677,0.22398084476810046,0.1322384298019022,-1.0393894173337022,0.2266534036013527,0.1322384298019022,-0.5754359909600257,0.7084168784298366,-0.6165671765975564,-0.5782111428545914,0.7057443195965843,-0.6165671765975564,-1.0421645692282677,0.22398084476810046,-0.6165671765975564,-1.0393894173337022,0.2266534036013527,-0.6165671765975564,-0.5754359909600257 0.0051219114
5 0.7520177000831392,-0.3145399000577068,-1.0406739609207387,0.740467913432259,-0.3145399000577068,-1.36536452228895,-0.0866845482658174,-0.3145399000577068,-1.3359413249526744,-0.07513476161493726,-0.3145399000577068,-1.011250763584463,0.7520177000831392,-0.6312520597048664,-1.0406739609207387,0.740467913432259,-0.6312520597048664,-1.36536452228895,-0.0866845482658174,-0.6312520597048664,-1.3359413249526744,-0.07513476161493726,-0.6312520597048664,-1.011250763584463 0.20777762
5 0.8478503766560885,-0.10954788615292071,-0.38313327310874035,0.8507711997120626,-0.10954788615292071,-0.6753347947157666,0.5227367338633206,-0.10954788615292071,-0.6786138010184569,0.5198159108073466,-0.10954788615292071,-0.38641227941143064,0.8478503766560885,-0.9203629166882659,-0.38313327310874035,0.8507711997120626,-0.9203629166882659,-0.6753347947157666,0.5227367338633206,-0.9203629166882659,-0.6786138010184569,0.5198159108073466,-0.9203629166882659,-0.38641227941143064 0.5326083
5 0.712460400125831,-0.02624129860111235,-0.44059976442815024,0.7111699225628897,-0.02624129860111235,-1.053179605481233,0.22725576017156282,-0.02624129860111235,-1.0521601785802726,0.22854623773450414,-0.02624129860111235,-0.43958033752718984,0.712460400125831,-0.5682624021320725,-0.44059976442815024,0.7111699225628897,-0.5682624021320725,-1.053179605481233,0.22725576017156282,-0.5682624021320725,-1.0521601785802726,0.22854623773450414,-0.5682624021320725,-0.43958033752718984 0.044404775
5 0.7381036222597686,0.024705729360523232,-0.5770204443326672,0.739871349974523,0.024705729360523232,-0.9080867679710392,0.3727266847470674,0.024705729360523232,-0.9100471358904163,0.37095895703231296,0.024705729360523232,-0.5789808122520443,0.7381036222597686,-0.9226641272258187,-0.5770204443326672,0.739871349974523,-0.9226641272258187,-0.9080867679710392,0.3727266847470674,-0.9226641272258187,-0.9100471358904163,0.37095895703231296,-0.9226641272258187,-0.5789808122520443 0.50079775
5 1.0330178444957607,-0.12633192649966063,1.0198502259712194,1.034339814399915,-0.12633192649966063,0.34917249143641504,0.3073302800083286,-0.12633192649966063,0.34773948617172484,0.3060083101041744,-0.12633192649966063,1.0184172207065294,1.0330178444957607,-0.31616067775601564,1.0198502259712194,1.034339814399915,-0.31616067775601564,0.34917249143641504,0.3073302800083286,-0.31616067775601564,0.34773948617172484,0.3060083101041744,-0.31616067775601564,1.0184172207065294 0.016420327
5 1.0774200988935394,0.010949311718177493,1.0478892253852605,1.0781198925823268,0.010949311718177493,0.3963966787173927,0.31320513952503976,0.010949311718177493,0.39557505378954416,0.3125053458362524,0.010949311718177493,1.047067600457412,1.0774200988935394,-0.18620122776908843,1.0478892253852605,1.0781198925823268,-0.18620122776908843,0.3963966787173927,0.31320513952503976,-0.18620122776908843,0.39557505378954416,0.3125053458362524,-0.18620122776908843,1.047067600457412 0.013751604
5 0.4922341306619469,0.018461708143272415,-0.64114791097507,0.5007967724355593,0.018461708143272415,-1.2089358532965924,0.05868742867185439,0.018461708143272415,-1.2156031733526278,0.05012478689824196,0.018461708143272415,-0.6478152310311055,0.4922341306619469,-0.5019506254940415,-0.64114791097507,0.5007967724355593,-0.5019506254940415,-1.2089358532965924,0.05868742867185439,-0.5019506254940415,-1.2156031733526278,0.05012478689824196,-0.5019506254940415,-0.6478152310311055 0.0069304407
5 -0.5713408386376813,0.10427489789984229,-0.22624211397183774,-0.5667858818751432,0.10427489789984229,-0.6223101587553606,-0.9674290025564716,0.10427489789984229,-0.6269177309034979,-0.9719839593190096,0.10427489789984229,-0.23084968611997508,-0.5713408386376813,-0.6799882939722299,-0.22624211397183774,-0.5667858818751432,-0.6799882939722299,-0.6223101587553606,-0.9674290025564716,-0.6799882939722299,-0.6269177309034979,-0.9719839593190096,-0.6799882939722299,-0.23084968611997508 0.004000001
5 0.31982440171708826,-0.0224379336685753,-0.7719053358681107,0.32459633458467263,-0.0224379336685753,-1.4179603755297499,-0.1456224065827346,-0.0224379336685753,-1.4214335351340865,-0.15039433945031902,-0.0224379336685753,-0.7753784954724474,0.31982440171708826,-0.4706501329093361,-0.7719053358681107,0.32459633458467263,-0.4706501329093361,-1.4179603755297499,-0.1456224065827346,-0.4706501329093361,-1.4214335351340865,-0.15039433945031902,-0.4706501329093361,-0.7753784954724474 0.007183819
5 0.496519990065625,-0.2819636685998058,-0.8740698025054272,0.4845509786532207,-0.2819636685998058,-1.6468505178274202,-0.012816645005276517,-0.2819636685998058,-1.639147169845647,-0.0008476335928722378,-0.2819636685998058,-0.866366454523654,0.496519990065625,-0.6850985662787342,-0.8740698025054272,0.4845509786532207,-0.6850985662787342,-1.6468505178274202,-0.012816645005276517,-0.6850985662787342,-1.639147169845647,-0.0008476335928722378,-0.6850985662787342,-0.866366454523654 0.029248573
5 0.7084168784298366,0.1322384298019022,-0.5782111428545914,0.7057443195965843,0.1322384298019022,-1.0421645692282677,0.22398084476810046,0.1322384298019022,-1.0393894173337022,0.2266534036013527,0.1322384298019022,-0.5754359909600257,0.7084168784298366,-0.6165671765975564,-0.5782111428545914,0.7057443195965843,-0.6165671765975564,-1.0421645692282677,0.22398084476810046,-0.6165671765975564,-1.0393894173337022,0.2266534036013527,-0.6165671765975564,-0.5754359909600257 0.03799282
6 0.7520177000831392,-0.3145399000577068,-1.0406739609207387,0.740467913432259,-0.3145399000577068,-1.36536452228895,-0.0866845482658174,-0.3145399000577068,-1.3359413249526744,-0.07513476161493726,-0.3145399000577068,-1.011250763584463,0.7520177000831392,-0.6312520597048664,-1.0406739609207387,0.740467913432259,-0.6312520597048664,-1.36536452228895,-0.0866845482658174,-0.6312520597048664,-1.3359413249526744,-0.07513476161493726,-0.6312520597048664,-1.011250763584463 0.023232294
6 0.8478503766560885,-0.10954788615292071,-0.38313327310874035,0.8507711997120626,-0.10954788615292071,-0.6753347947157666,0.5227367338633206,-0.10954788615292071,-0.6786138010184569,0.5198159108073466,-0.10954788615292071,-0.38641227941143064,0.8478503766560885,-0.9203629166882659,-0.38313327310874035,0.8507711997120626,-0.9203629166882659,-0.6753347947157666,0.5227367338633206,-0.9203629166882659,-0.6786138010184569,0.5198159108073466,-0.9203629166882659,-0.38641227941143064 0.013540125
6 0.712460400125831,-0.02624129860111235,-0.44059976442815024,0.7111699225628897,-0.02624129860111235,-1.053179605481233,0.22725576017156282,-0.02624129860111235,-1.0521601785802726,0.22854623773450414,-0.02624129860111235,-0.43958033752718984,0.712460400125831,-0.5682624021320725,-0.44059976442815024,0.7111699225628897,-0.5682624021320725,-1.053179605481233,0.22725576017156282,-0.5682624021320725,-1.0521601785802726,0.22854623773450414,-0.5682624021320725,-0.43958033752718984 0.012911432
6 0.7381036222597686,0.024705729360523232,-0.5770204443326672,0.739871349974523,0.024705729360523232,-0.9080867679710392,0.3727266847470674,0.024705729360523232,-0.9100471358904163,0.37095895703231296,0.024705729360523232,-0.5789808122520443,0.7381036222597686,-0.9226641272258187,-0.5770204443326672,0.739871349974523,-0.9226641272258187,-0.9080867679710392,0.3727266847470674,-0.9226641272258187,-0.9100471358904163,0.37095895703231296,-0.9226641272258187,-0.5789808122520443 0.01285703
6 1.0330178444957607,-0.12633192649966063,1.0198502259712194,1.034339814399915,-0.12633192649966063,0.34917249143641504,0.3073302800083286,-0.12633192649966063,0.34773948617172484,0.3060083101041744,-0.12633192649966063,1.0184172207065294,1.0330178444957607,-0.31616067775601564,1.0198502259712194,1.034339814399915,-0.31616067775601564,0.34917249143641504,0.3073302800083286,-0.31616067775601564,0.34773948617172484,0.3060083101041744,-0.31616067775601564,1.0184172207065294 0.010559349
6 1.0774200988935394,0.010949311718177493,1.0478892253852605,1.0781198925823268,0.010949311718177493,0.3963966787173927,0.31320513952503976,0.010949311718177493,0.39557505378954416,0.3125053458362524,0.010949311718177493,1.047067600457412,1.0774200988935394,-0.18620122776908843,1.0478892253852605,1.0781198925823268,-0.18620122776908843,0.3963966787173927,0.31320513952503976,-0.18620122776908843,0.39557505378954416,0.3125053458362524,-0.18620122776908843,1.047067600457412 0.006759793
6 0.4922341306619469,0.018461708143272415,-0.64114791097507,0.5007967724355593,0.018461708143272415,-1.2089358532965924,0.05868742867185439,0.018461708143272415,-1.2156031733526278,0.05012478689824196,0.018461708143272415,-0.6478152310311055,0.4922341306619469,-0.5019506254940415,-0.64114791097507,0.5007967724355593,-0.5019506254940415,-1.2089358532965924,0.05868742867185439,-0.5019506254940415,-1.2156031733526278,0.05012478689824196,-0.5019506254940415,-0.6478152310311055 0.0034003297
6 -0.5713408386376813,0.10427489789984229,-0.22624211397183774,-0.5667858818751432,0.10427489789984229,-0.6223101587553606,-0.9674290025564716,0.10427489789984229,-0.6269177309034979,-0.9719839593190096,0.10427489789984229,-0.23084968611997508,-0.5713408386376813,-0.6799882939722299,-0.22624211397183774,-0.5667858818751432,-0.6799882939722299,-0.6223101587553606,-0.9674290025564716,-0.6799882939722299,-0.6269177309034979,-0.9719839593190096,-0.6799882939722299,-0.23084968611997508 0.0003174143
6 0.31982440171708826,-0.0224379336685753,-0.7719053358681107,0.32459633458467263,-0.0224379336685753,-1.4179603755297499,-0.1456224065827346,-0.0224379336685753,-1.4214335351340865,-0.15039433945031902,-0.0224379336685753,-0.7753784954724474,0.31982440171708826,-0.4706501329093361,-0.7719053358681107,0.32459633458467263,-0.4706501329093361,-1.4179603755297499,-0.1456224065827346,-0.4706501329093361,-1.4214335351340865,-0.15039433945031902,-0.4706501329093361,-0.7753784954724474 0.010543443
6 0.496519990065625,-0.2819636685998058,-0.8740698025054272,0.4845509786532207,-0.2819636685998058,-1.6468505178274202,-0.012816645005276517,-0.2819636685998058,-1.639147169845647,-0.0008476335928722378,-0.2819636685998058,-0.866366454523654,0.496519990065625,-0.6850985662787342,-0.8740698025054272,0.4845509786532207,-0.6850985662787342,-1.6468505178274202,-0.012816645005276517,-0.6850985662787342,-1.639147169845647,-0.0008476335928722378,-0.6850985662787342,-0.866366454523654 0.01775827
6 0.7084168784298366,0.1322384298019022,-0.5782111428545914,0.7057443195965843,0.1322384298019022,-1.0421645692282677,0.22398084476810046,0.1322384298019022,-1.0393894173337022,0.2266534036013527,0.1322384298019022,-0.5754359909600257,0.7084168784298366,-0.6165671765975564,-0.5782111428545914,0.7057443195965843,-0.6165671765975564,-1.0421645692282677,0.22398084476810046,-0.6165671765975564,-1.0393894173337022,0.2266534036013527,-0.6165671765975564,-0.5754359909600257 0.010326466
7 0.7520177000831392,-0.3145399000577068,-1.0406739609207387,0.740467913432259,-0.3145399000577068,-1.36536452228895,-0.0866845482658174,-0.3145399000577068,-1.3359413249526744,-0.07513476161493726,-0.3145399000577068,-1.011250763584463,0.7520177000831392,-0.6312520597048664,-1.0406739609207387,0.740467913432259,-0.6312520597048664,-1.36536452228895,-0.0866845482658174,-0.6312520597048664,-1.3359413249526744,-0.07513476161493726,-0.6312520597048664,-1.011250763584463 0.038616408
7 0.8478503766560885,-0.10954788615292071,-0.38313327310874035,0.8507711997120626,-0.10954788615292071,-0.6753347947157666,0.5227367338633206,-0.10954788615292071,-0.6786138010184569,0.5198159108073466,-0.10954788615292071,-0.38641227941143064,0.8478503766560885,-0.9203629166882659,-0.38313327310874035,0.8507711997120626,-0.9203629166882659,-0.6753347947157666,0.5227367338633206,-0.9203629166882659,-0.6786138010184569,0.5198159108073466,-0.9203629166882659,-0.38641227941143064 0.012095921
7 0.712460400125831,-0.02624129860111235,-0.44059976442815024,0.7111699225628897,-0.02624129860111235,-1.053179605481233,0.22725576017156282,-0.02624129860111235,-1.0521601785802726,0.22854623773450414,-0.02624129860111235,-0.43958033752718984,0.712460400125831,-0.5682624021320725,-0.44059976442815024,0.7111699225628897,-0.5682624021320725,-1.053179605481233,0.22725576017156282,-0.5682624021320725,-1.0521601785802726,0.22854623773450414,-0.5682624021320725,-0.43958033752718984 0.008361868
7 0.7381036222597686,0.024705729360523232,-0.5770204443326672,0.739871349974523,0.024705729360523232,-0.9080867679710392,0.3727266847470674,0.024705729360523232,-0.9100471358904163,0.37095895703231296,0.024705729360523232,-0.5789808122520443,0.7381036222597686,-0.9226641272258187,-0.5770204443326672,0.739871349974523,-0.9226641272258187,-0.9080867679710392,0.3727266847470674,-0.9226641272258187,-0.9100471358904163,0.37095895703231296,-0.9226641272258187,-0.5789808122520443 0.01373947
7 1.0330178444957607,-0.12633192649966063,1.0198502259712194,1.034339814399915,-0.12633192649966063,0.34917249143641504,0.3073302800083286,-0.12633192649966063,0.34773948617172484,0.3060083101041744,-0.12633192649966063,1.0184172207065294,1.0330178444957607,-0.31616067775601564,1.0198502259712194,1.034339814399915,-0.31616067775601564,0.34917249143641504,0.3073302800083286,-0.31616067775601564,0.34773948617172484,0.3060083101041744,-0.31616067775601564,1.0184172207065294 0.0017083932
7 1.0774200988935394,0.010949311718177493,1.0478892253852605,1.0781198925823268,0.010949311718177493,0.3963966787173927,0.31320513952503976,0.010949311718177493,0.39557505378954416,0.3125053458362524,0.010949311718177493,1.047067600457412,1.0774200988935394,-0.18620122776908843,1.0478892253852605,1.0781198925823268,-0.18620122776908843,0.3963966787173927,0.31320513952503976,-0.18620122776908843,0.39557505378954416,0.3125053458362524,-0.18620122776908843,1.047067600457412 0.0013346355
7 0.4922341306619469,0.018461708143272415,-0.64114791097507,0.5007967724355593,0.018461708143272415,-1.2089358532965924,0.05868742867185439,0.018461708143272415,-1.2156031733526278,0.05012478689824196,0.018461708143272415,-0.6478152310311055,0.4922341306619469,-0.5019506254940415,-0.64114791097507,0.5007967724355593,-0.5019506254940415,-1.2089358532965924,0.05868742867185439,-0.5019506254940415,-1.2156031733526278,0.05012478689824196,-0.5019506254940415,-0.6478152310311055 0.001457566
7 -0.5713408386376813,0.10427489789984229,-0.22624211397183774,-0.5667858818751432,0.10427489789984229,-0.6223101587553606,-0.9674290025564716,0.10427489789984229,-0.6269177309034979,-0.9719839593190096,0.10427489789984229,-0.23084968611997508,-0.5713408386376813,-0.6799882939722299,-0.22624211397183774,-0.5667858818751432,-0.6799882939722299,-0.6223101587553606,-0.9674290025564716,-0.6799882939722299,-0.6269177309034979,-0.9719839593190096,-0.6799882939722299,-0.23084968611997508 0.00027653595
7 0.31982440171708826,-0.0224379336685753,-0.7719053358681107,0.32459633458467263,-0.0224379336685753,-1.4179603755297499,-0.1456224065827346,-0.0224379336685753,-1.4214335351340865,-0.15039433945031902,-0.0224379336685753,-0.7753784954724474,0.31982440171708826,-0.4706501329093361,-0.7719053358681107,0.32459633458467263,-0.4706501329093361,-1.4179603755297499,-0.1456224065827346,-0.4706501329093361,-1.4214335351340865,-0.15039433945031902,-0.4706501329093361,-0.7753784954724474 0.0016185588
7 0.496519990065625,-0.2819636685998058,-0.8740698025054272,0.4845509786532207,-0.2819636685998058,-1.6468505178274202,-0.012816645005276517,-0.2819636685998058,-1.639147169845647,-0.0008476335928722378,-0.2819636685998058,-0.866366454523654,0.496519990065625,-0.6850985662787342,-0.8740698025054272,0.4845509786532207,-0.6850985662787342,-1.6468505178274202,-0.012816645005276517,-0.6850985662787342,-1.639147169845647,-0.0008476335928722378,-0.6850985662787342,-0.866366454523654 0.012354134
7 0.7084168784298366,0.1322384298019022,-0.5782111428545914,0.7057443195965843,0.1322384298019022,-1.0421645692282677,0.22398084476810046,0.1322384298019022,-1.0393894173337022,0.2266534036013527,0.1322384298019022,-0.5754359909600257,0.7084168784298366,-0.6165671765975564,-0.5782111428545914,0.7057443195965843,-0.6165671765975564,-1.0421645692282677,0.22398084476810046,-0.6165671765975564,-1.0393894173337022,0.2266534036013527,-0.6165671765975564,-0.5754359909600257 0.007513788
8 0.7520177000831392,-0.3145399000577068,-1.0406739609207387,0.740467913432259,-0.3145399000577068,-1.36536452228895,-0.0866845482658174,-0.3145399000577068,-1.3359413249526744,-0.07513476161493726,-0.3145399000577068,-1.011250763584463,0.7520177000831392,-0.6312520597048664,-1.0406739609207387,0.740467913432259,-0.6312520597048664,-1.36536452228895,-0.0866845482658174,-0.6312520597048664,-1.3359413249526744,-0.07513476161493726,-0.6312520597048664,-1.011250763584463 0.046752643
8 0.8478503766560885,-0.10954788615292071,-0.38313327310874035,0.8507711997120626,-0.10954788615292071,-0.6753347947157666,0.5227367338633206,-0.10954788615292071,-0.6786138010184569,0.5198159108073466,-0.10954788615292071,-0.38641227941143064,0.8478503766560885,-0.9203629166882659,-0.38313327310874035,0.8507711997120626,-0.9203629166882659,-0.6753347947157666,0.5227367338633206,-0.9203629166882659,-0.6786138010184569,0.5198159108073466,-0.9203629166882659,-0.38641227941143064 0.01781379
8 0.712460400125831,-0.02624129860111235,-0.44059976442815024,0.7111699225628897,-0.02624129860111235,-1.053179605481233,0.22725576017156282,-0.02624129860111235,-1.0521601785802726,0.22854623773450414,-0.02624129860111235,-0.43958033752718984,0.712460400125831,-0.5682624021320725,-0.44059976442815024,0.7111699225628897,-0.5682624021320725,-1.053179605481233,0.22725576017156282,-0.5682624021320725,-1.0521601785802726,0.22854623773450414,-0.5682624021320725,-0.43958033752718984 0.015003309
8 0.7381036222597686,0.024705729360523232,-0.5770204443326672,0.739871349974523,0.024705729360523232,-0.9080867679710392,0.3727266847470674,0.024705729360523232,-0.9100471358904163,0.37095895703231296,0.024705729360523232,-0.5789808122520443,0.7381036222597686,-0.9226641272258187,-0.5770204443326672,0.739871349974523,-0.9226641272258187,-0.9080867679710392,0.3727266847470674,-0.9226641272258187,-0.9100471358904163,0.37095895703231296,-0.9226641272258187,-0.5789808122520443 0.035092745
8 1.0330178444957607,-0.12633192649966063,1.0198502259712194,1.034339814399915,-0.12633192649966063,0.34917249143641504,0.3073302800083286,-0.12633192649966063,0.34773948617172484,0.3060083101041744,-0.12633192649966063,1.0184172207065294,1.0330178444957607,-0.31616067775601564,1.0198502259712194,1.034339814399915,-0.31616067775601564,0.34917249143641504,0.3073302800083286,-0.31616067775601564,0.34773948617172484,0.3060083101041744,-0.31616067775601564,1.0184172207065294 0.00082042965
8 1.0774200988935394,0.010949311718177493,1.0478892253852605,1.0781198925823268,0.010949311718177493,0.3963966787173927,0.31320513952503976,0.010949311718177493,0.39557505378954416,0.3125053458362524,0.010949311718177493,1.047067600457412,1.0774200988935394,-0.18620122776908843,1.0478892253852605,1.0781198925823268,-0.18620122776908843,0.3963966787173927,0.31320513952503976,-0.18620122776908843,0.39557505378954416,0.3125053458362524,-0.18620122776908843,1.047067600457412 0.00063410704
8 0.4922341306619469,0.018461708143272415,-0.64114791097507,0.5007967724355593,0.018461708143272415,-1.2089358532965924,0.05868742867185439,0.018461708143272415,-1.2156031733526278,0.05012478689824196,0.018461708143272415,-0.6478152310311055,0.4922341306619469,-0.5019506254940415,-0.64114791097507,0.5007967724355593,-0.5019506254940415,-1.2089358532965924,0.05868742867185439,-0.5019506254940415,-1.2156031733526278,0.05012478689824196,-0.5019506254940415,-0.6478152310311055 0.0014286041
8 -0.5713408386376813,0.10427489789984229,-0.22624211397183774,-0.5667858818751432,0.10427489789984229,-0.6223101587553606,-0.9674290025564716,0.10427489789984229,-0.6269177309034979,-0.9719839593190096,0.10427489789984229,-0.23084968611997508,-0.5713408386376813,-0.6799882939722299,-0.22624211397183774,-0.5667858818751432,-0.6799882939722299,-0.6223101587553606,-0.9674290025564716,-0.6799882939722299,-0.6269177309034979,-0.9719839593190096,-0.6799882939722299,-0.23084968611997508 0.0005790964
8 0.31982440171708826,-0.0224379336685753,-0.7719053358681107,0.32459633458467263,-0.0224379336685753,-1.4179603755297499,-0.1456224065827346,-0.0224379336685753,-1.4214335351340865,-0.15039433945031902,-0.0224379336685753,-0.7753784954724474,0.31982440171708826,-0.4706501329093361,-0.7719053358681107,0.32459633458467263,-0.4706501329093361,-1.4179603755297499,-0.1456224065827346,-0.4706501329093361,-1.4214335351340865,-0.15039433945031902,-0.4706501329093361,-0.7753784954724474 0.002022834
8 0.496519990065625,-0.2819636685998058,-0.8740698025054272,0.4845509786532207,-0.2819636685998058,-1.6468505178274202,-0.012816645005276517,-0.2819636685998058,-1.639147169845647,-0.0008476335928722378,-0.2819636685998058,-0.866366454523654,0.496519990065625,-0.6850985662787342,-0.8740698025054272,0.4845509786532207,-0.6850985662787342,-1.6468505178274202,-0.012816645005276517,-0.6850985662787342,-1.639147169845647,-0.0008476335928722378,-0.6850985662787342,-0.866366454523654 0.01326244
8 0.7084168784298366,0.1322384298019022,-0.5782111428545914,0.7057443195965843,0.1322384298019022,-1.0421645692282677,0.22398084476810046,0.1322384298019022,-1.0393894173337022,0.2266534036013527,0.1322384298019022,-0.5754359909600257,0.7084168784298366,-0.6165671765975564,-0.5782111428545914,0.7057443195965843,-0.6165671765975564,-1.0421645692282677,0.22398084476810046,-0.6165671765975564,-1.0393894173337022,0.2266534036013527,-0.6165671765975564,-0.5754359909600257 0.012322962
9 0.7520177000831392,-0.3145399000577068,-1.0406739609207387,0.740467913432259,-0.3145399000577068,-1.36536452228895,-0.0866845482658174,-0.3145399000577068,-1.3359413249526744,-0.07513476161493726,-0.3145399000577068,-1.011250763584463,0.7520177000831392,-0.6312520597048664,-1.0406739609207387,0.740467913432259,-0.6312520597048664,-1.36536452228895,-0.0866845482658174,-0.6312520597048664,-1.3359413249526744,-0.07513476161493726,-0.6312520597048664,-1.011250763584463 0.19405156
9 0.8478503766560885,-0.10954788615292071,-0.38313327310874035,0.8507711997120626,-0.10954788615292071,-0.6753347947157666,0.5227367338633206,-0.10954788615292071,-0.6786138010184569,0.5198159108073466,-0.10954788615292071,-0.38641227941143064,0.8478503766560885,-0.9203629166882659,-0.38313327310874035,0.8507711997120626,-0.9203629166882659,-0.6753347947157666,0.5227367338633206,-0.9203629166882659,-0.6786138010184569,0.5198159108073466,-0.9203629166882659,-0.38641227941143064 0.050221503
9 0.712460400125831,-0.02624129860111235,-0.44059976442815024,0.7111699225628897,-0.02624129860111235,-1.053179605481233,0.22725576017156282,-0.02624129860111235,-1.0521601785802726,0.22854623773450414,-0.02624129860111235,-0.43958033752718984,0.712460400125831,-0.5682624021320725,-0.44059976442815024,0.7111699225628897,-0.5682624021320725,-1.053179605481233,0.22725576017156282,-0.5682624021320725,-1.0521601785802726,0.22854623773450414,-0.5682624021320725,-0.43958033752718984 0.53028613
9 0.7381036222597686,0.024705729360523232,-0.5770204443326672,0.739871349974523,0.024705729360523232,-0.9080867679710392,0.3727266847470674,0.024705729360523232,-0.9100471358904163,0.37095895703231296,0.024705729360523232,-0.5789808122520443,0.7381036222597686,-0.9226641272258187,-0.5770204443326672,0.739871349974523,-0.9226641272258187,-0.9080867679710392,0.3727266847470674,-0.9226641272258187,-0.9100471358904163,0.37095895703231296,-0.9226641272258187,-0.5789808122520443 0.047170423
9 1.0330178444957607,-0.12633192649966063,1.0198502259712194,1.034339814399915,-0.12633192649966063,0.34917249143641504,0.3073302800083286,-0.12633192649966063,0.34773948617172484,0.3060083101041744,-0.12633192649966063,1.0184172207065294,1.0330178444957607,-0.31616067775601564,1.0198502259712194,1.034339814399915,-0.31616067775601564,0.34917249143641504,0.3073302800083286,-0.31616067775601564,0.34773948617172484,0.3060083101041744,-0.31616067775601564,1.0184172207065294 0.0056759897
9 1.0774200988935394,0.010949311718177493,1.0478892253852605,1.0781198925823268,0.010949311718177493,0.3963966787173927,0.31320513952503976,0.010949311718177493,0.39557505378954416,0.3125053458362524,0.010949311718177493,1.047067600457412,1.0774200988935394,-0.18620122776908843,1.0478892253852605,1.0781198925823268,-0.18620122776908843,0.3963966787173927,0.31320513952503976,-0.18620122776908843,0.39557505378954416,0.3125053458362524,-0.18620122776908843,1.047067600457412 0.0044525457
9 0.4922341306619469,0.018461708143272415,-0.64114791097507,0.5007967724355593,0.018461708143272415,-1.2089358532965924,0.05868742867185439,0.018461708143272415,-1.2156031733526278,0.05012478689824196,0.018461708143272415,-0.6478152310311055,0.4922341306619469,-0.5019506254940415,-0.64114791097507,0.5007967724355593,-0.5019506254940415,-1.2089358532965924,0.05868742867185439,-0.5019506254940415,-1.2156031733526278,0.05012478689824196,-0.5019506254940415,-0.6478152310311055 0.8183815
9 -0.5713408386376813,0.10427489789984229,-0.22624211397183774,-0.5667858818751432,0.10427489789984229,-0.6223101587553606,-0.9674290025564716,0.10427489789984229,-0.6269177309034979,-0.9719839593190096,0.10427489789984229,-0.23084968611997508,-0.5713408386376813,-0.6799882939722299,-0.22624211397183774,-0.5667858818751432,-0.6799882939722299,-0.6223101587553606,-0.9674290025564716,-0.6799882939722299,-0.6269177309034979,-0.9719839593190096,-0.6799882939722299,-0.23084968611997508 0.01775042
9 0.31982440171708826,-0.0224379336685753,-0.7719053358681107,0.32459633458467263,-0.0224379336685753,-1.4179603755297499,-0.1456224065827346,-0.0224379336685753,-1.4214335351340865,-0.15039433945031902,-0.0224379336685753,-0.7753784954724474,0.31982440171708826,-0.4706501329093361,-0.7719053358681107,0.32459633458467263,-0.4706501329093361,-1.4179603755297499,-0.1456224065827346,-0.4706501329093361,-1.4214335351340865,-0.15039433945031902,-0.4706501329093361,-0.7753784954724474 0.8836143
9 0.496519990065625,-0.2819636685998058,-0.8740698025054272,0.4845509786532207,-0.2819636685998058,-1.6468505178274202,-0.012816645005276517,-0.2819636685998058,-1.639147169845647,-0.0008476335928722378,-0.2819636685998058,-0.866366454523654,0.496519990065625,-0.6850985662787342,-0.8740698025054272,0.4845509786532207,-0.6850985662787342,-1.6468505178274202,-0.012816645005276517,-0.6850985662787342,-1.639147169845647,-0.0008476335928722378,-0.6850985662787342,-0.866366454523654 0.80437666
9 0.7084168784298366,0.1322384298019022,-0.5782111428545914,0.7057443195965843,0.1322384298019022,-1.0421645692282677,0.22398084476810046,0.1322384298019022,-1.0393894173337022,0.2266534036013527,0.1322384298019022,-0.5754359909600257,0.7084168784298366,-0.6165671765975564,-0.5782111428545914,0.7057443195965843,-0.6165671765975564,-1.0421645692282677,0.22398084476810046,-0.6165671765975564,-1.0393894173337022,0.2266534036013527,-0.6165671765975564,-0.5754359909600257 0.39201683
