0 -0.17710003710564373,0.7115173387046814,0.8729580541072846,-0.1682169973095132,0.7115173387046814,0.5142499770894182,-0.4541596426886678,0.7115173387046814,0.5071688990177154,-0.4630426824847983,0.7115173387046814,0.8658769760355818,-0.17710003710564373,0.0908895087722778,0.8729580541072846,-0.1682169973095132,0.0908895087722778,0.5142499770894182,-0.4541596426886678,0.0908895087722778,0.5071688990177154,-0.4630426824847983,0.0908895087722778,0.8658769760355818 0.0062024114
0 0.6002174298474379,-0.25051035260000226,-0.30118246456403647,0.5881795829234248,-0.25051035260000226,-0.877774339050178,-0.016354886741358765,-0.25051035260000226,-0.8651531181691179,-0.004317039817345658,-0.25051035260000226,-0.28856124368297625,0.6002174298474379,-0.7900460782166481,-0.30118246456403647,0.5881795829234248,-0.7900460782166481,-0.877774339050178,-0.016354886741358765,-0.7900460782166481,-0.8651531181691179,-0.004317039817345658,-0.7900460782166481,-0.28856124368297625 0.009205985
0 -1.0570997347003463,0.547174426640215,-0.49864000672233055,-1.0635837826896097,0.547174426640215,-0.7033315745794767,-1.4149907480114456,0.547174426640215,-0.6921999991523032,-1.4085067000221823,0.547174426640215,-0.4875084312951571,-1.0570997347003463,-0.28784716400021554,-0.49864000672233055,-1.0635837826896097,-0.28784716400021554,-0.7033315745794767,-1.4149907480114456,-0.28784716400021554,-0.6921999991523032,-1.4085067000221823,-0.28784716400021554,-0.4875084312951571 0.006325653
0 -0.9103630649332635,0.20616548235378268,-0.5061707140608469,-0.9427833381376487,0.20616548235378268,-1.0624667750917125,-1.3200532329793342,0.20616548235378268,-1.0404799340562185,-1.287632959774949,0.20616548235378268,-0.48418387302535293,-0.9103630649332635,-0.35136460239849093,-0.5061707140608469,-0.9427833381376487,-0.35136460239849093,-1.0624667750917125,-1.3200532329793342,-0.35136460239849093,-1.0404799340562185,-1.287632959774949,-0.35136460239849093,-0.48418387302535293 0.0044641816
0 0.21129648342680685,0.0934429364915848,0.4991650246182816,0.22589307984786644,0.0934429364915848,0.1072576620038932,-0.1929194177682375,0.0934429364915848,0.09165898336969444,-0.2075160141892971,0.0934429364915848,0.4835663459840829,0.21129648342680685,-0.2521365183111191,0.4991650246182816,0.22589307984786644,-0.2521365183111191,0.1072576620038932,-0.1929194177682375,-0.2521365183111191,0.09165898336969444,-0.2075160141892971,-0.2521365183111191,0.4835663459840829 0.0038884168
0 -0.25069228909109664,0.046018061291790036,1.1663796460117513,-0.24027136919205347,0.046018061291790036,0.7001783128364922,-0.574484545969023,0.046018061291790036,0.6927077019725627,-0.5849054658680661,0.046018061291790036,1.1589090351478217,-0.25069228909109664,-0.548660335194683,1.1663796460117513,-0.24027136919205347,-0.548660335194683,0.7001783128364922,-0.574484545969023,-0.548660335194683,0.6927077019725627,-0.5849054658680661,-0.548660335194683,1.1589090351478217 0.004992707
0 -0.6453037137531779,0.4753853370499039,-0.15146169120104258,-0.6660395731499298,0.4753853370499039,-0.401422117564599,-1.015314591453121,0.4753853370499039,-0.3724474603530651,-0.994578732056369,0.4753853370499039,-0.12248703398950864,-0.6453037137531779,-0.4042691578220749,-0.15146169120104258,-0.6660395731499298,-0.4042691578220749,-0.401422117564599,-1.015314591453121,-0.4042691578220749,-0.3724474603530651,-0.994578732056369,-0.4042691578220749,-0.12248703398950864 0.0061583407
0 0.2838189223413995,-0.14897773967979433,-0.8440895737033285,0.28616860397113686,-0.14897773967979433,-1.3778587787996877,-0.5371903994684747,-0.14897773967979433,-1.381483250774821,-0.539540081098212,-0.14897773967979433,-0.8477140456784618,0.2838189223413995,-0.4187094737410736,-0.8440895737033285,0.28616860397113686,-0.4187094737410736,-1.3778587787996877,-0.5371903994684747,-0.4187094737410736,-1.381483250774821,-0.539540081098212,-0.4187094737410736,-0.8477140456784618 0.009002608
0 -1.1651453335200714,0.32623434710020066,-0.7774033965975108,-1.1666164022446213,0.32623434710020066,-0.9899502620227131,-1.4679494540775848,0.32623434710020066,-0.9878646907895742,-1.466478385353035,0.32623434710020066,-0.7753178253643719,-1.1651453335200714,-0.32869345592969895,-0.7774033965975108,-1.1666164022446213,-0.32869345592969895,-0.9899502620227131,-1.4679494540775848,-0.32869345592969895,-0.9878646907895742,-1.466478385353035,-0.32869345592969895,-0.7753178253643719 0.004775822
0 -0.009855803429854454,0.4946763281773949,0.3678535851246224,-0.0024999846312726837,0.4946763281773949,0.08157275256949864,-0.4044368301036233,0.4946763281773949,0.07124522006451026,-0.4117926489022051,0.4946763281773949,0.35752605261963405,-0.009855803429854454,-0.09080684828275681,0.3678535851246224,-0.0024999846312726837,-0.09080684828275681,0.08157275256949864,-0.4044368301036233,-0.09080684828275681,0.07124522006451026,-0.4117926489022051,-0.09080684828275681,0.35752605261963405 0.006753213
0 -0.8135946270515727,0.5246859164040709,-0.4469978924298389,-0.8084909434877064,0.5246859164040709,-0.7089278189460146,-1.1921483996818258,0.5246859164040709,-0.7164033536410229,-1.1972520832456919,0.5246859164040709,-0.45447342712484723,-0.8135946270515727,-0.2281162709992552,-0.4469978924298389,-0.8084909434877064,-0.2281162709992552,-0.7089278189460146,-1.1921483996818258,-0.2281162709992552,-0.7164033536410229,-1.1972520832456919,-0.2281162709992552,-0.45447342712484723 0.0072361995
0 -0.22830183791654846,0.7572620409246444,0.42102222060767325,-0.20139344981534643,0.7572620409246444,0.04085538199407723,-0.42343173933488587,0.7572620409246444,0.025139407161796967,-0.45034012743608787,0.7572620409246444,0.405306245775393,-0.22830183791654846,0.2556774122003555,0.42102222060767325,-0.20139344981534643,0.2556774122003555,0.04085538199407723,-0.42343173933488587,0.2556774122003555,0.025139407161796967,-0.45034012743608787,0.2556774122003555,0.405306245775393 0.0040083486
0 -0.19193723985000405,-1.21772202019876,1.1769043096404683,-0.1994948812880764,-1.21772202019876,0.9627548276421405,-0.7303862254972859,-1.21772202019876,0.9814907423157084,-0.7228285840592137,-1.21772202019876,1.1956402243140363,-0.19193723985000405,-1.932008900592866,1.1769043096404683,-0.1994948812880764,-1.932008900592866,0.9627548276421405,-0.7303862254972859,-1.932008900592866,0.9814907423157084,-0.7228285840592137,-1.932008900592866,1.1956402243140363 0.0075375307
1 -0.17710003710564373,0.7115173387046814,0.8729580541072846,-0.1682169973095132,0.7115173387046814,0.5142499770894182,-0.4541596426886678,0.7115173387046814,0.5071688990177154,-0.4630426824847983,0.7115173387046814,0.8658769760355818,-0.17710003710564373,0.0908895087722778,0.8729580541072846,-0.1682169973095132,0.0908895087722778,0.5142499770894182,-0.4541596426886678,0.0908895087722778,0.5071688990177154,-0.4630426824847983,0.0908895087722778,0.8658769760355818 0.010986837
1 0.6002174298474379,-0.25051035260000226,-0.30118246456403647,0.5881795829234248,-0.25051035260000226,-0.877774339050178,-0.016354886741358765,-0.25051035260000226,-0.8651531181691179,-0.004317039817345658,-0.25051035260000226,-0.28856124368297625,0.6002174298474379,-0.7900460782166481,-0.30118246456403647,0.5881795829234248,-0.7900460782166481,-0.877774339050178,-0.016354886741358765,-0.7900460782166481,-0.8651531181691179,-0.004317039817345658,-0.7900460782166481,-0.28856124368297625 0.0053035724
1 -1.0570997347003463,0.547174426640215,-0.49864000672233055,-1.0635837826896097,0.547174426640215,-0.7033315745794767,-1.4149907480114456,0.547174426640215,-0.6921999991523032,-1.4085067000221823,0.547174426640215,-0.4875084312951571,-1.0570997347003463,-0.28784716400021554,-0.49864000672233055,-1.0635837826896097,-0.28784716400021554,-0.7033315745794767,-1.4149907480114456,-0.28784716400021554,-0.6921999991523032,-1.4085067000221823,-0.28784716400021554,-0.4875084312951571 0.005640131
1 -0.9103630649332635,0.20616548235378268,-0.5061707140608469,-0.9427833381376487,0.20616548235378268,-1.0624667750917125,-1.3200532329793342,0.20616548235378268,-1.0404799340562185,-1.287632959774949,0.20616548235378268,-0.48418387302535293,-0.9103630649332635,-0.35136460239849093,-0.5061707140608469,-0.9427833381376487,-0.35136460239849093,-1.0624667750917125,-1.3200532329793342,-0.35136460239849093,-1.0404799340562185,-1.287632959774949,-0.35136460239849093,-0.48418387302535293 0.006608667
1 0.21129648342680685,0.0934429364915848,0.4991650246182816,0.22589307984786644,0.0934429364915848,0.1072576620038932,-0.1929194177682375,0.0934429364915848,0.09165898336969444,-0.2075160141892971,0.0934429364915848,0.4835663459840829,0.21129648342680685,-0.2521365183111191,0.4991650246182816,0.22589307984786644,-0.2521365183111191,0.1072576620038932,-0.1929194177682375,-0.2521365183111191,0.09165898336969444,-0.2075160141892971,-0.2521365183111191,0.4835663459840829 0.0050311335
1 -0.25069228909109664,0.046018061291790036,1.1663796460117513,-0.24027136919205347,0.046018061291790036,0.7001783128364922,-0.574484545969023,0.046018061291790036,0.6927077019725627,-0.5849054658680661,0.046018061291790036,1.1589090351478217,-0.25069228909109664,-0.548660335194683,1.1663796460117513,-0.24027136919205347,-0.548660335194683,0.7001783128364922,-0.574484545969023,-0.548660335194683,0.6927077019725627,-0.5849054658680661,-0.548660335194683,1.1589090351478217 0.00881181
1 -0.6453037137531779,0.4753853370499039,-0.15146169120104258,-0.6660395731499298,0.4753853370499039,-0.401422117564599,-1.015314591453121,0.4753853370499039,-0.3724474603530651,-0.994578732056369,0.4753853370499039,-0.12248703398950864,-0.6453037137531779,-0.4042691578220749,-0.15146169120104258,-0.6660395731499298,-0.4042691578220749,-0.401422117564599,-1.015314591453121,-0.4042691578220749,-0.3724474603530651,-0.994578732056369,-0.4042691578220749,-0.12248703398950864 0.0055152993
1 0.2838189223413995,-0.14897773967979433,-0.8440895737033285,0.28616860397113686,-0.14897773967979433,-1.3778587787996877,-0.5371903994684747,-0.14897773967979433,-1.381483250774821,-0.539540081098212,-0.14897773967979433,-0.8477140456784618,0.2838189223413995,-0.4187094737410736,-0.8440895737033285,0.28616860397113686,-0.4187094737410736,-1.3778587787996877,-0.5371903994684747,-0.4187094737410736,-1.381483250774821,-0.539540081098212,-0.4187094737410736,-0.8477140456784618 0.006346605
1 -1.1651453335200714,0.32623434710020066,-0.7774033965975108,-1.1666164022446213,0.32623434710020066,-0.9899502620227131,-1.4679494540775848,0.32623434710020066,-0.9878646907895742,-1.466478385353035,0.32623434710020066,-0.7753178253643719,-1.1651453335200714,-0.32869345592969895,-0.7774033965975108,-1.1666164022446213,-0.32869345592969895,-0.9899502620227131,-1.4679494540775848,-0.32869345592969895,-0.9878646907895742,-1.466478385353035,-0.32869345592969895,-0.7753178253643719 0.0055782977
1 -0.009855803429854454,0.4946763281773949,0.3678535851246224,-0.0024999846312726837,0.4946763281773949,0.08157275256949864,-0.4044368301036233,0.4946763281773949,0.07124522006451026,-0.4117926489022051,0.4946763281773949,0.35752605261963405,-0.009855803429854454,-0.09080684828275681,0.3678535851246224,-0.0024999846312726837,-0.09080684828275681,0.08157275256949864,-0.4044368301036233,-0.09080684828275681,0.07124522006451026,-0.4117926489022051,-0.09080684828275681,0.35752605261963405 0.009926158
1 -0.8135946270515727,0.5246859164040709,-0.4469978924298389,-0.8084909434877064,0.5246859164040709,-0.7089278189460146,-1.1921483996818258,0.5246859164040709,-0.7164033536410229,-1.1972520832456919,0.5246859164040709,-0.45447342712484723,-0.8135946270515727,-0.2281162709992552,-0.4469978924298389,-0.8084909434877064,-0.2281162709992552,-0.7089278189460146,-1.1921483996818258,-0.2281162709992552,-0.7164033536410229,-1.1972520832456919,-0.2281162709992552,-0.45447342712484723 0.010101413
1 -0.22830183791654846,0.7572620409246444,0.42102222060767325,-0.20139344981534643,0.7572620409246444,0.04085538199407723,-0.42343173933488587,0.7572620409246444,0.025139407161796967,-0.45034012743608787,0.7572620409246444,0.405306245775393,-0.22830183791654846,0.2556774122003555,0.42102222060767325,-0.20139344981534643,0.2556774122003555,0.04085538199407723,-0.42343173933488587,0.2556774122003555,0.025139407161796967,-0.45034012743608787,0.2556774122003555,0.405306245775393 0.0067974185
1 -0.19193723985000405,-1.21772202019876,1.1769043096404683,-0.1994948812880764,-1.21772202019876,0.9627548276421405,-0.7303862254972859,-1.21772202019876,0.9814907423157084,-0.7228285840592137,-1.21772202019876,1.1956402243140363,-0.19193723985000405,-1.932008900592866,1.1769043096404683,-0.1994948812880764,-1.932008900592866,0.9627548276421405,-0.7303862254972859,-1.932008900592866,0.9814907423157084,-0.7228285840592137,-1.932008900592866,1.1956402243140363 0.003388261
2 -0.17710003710564373,0.7115173387046814,0.8729580541072846,-0.1682169973095132,0.7115173387046814,0.5142499770894182,-0.4541596426886678,0.7115173387046814,0.5071688990177154,-0.4630426824847983,0.7115173387046814,0.8658769760355818,-0.17710003710564373,0.0908895087722778,0.8729580541072846,-0.1682169973095132,0.0908895087722778,0.5142499770894182,-0.4541596426886678,0.0908895087722778,0.5071688990177154,-0.4630426824847983,0.0908895087722778,0.8658769760355818 0.014990566
2 0.6002174298474379,-0.25051035260000226,-0.30118246456403647,0.5881795829234248,-0.25051035260000226,-0.877774339050178,-0.016354886741358765,-0.25051035260000226,-0.8651531181691179,-0.004317039817345658,-0.25051035260000226,-0.28856124368297625,0.6002174298474379,-0.7900460782166481,-0.30118246456403647,0.5881795829234248,-0.7900460782166481,-0.877774339050178,-0.016354886741358765,-0.7900460782166481,-0.8651531181691179,-0.004317039817345658,-0.7900460782166481,-0.28856124368297625 0.008421219
2 -1.0570997347003463,0.547174426640215,-0.49864000672233055,-1.0635837826896097,0.547174426640215,-0.7033315745794767,-1.4149907480114456,0.547174426640215,-0.6921999991523032,-1.4085067000221823,0.547174426640215,-0.4875084312951571,-1.0570997347003463,-0.28784716400021554,-0.49864000672233055,-1.0635837826896097,-0.28784716400021554,-0.7033315745794767,-1.4149907480114456,-0.28784716400021554,-0.6921999991523032,-1.4085067000221823,-0.28784716400021554,-0.4875084312951571 0.0058699325
2 -0.9103630649332635,0.20616548235378268,-0.5061707140608469,-0.9427833381376487,0.20616548235378268,-1.0624667750917125,-1.3200532329793342,0.20616548235378268,-1.0404799340562185,-1.287632959774949,0.20616548235378268,-0.48418387302535293,-0.9103630649332635,-0.35136460239849093,-0.5061707140608469,-0.9427833381376487,-0.35136460239849093,-1.0624667750917125,-1.3200532329793342,-0.35136460239849093,-1.0404799340562185,-1.287632959774949,-0.35136460239849093,-0.48418387302535293 0.007575371
2 0.21129648342680685,0.0934429364915848,0.4991650246182816,0.22589307984786644,0.0934429364915848,0.1072576620038932,-0.1929194177682375,0.0934429364915848,0.09165898336969444,-0.2075160141892971,0.0934429364915848,0.4835663459840829,0.21129648342680685,-0.2521365183111191,0.4991650246182816,0.22589307984786644,-0.2521365183111191,0.1072576620038932,-0.1929194177682375,-0.2521365183111191,0.09165898336969444,-0.2075160141892971,-0.2521365183111191,0.4835663459840829 0.013277196
2 -0.25069228909109664,0.046018061291790036,1.1663796460117513,-0.24027136919205347,0.046018061291790036,0.7001783128364922,-0.574484545969023,0.046018061291790036,0.6927077019725627,-0.5849054658680661,0.046018061291790036,1.1589090351478217,-0.25069228909109664,-0.548660335194683,1.1663796460117513,-0.24027136919205347,-0.548660335194683,0.7001783128364922,-0.574484545969023,-0.548660335194683,0.6927077019725627,-0.5849054658680661,-0.548660335194683,1.1589090351478217 0.010969172
2 -0.6453037137531779,0.4753853370499039,-0.15146169120104258,-0.6660395731499298,0.4753853370499039,-0.401422117564599,-1.015314591453121,0.4753853370499039,-0.3724474603530651,-0.994578732056369,0.4753853370499039,-0.12248703398950864,-0.6453037137531779,-0.4042691578220749,-0.15146169120104258,-0.6660395731499298,-0.4042691578220749,-0.401422117564599,-1.015314591453121,-0.4042691578220749,-0.3724474603530651,-0.994578732056369,-0.4042691578220749,-0.12248703398950864 0.0048959586
2 0.2838189223413995,-0.14897773967979433,-0.8440895737033285,0.28616860397113686,-0.14897773967979433,-1.3778587787996877,-0.5371903994684747,-0.14897773967979433,-1.381483250774821,-0.539540081098212,-0.14897773967979433,-0.8477140456784618,0.2838189223413995,-0.4187094737410736,-0.8440895737033285,0.28616860397113686,-0.4187094737410736,-1.3778587787996877,-0.5371903994684747,-0.4187094737410736,-1.381483250774821,-0.539540081098212,-0.4187094737410736,-0.8477140456784618 0.0082995985
2 -1.1651453335200714,0.32623434710020066,-0.7774033965975108,-1.1666164022446213,0.32623434710020066,-0.9899502620227131,-1.4679494540775848,0.32623434710020066,-0.9878646907895742,-1.466478385353035,0.32623434710020066,-0.7753178253643719,-1.1651453335200714,-0.32869345592969895,-0.7774033965975108,-1.1666164022446213,-0.32869345592969895,-0.9899502620227131,-1.4679494540775848,-0.32869345592969895,-0.9878646907895742,-1.466478385353035,-0.32869345592969895,-0.7753178253643719 0.006436192
2 -0.009855803429854454,0.4946763281773949,0.3678535851246224,-0.0024999846312726837,0.4946763281773949,0.08157275256949864,-0.4044368301036233,0.4946763281773949,0.07124522006451026,-0.4117926489022051,0.4946763281773949,0.35752605261963405,-0.009855803429854454,-0.09080684828275681,0.3678535851246224,-0.0024999846312726837,-0.09080684828275681,0.08157275256949864,-0.4044368301036233,-0.09080684828275681,0.07124522006451026,-0.4117926489022051,-0.09080684828275681,0.35752605261963405 0.015570324
2 -0.8135946270515727,0.5246859164040709,-0.4469978924298389,-0.8084909434877064,0.5246859164040709,-0.7089278189460146,-1.1921483996818258,0.5246859164040709,-0.7164033536410229,-1.1972520832456919,0.5246859164040709,-0.45447342712484723,-0.8135946270515727,-0.2281162709992552,-0.4469978924298389,-0.8084909434877064,-0.2281162709992552,-0.7089278189460146,-1.1921483996818258,-0.2281162709992552,-0.7164033536410229,-1.1972520832456919,-0.2281162709992552,-0.45447342712484723 0.009735353
2 -0.22830183791654846,0.7572620409246444,0.42102222060767325,-0.20139344981534643,0.7572620409246444,0.04085538199407723,-0.42343173933488587,0.7572620409246444,0.025139407161796967,-0.45034012743608787,0.7572620409246444,0.405306245775393,-0.22830183791654846,0.2556774122003555,0.42102222060767325,-0.20139344981534643,0.2556774122003555,0.04085538199407723,-0.42343173933488587,0.2556774122003555,0.025139407161796967,-0.45034012743608787,0.2556774122003555,0.405306245775393 0.008824972
2 -0.19193723985000405,-1.21772202019876,1.1769043096404683,-0.1994948812880764,-1.21772202019876,0.9627548276421405,-0.7303862254972859,-1.21772202019876,0.9814907423157084,-0.7228285840592137,-1.21772202019876,1.1956402243140363,-0.19193723985000405,-1.932008900592866,1.1769043096404683,-0.1994948812880764,-1.932008900592866,0.9627548276421405,-0.7303862254972859,-1.932008900592866,0.9814907423157084,-0.7228285840592137,-1.932008900592866,1.1956402243140363 0.008184887
3 -0.17710003710564373,0.7115173387046814,0.8729580541072846,-0.1682169973095132,0.7115173387046814,0.5142499770894182,-0.4541596426886678,0.7115173387046814,0.5071688990177154,-0.4630426824847983,0.7115173387046814,0.8658769760355818,-0.17710003710564373,0.0908895087722778,0.8729580541072846,-0.1682169973095132,0.0908895087722778,0.5142499770894182,-0.4541596426886678,0.0908895087722778,0.5071688990177154,-0.4630426824847983,0.0908895087722778,0.8658769760355818 0.009307265
3 0.6002174298474379,-0.25051035260000226,-0.30118246456403647,0.5881795829234248,-0.25051035260000226,-0.877774339050178,-0.016354886741358765,-0.25051035260000226,-0.8651531181691179,-0.004317039817345658,-0.25051035260000226,-0.28856124368297625,0.6002174298474379,-0.7900460782166481,-0.30118246456403647,0.5881795829234248,-0.7900460782166481,-0.877774339050178,-0.016354886741358765,-0.7900460782166481,-0.8651531181691179,-0.004317039817345658,-0.7900460782166481,-0.28856124368297625 0.0033420734
3 -1.0570997347003463,0.547174426640215,-0.49864000672233055,-1.0635837826896097,0.547174426640215,-0.7033315745794767,-1.4149907480114456,0.547174426640215,-0.6921999991523032,-1.4085067000221823,0.547174426640215,-0.4875084312951571,-1.0570997347003463,-0.28784716400021554,-0.49864000672233055,-1.0635837826896097,-0.28784716400021554,-0.7033315745794767,-1.4149907480114456,-0.28784716400021554,-0.6921999991523032,-1.4085067000221823,-0.28784716400021554,-0.4875084312951571 0.0055057956
3 -0.9103630649332635,0.20616548235378268,-0.5061707140608469,-0.9427833381376487,0.20616548235378268,-1.0624667750917125,-1.3200532329793342,0.20616548235378268,-1.0404799340562185,-1.287632959774949,0.20616548235378268,-0.48418387302535293,-0.9103630649332635,-0.35136460239849093,-0.5061707140608469,-0.9427833381376487,-0.35136460239849093,-1.0624667750917125,-1.3200532329793342,-0.35136460239849093,-1.0404799340562185,-1.287632959774949,-0.35136460239849093,-0.48418387302535293 0.0077317148
3 0.21129648342680685,0.0934429364915848,0.4991650246182816,0.22589307984786644,0.0934429364915848,0.1072576620038932,-0.1929194177682375,0.0934429364915848,0.09165898336969444,-0.2075160141892971,0.0934429364915848,0.4835663459840829,0.21129648342680685,-0.2521365183111191,0.4991650246182816,0.22589307984786644,-0.2521365183111191,0.1072576620038932,-0.1929194177682375,-0.2521365183111191,0.09165898336969444,-0.2075160141892971,-0.2521365183111191,0.4835663459840829 0.00922848
3 -0.25069228909109664,0.046018061291790036,1.1663796460117513,-0.24027136919205347,0.046018061291790036,0.7001783128364922,-0.574484545969023,0.046018061291790036,0.6927077019725627,-0.5849054658680661,0.046018061291790036,1.1589090351478217,-0.25069228909109664,-0.548660335194683,1.1663796460117513,-0.24027136919205347,-0.548660335194683,0.7001783128364922,-0.574484545969023,-0.548660335194683,0.6927077019725627,-0.5849054658680661,-0.548660335194683,1.1589090351478217 0.0065255053
3 -0.6453037137531779,0.4753853370499039,-0.15146169120104258,-0.6660395731499298,0.4753853370499039,-0.401422117564599,-1.015314591453121,0.4753853370499039,-0.3724474603530651,-0.994578732056369,0.4753853370499039,-0.12248703398950864,-0.6453037137531779,-0.4042691578220749,-0.15146169120104258,-0.6660395731499298,-0.4042691578220749,-0.401422117564599,-1.015314591453121,-0.4042691578220749,-0.3724474603530651,-0.994578732056369,-0.4042691578220749,-0.12248703398950864 0.0051949513
3 0.2838189223413995,-0.14897773967979433,-0.8440895737033285,0.28616860397113686,-0.14897773967979433,-1.3778587787996877,-0.5371903994684747,-0.14897773967979433,-1.381483250774821,-0.539540081098212,-0.14897773967979433,-0.8477140456784618,0.2838189223413995,-0.4187094737410736,-0.8440895737033285,0.28616860397113686,-0.4187094737410736,-1.3778587787996877,-0.5371903994684747,-0.4187094737410736,-1.381483250774821,-0.539540081098212,-0.4187094737410736,-0.8477140456784618 0.0036931285
3 -1.1651453335200714,0.32623434710020066,-0.7774033965975108,-1.1666164022446213,0.32623434710020066,-0.9899502620227131,-1.4679494540775848,0.32623434710020066,-0.9878646907895742,-1.466478385353035,0.32623434710020066,-0.7753178253643719,-1.1651453335200714,-0.32869345592969895,-0.7774033965975108,-1.1666164022446213,-0.32869345592969895,-0.9899502620227131,-1.4679494540775848,-0.32869345592969895,-0.9878646907895742,-1.466478385353035,-0.32869345592969895,-0.7753178253643719 0.005450648
3 -0.009855803429854454,0.4946763281773949,0.3678535851246224,-0.0024999846312726837,0.4946763281773949,0.08157275256949864,-0.4044368301036233,0.4946763281773949,0.07124522006451026,-0.4117926489022051,0.4946763281773949,0.35752605261963405,-0.009855803429854454,-0.09080684828275681,0.3678535851246224,-0.0024999846312726837,-0.09080684828275681,0.08157275256949864,-0.4044368301036233,-0.09080684828275681,0.07124522006451026,-0.4117926489022051,-0.09080684828275681,0.35752605261963405 0.011929764
3 -0.8135946270515727,0.5246859164040709,-0.4469978924298389,-0.8084909434877064,0.5246859164040709,-0.7089278189460146,-1.1921483996818258,0.5246859164040709,-0.7164033536410229,-1.1972520832456919,0.5246859164040709,-0.45447342712484723,-0.8135946270515727,-0.2281162709992552,-0.4469978924298389,-0.8084909434877064,-0.2281162709992552,-0.7089278189460146,-1.1921483996818258,-0.2281162709992552,-0.7164033536410229,-1.1972520832456919,-0.2281162709992552,-0.45447342712484723 0.008314757
3 -0.22830183791654846,0.7572620409246444,0.42102222060767325,-0.20139344981534643,0.7572620409246444,0.04085538199407723,-0.42343173933488587,0.7572620409246444,0.025139407161796967,-0.45034012743608787,0.7572620409246444,0.405306245775393,-0.22830183791654846,0.2556774122003555,0.42102222060767325,-0.20139344981534643,0.2556774122003555,0.04085538199407723,-0.42343173933488587,0.2556774122003555,0.025139407161796967,-0.45034012743608787,0.2556774122003555,0.405306245775393 0.009253893
3 -0.19193723985000405,-1.21772202019876,1.1769043096404683,-0.1994948812880764,-1.21772202019876,0.9627548276421405,-0.7303862254972859,-1.21772202019876,0.9814907423157084,-0.7228285840592137,-1.21772202019876,1.1956402243140363,-0.19193723985000405,-1.932008900592866,1.1769043096404683,-0.1994948812880764,-1.932008900592866,0.9627548276421405,-0.7303862254972859,-1.932008900592866,0.9814907423157084,-0.7228285840592137,-1.932008900592866,1.1956402243140363 0.0033088538
4 -0.17710003710564373,0.7115173387046814,0.8729580541072846,-0.1682169973095132,0.7115173387046814,0.5142499770894182,-0.4541596426886678,0.7115173387046814,0.5071688990177154,-0.4630426824847983,0.7115173387046814,0.8658769760355818,-0.17710003710564373,0.0908895087722778,0.8729580541072846,-0.1682169973095132,0.0908895087722778,0.5142499770894182,-0.4541596426886678,0.0908895087722778,0.5071688990177154,-0.4630426824847983,0.0908895087722778,0.8658769760355818 0.0043052672
4 0.6002174298474379,-0.25051035260000226,-0.30118246456403647,0.5881795829234248,-0.25051035260000226,-0.877774339050178,-0.016354886741358765,-0.25051035260000226,-0.8651531181691179,-0.004317039817345658,-0.25051035260000226,-0.28856124368297625,0.6002174298474379,-0.7900460782166481,-0.30118246456403647,0.5881795829234248,-0.7900460782166481,-0.877774339050178,-0.016354886741358765,-0.7900460782166481,-0.8651531181691179,-0.004317039817345658,-0.7900460782166481,-0.28856124368297625 0.0053269495
4 -1.0570997347003463,0.547174426640215,-0.49864000672233055,-1.0635837826896097,0.547174426640215,-0.7033315745794767,-1.4149907480114456,0.547174426640215,-0.6921999991523032,-1.4085067000221823,0.547174426640215,-0.4875084312951571,-1.0570997347003463,-0.28784716400021554,-0.49864000672233055,-1.0635837826896097,-0.28784716400021554,-0.7033315745794767,-1.4149907480114456,-0.28784716400021554,-0.6921999991523032,-1.4085067000221823,-0.28784716400021554,-0.4875084312951571 0.0034319777
4 -0.9103630649332635,0.20616548235378268,-0.5061707140608469,-0.9427833381376487,0.20616548235378268,-1.0624667750917125,-1.3200532329793342,0.20616548235378268,-1.0404799340562185,-1.287632959774949,0.20616548235378268,-0.48418387302535293,-0.9103630649332635,-0.35136460239849093,-0.5061707140608469,-0.9427833381376487,-0.35136460239849093,-1.0624667750917125,-1.3200532329793342,-0.35136460239849093,-1.0404799340562185,-1.287632959774949,-0.35136460239849093,-0.48418387302535293 0.0026019209
4 0.21129648342680685,0.0934429364915848,0.4991650246182816,0.22589307984786644,0.0934429364915848,0.1072576620038932,-0.1929194177682375,0.0934429364915848,0.09165898336969444,-0.2075160141892971,0.0934429364915848,0.4835663459840829,0.21129648342680685,-0.2521365183111191,0.4991650246182816,0.22589307984786644,-0.2521365183111191,0.1072576620038932,-0.1929194177682375,-0.2521365183111191,0.09165898336969444,-0.2075160141892971,-0.2521365183111191,0.4835663459840829 0.0027003482
4 -0.25069228909109664,0.046018061291790036,1.1663796460117513,-0.24027136919205347,0.046018061291790036,0.7001783128364922,-0.574484545969023,0.046018061291790036,0.6927077019725627,-0.5849054658680661,0.046018061291790036,1.1589090351478217,-0.25069228909109664,-0.548660335194683,1.1663796460117513,-0.24027136919205347,-0.548660335194683,0.7001783128364922,-0.574484545969023,-0.548660335194683,0.6927077019725627,-0.5849054658680661,-0.548660335194683,1.1589090351478217 0.0043210704
4 -0.6453037137531779,0.4753853370499039,-0.15146169120104258,-0.6660395731499298,0.4753853370499039,-0.401422117564599,-1.015314591453121,0.4753853370499039,-0.3724474603530651,-0.994578732056369,0.4753853370499039,-0.12248703398950864,-0.6453037137531779,-0.4042691578220749,-0.15146169120104258,-0.6660395731499298,-0.4042691578220749,-0.401422117564599,-1.015314591453121,-0.4042691578220749,-0.3724474603530651,-0.994578732056369,-0.4042691578220749,-0.12248703398950864 0.002270168
4 0.2838189223413995,-0.14897773967979433,-0.8440895737033285,0.28616860397113686,-0.14897773967979433,-1.3778587787996877,-0.5371903994684747,-0.14897773967979433,-1.381483250774821,-0.539540081098212,-0.14897773967979433,-0.8477140456784618,0.2838189223413995,-0.4187094737410736,-0.8440895737033285,0.28616860397113686,-0.4187094737410736,-1.3778587787996877,-0.5371903994684747,-0.4187094737410736,-1.381483250774821,-0.539540081098212,-0.4187094737410736,-0.8477140456784618 0.0045908815
4 -1.1651453335200714,0.32623434710020066,-0.7774033965975108,-1.1666164022446213,0.32623434710020066,-0.9899502620227131,-1.4679494540775848,0.32623434710020066,-0.9878646907895742,-1.466478385353035,0.32623434710020066,-0.7753178253643719,-1.1651453335200714,-0.32869345592969895,-0.7774033965975108,-1.1666164022446213,-0.32869345592969895,-0.9899502620227131,-1.4679494540775848,-0.32869345592969895,-0.9878646907895742,-1.466478385353035,-0.32869345592969895,-0.7753178253643719 0.0028655557
4 -0.009855803429854454,0.4946763281773949,0.3678535851246224,-0.0024999846312726837,0.4946763281773949,0.08157275256949864,-0.4044368301036233,0.4946763281773949,0.07124522006451026,-0.4117926489022051,0.4946763281773949,0.35752605261963405,-0.009855803429854454,-0.09080684828275681,0.3678535851246224,-0.0024999846312726837,-0.09080684828275681,0.08157275256949864,-0.4044368301036233,-0.09080684828275681,0.07124522006451026,-0.4117926489022051,-0.09080684828275681,0.35752605261963405 0.0065580164
4 -0.8135946270515727,0.5246859164040709,-0.4469978924298389,-0.8084909434877064,0.5246859164040709,-0.7089278189460146,-1.1921483996818258,0.5246859164040709,-0.7164033536410229,-1.1972520832456919,0.5246859164040709,-0.45447342712484723,-0.8135946270515727,-0.2281162709992552,-0.4469978924298389,-0.8084909434877064,-0.2281162709992552,-0.7089278189460146,-1.1921483996818258,-0.2281162709992552,-0.7164033536410229,-1.1972520832456919,-0.2281162709992552,-0.45447342712484723 0.0036772797
4 -0.22830183791654846,0.7572620409246444,0.42102222060767325,-0.20139344981534643,0.7572620409246444,0.04085538199407723,-0.42343173933488587,0.7572620409246444,0.025139407161796967,-0.45034012743608787,0.7572620409246444,0.405306245775393,-0.22830183791654846,0.2556774122003555,0.42102222060767325,-0.20139344981534643,0.2556774122003555,0.04085538199407723,-0.42343173933488587,0.2556774122003555,0.025139407161796967,-0.45034012743608787,0.2556774122003555,0.405306245775393 0.0038369203
4 -0.19193723985000405,-1.21772202019876,1.1769043096404683,-0.1994948812880764,-1.21772202019876,0.9627548276421405,-0.7303862254972859,-1.21772202019876,0.9814907423157084,-0.7228285840592137,-1.21772202019876,1.1956402243140363,-0.19193723985000405,-1.932008900592866,1.1769043096404683,-0.1994948812880764,-1.932008900592866,0.9627548276421405,-0.7303862254972859,-1.932008900592866,0.9814907423157084,-0.7228285840592137,-1.932008900592866,1.1956402243140363 0.002384177
5 -0.17710003710564373,0.7115173387046814,0.8729580541072846,-0.1682169973095132,0.7115173387046814,0.5142499770894182,-0.4541596426886678,0.7115173387046814,0.5071688990177154,-0.4630426824847983,0.7115173387046814,0.8658769760355818,-0.17710003710564373,0.0908895087722778,0.8729580541072846,-0.1682169973095132,0.0908895087722778,0.5142499770894182,-0.4541596426886678,0.0908895087722778,0.5071688990177154,-0.4630426824847983,0.0908895087722778,0.8658769760355818 0.012454477
5 0.6002174298474379,-0.25051035260000226,-0.30118246456403647,0.5881795829234248,-0.25051035260000226,-0.877774339050178,-0.016354886741358765,-0.25051035260000226,-0.8651531181691179,-0.004317039817345658,-0.25051035260000226,-0.28856124368297625,0.6002174298474379,-0.7900460782166481,-0.30118246456403647,0.5881795829234248,-0.7900460782166481,-0.877774339050178,-0.016354886741358765,-0.7900460782166481,-0.8651531181691179,-0.004317039817345658,-0.7900460782166481,-0.28856124368297625 0.007820399
5 -1.0570997347003463,0.547174426640215,-0.49864000672233055,-1.0635837826896097,0.547174426640215,-0.7033315745794767,-1.4149907480114456,0.547174426640215,-0.6921999991523032,-1.4085067000221823,0.547174426640215,-0.4875084312951571,-1.0570997347003463,-0.28784716400021554,-0.49864000672233055,-1.0635837826896097,-0.28784716400021554,-0.7033315745794767,-1.4149907480114456,-0.28784716400021554,-0.6921999991523032,-1.4085067000221823,-0.28784716400021554,-0.4875084312951571 0.008627337
5 -0.9103630649332635,0.20616548235378268,-0.5061707140608469,-0.9427833381376487,0.20616548235378268,-1.0624667750917125,-1.3200532329793342,0.20616548235378268,-1.0404799340562185,-1.287632959774949,0.20616548235378268,-0.48418387302535293,-0.9103630649332635,-0.35136460239849093,-0.5061707140608469,-0.9427833381376487,-0.35136460239849093,-1.0624667750917125,-1.3200532329793342,-0.35136460239849093,-1.0404799340562185,-1.287632959774949,-0.35136460239849093,-0.48418387302535293 0.017449709
5 0.21129648342680685,0.0934429364915848,0.4991650246182816,0.22589307984786644,0.0934429364915848,0.1072576620038932,-0.1929194177682375,0.0934429364915848,0.09165898336969444,-0.2075160141892971,0.0934429364915848,0.4835663459840829,0.21129648342680685,-0.2521365183111191,0.4991650246182816,0.22589307984786644,-0.2521365183111191,0.1072576620038932,-0.1929194177682375,-0.2521365183111191,0.09165898336969444,-0.2075160141892971,-0.2521365183111191,0.4835663459840829 0.012028164
5 -0.25069228909109664,0.046018061291790036,1.1663796460117513,-0.24027136919205347,0.046018061291790036,0.7001783128364922,-0.574484545969023,0.046018061291790036,0.6927077019725627,-0.5849054658680661,0.046018061291790036,1.1589090351478217,-0.25069228909109664,-0.548660335194683,1.1663796460117513,-0.24027136919205347,-0.548660335194683,0.7001783128364922,-0.574484545969023,-0.548660335194683,0.6927077019725627,-0.5849054658680661,-0.548660335194683,1.1589090351478217 0.011449368
5 -0.6453037137531779,0.4753853370499039,-0.15146169120104258,-0.6660395731499298,0.4753853370499039,-0.401422117564599,-1.015314591453121,0.4753853370499039,-0.3724474603530651,-0.994578732056369,0.4753853370499039,-0.12248703398950864,-0.6453037137531779,-0.4042691578220749,-0.15146169120104258,-0.6660395731499298,-0.4042691578220749,-0.401422117564599,-1.015314591453121,-0.4042691578220749,-0.3724474603530651,-0.994578732056369,-0.4042691578220749,-0.12248703398950864 0.012359875
5 0.2838189223413995,-0.14897773967979433,-0.8440895737033285,0.28616860397113686,-0.14897773967979433,-1.3778587787996877,-0.5371903994684747,-0.14897773967979433,-1.381483250774821,-0.539540081098212,-0.14897773967979433,-0.8477140456784618,0.2838189223413995,-0.4187094737410736,-0.8440895737033285,0.28616860397113686,-0.4187094737410736,-1.3778587787996877,-0.5371903994684747,-0.4187094737410736,-1.381483250774821,-0.539540081098212,-0.4187094737410736,-0.8477140456784618 0.010805531
5 -1.1651453335200714,0.32623434710020066,-0.7774033965975108,-1.1666164022446213,0.32623434710020066,-0.9899502620227131,-1.4679494540775848,0.32623434710020066,-0.9878646907895742,-1.466478385353035,0.32623434710020066,-0.7753178253643719,-1.1651453335200714,-0.32869345592969895,-0.7774033965975108,-1.1666164022446213,-0.32869345592969895,-0.9899502620227131,-1.4679494540775848,-0.32869345592969895,-0.9878646907895742,-1.466478385353035,-0.32869345592969895,-0.7753178253643719 0.011864324
5 -0.009855803429854454,0.4946763281773949,0.3678535851246224,-0.0024999846312726837,0.4946763281773949,0.08157275256949864,-0.4044368301036233,0.4946763281773949,0.07124522006451026,-0.4117926489022051,0.4946763281773949,0.35752605261963405,-0.009855803429854454,-0.09080684828275681,0.3678535851246224,-0.0024999846312726837,-0.09080684828275681,0.08157275256949864,-0.4044368301036233,-0.09080684828275681,0.07124522006451026,-0.4117926489022051,-0.09080684828275681,0.35752605261963405 0.013947523
5 -0.8135946270515727,0.5246859164040709,-0.4469978924298389,-0.8084909434877064,0.5246859164040709,-0.7089278189460146,-1.1921483996818258,0.5246859164040709,-0.7164033536410229,-1.1972520832456919,0.5246859164040709,-0.45447342712484723,-0.8135946270515727,-0.2281162709992552,-0.4469978924298389,-0.8084909434877064,-0.2281162709992552,-0.7089278189460146,-1.1921483996818258,-0.2281162709992552,-0.7164033536410229,-1.1972520832456919,-0.2281162709992552,-0.45447342712484723 0.013219192
5 -0.22830183791654846,0.7572620409246444,0.42102222060767325,-0.20139344981534643,0.7572620409246444,0.04085538199407723,-0.42343173933488587,0.7572620409246444,0.025139407161796967,-0.45034012743608787,0.7572620409246444,0.405306245775393,-0.22830183791654846,0.2556774122003555,0.42102222060767325,-0.20139344981534643,0.2556774122003555,0.04085538199407723,-0.42343173933488587,0.2556774122003555,0.025139407161796967,-0.45034012743608787,0.2556774122003555,0.405306245775393 0.009168309
5 -0.19193723985000405,-1.21772202019876,1.1769043096404683,-0.1994948812880764,-1.21772202019876,0.9627548276421405,-0.7303862254972859,-1.21772202019876,0.9814907423157084,-0.7228285840592137,-1.21772202019876,1.1956402243140363,-0.19193723985000405,-1.932008900592866,1.1769043096404683,-0.1994948812880764,-1.932008900592866,0.9627548276421405,-0.7303862254972859,-1.932008900592866,0.9814907423157084,-0.7228285840592137,-1.932008900592866,1.1956402243140363 0.011487852
6 -0.17710003710564373,0.7115173387046814,0.8729580541072846,-0.1682169973095132,0.7115173387046814,0.5142499770894182,-0.4541596426886678,0.7115173387046814,0.5071688990177154,-0.4630426824847983,0.7115173387046814,0.8658769760355818,-0.17710003710564373,0.0908895087722778,0.8729580541072846,-0.1682169973095132,0.0908895087722778,0.5142499770894182,-0.4541596426886678,0.0908895087722778,0.5071688990177154,-0.4630426824847983,0.0908895087722778,0.8658769760355818 0.0036586637
6 0.6002174298474379,-0.25051035260000226,-0.30118246456403647,0.5881795829234248,-0.25051035260000226,-0.877774339050178,-0.016354886741358765,-0.25051035260000226,-0.8651531181691179,-0.004317039817345658,-0.25051035260000226,-0.28856124368297625,0.6002174298474379,-0.7900460782166481,-0.30118246456403647,0.5881795829234248,-0.7900460782166481,-0.877774339050178,-0.016354886741358765,-0.7900460782166481,-0.8651531181691179,-0.004317039817345658,-0.7900460782166481,-0.28856124368297625 0.0031173802
6 -1.0570997347003463,0.547174426640215,-0.49864000672233055,-1.0635837826896097,0.547174426640215,-0.7033315745794767,-1.4149907480114456,0.547174426640215,-0.6921999991523032,-1.4085067000221823,0.547174426640215,-0.4875084312951571,-1.0570997347003463,-0.28784716400021554,-0.49864000672233055,-1.0635837826896097,-0.28784716400021554,-0.7033315745794767,-1.4149907480114456,-0.28784716400021554,-0.6921999991523032,-1.4085067000221823,-0.28784716400021554,-0.4875084312951571 0.002499987
6 -0.9103630649332635,0.20616548235378268,-0.5061707140608469,-0.9427833381376487,0.20616548235378268,-1.0624667750917125,-1.3200532329793342,0.20616548235378268,-1.0404799340562185,-1.287632959774949,0.20616548235378268,-0.48418387302535293,-0.9103630649332635,-0.35136460239849093,-0.5061707140608469,-0.9427833381376487,-0.35136460239849093,-1.0624667750917125,-1.3200532329793342,-0.35136460239849093,-1.0404799340562185,-1.287632959774949,-0.35136460239849093,-0.48418387302535293 0.002235675
6 0.21129648342680685,0.0934429364915848,0.4991650246182816,0.22589307984786644,0.0934429364915848,0.1072576620038932,-0.1929194177682375,0.0934429364915848,0.09165898336969444,-0.2075160141892971,0.0934429364915848,0.4835663459840829,0.21129648342680685,-0.2521365183111191,0.4991650246182816,0.22589307984786644,-0.2521365183111191,0.1072576620038932,-0.1929194177682375,-0.2521365183111191,0.09165898336969444,-0.2075160141892971,-0.2521365183111191,0.4835663459840829 0.0025352046
6 -0.25069228909109664,0.046018061291790036,1.1663796460117513,-0.24027136919205347,0.046018061291790036,0.7001783128364922,-0.574484545969023,0.046018061291790036,0.6927077019725627,-0.5849054658680661,0.046018061291790036,1.1589090351478217,-0.25069228909109664,-0.548660335194683,1.1663796460117513,-0.24027136919205347,-0.548660335194683,0.7001783128364922,-0.574484545969023,-0.548660335194683,0.6927077019725627,-0.5849054658680661,-0.548660335194683,1.1589090351478217 0.0032299706
6 -0.6453037137531779,0.4753853370499039,-0.15146169120104258,-0.6660395731499298,0.4753853370499039,-0.401422117564599,-1.015314591453121,0.4753853370499039,-0.3724474603530651,-0.994578732056369,0.4753853370499039,-0.12248703398950864,-0.6453037137531779,-0.4042691578220749,-0.15146169120104258,-0.6660395731499298,-0.4042691578220749,-0.401422117564599,-1.015314591453121,-0.4042691578220749,-0.3724474603530651,-0.994578732056369,-0.4042691578220749,-0.12248703398950864 0.0015204676
6 0.2838189223413995,-0.14897773967979433,-0.8440895737033285,0.28616860397113686,-0.14897773967979433,-1.3778587787996877,-0.5371903994684747,-0.14897773967979433,-1.381483250774821,-0.539540081098212,-0.14897773967979433,-0.8477140456784618,0.2838189223413995,-0.4187094737410736,-0.8440895737033285,0.28616860397113686,-0.4187094737410736,-1.3778587787996877,-0.5371903994684747,-0.4187094737410736,-1.381483250774821,-0.539540081098212,-0.4187094737410736,-0.8477140456784618 0.0033577979
6 -1.1651453335200714,0.32623434710020066,-0.7774033965975108,-1.1666164022446213,0.32623434710020066,-0.9899502620227131,-1.4679494540775848,0.32623434710020066,-0.9878646907895742,-1.466478385353035,0.32623434710020066,-0.7753178253643719,-1.1651453335200714,-0.32869345592969895,-0.7774033965975108,-1.1666164022446213,-0.32869345592969895,-0.9899502620227131,-1.4679494540775848,-0.32869345592969895,-0.9878646907895742,-1.466478385353035,-0.32869345592969895,-0.7753178253643719 0.0029545468
6 -0.009855803429854454,0.4946763281773949,0.3678535851246224,-0.0024999846312726837,0.4946763281773949,0.08157275256949864,-0.4044368301036233,0.4946763281773949,0.07124522006451026,-0.4117926489022051,0.4946763281773949,0.35752605261963405,-0.009855803429854454,-0.09080684828275681,0.3678535851246224,-0.0024999846312726837,-0.09080684828275681,0.08157275256949864,-0.4044368301036233,-0.09080684828275681,0.07124522006451026,-0.4117926489022051,-0.09080684828275681,0.35752605261963405 0.004160902
6 -0.8135946270515727,0.5246859164040709,-0.4469978924298389,-0.8084909434877064,0.5246859164040709,-0.7089278189460146,-1.1921483996818258,0.5246859164040709,-0.7164033536410229,-1.1972520832456919,0.5246859164040709,-0.45447342712484723,-0.8135946270515727,-0.2281162709992552,-0.4469978924298389,-0.8084909434877064,-0.2281162709992552,-0.7089278189460146,-1.1921483996818258,-0.2281162709992552,-0.7164033536410229,-1.1972520832456919,-0.2281162709992552,-0.45447342712484723 0.0040300637
6 -0.22830183791654846,0.7572620409246444,0.42102222060767325,-0.20139344981534643,0.7572620409246444,0.04085538199407723,-0.42343173933488587,0.7572620409246444,0.025139407161796967,-0.45034012743608787,0.7572620409246444,0.405306245775393,-0.22830183791654846,0.2556774122003555,0.42102222060767325,-0.20139344981534643,0.2556774122003555,0.04085538199407723,-0.42343173933488587,0.2556774122003555,0.025139407161796967,-0.45034012743608787,0.2556774122003555,0.405306245775393 0.0033667784
6 -0.19193723985000405,-1.21772202019876,1.1769043096404683,-0.1994948812880764,-1.21772202019876,0.9627548276421405,-0.7303862254972859,-1.21772202019876,0.9814907423157084,-0.7228285840592137,-1.21772202019876,1.1956402243140363,-0.19193723985000405,-1.932008900592866,1.1769043096404683,-0.1994948812880764,-1.932008900592866,0.9627548276421405,-0.7303862254972859,-1.932008900592866,0.9814907423157084,-0.7228285840592137,-1.932008900592866,1.1956402243140363 0.0017515583
7 -0.17710003710564373,0.7115173387046814,0.8729580541072846,-0.1682169973095132,0.7115173387046814,0.5142499770894182,-0.4541596426886678,0.7115173387046814,0.5071688990177154,-0.4630426824847983,0.7115173387046814,0.8658769760355818,-0.17710003710564373,0.0908895087722778,0.8729580541072846,-0.1682169973095132,0.0908895087722778,0.5142499770894182,-0.4541596426886678,0.0908895087722778,0.5071688990177154,-0.4630426824847983,0.0908895087722778,0.8658769760355818 0.0021516464
7 0.6002174298474379,-0.25051035260000226,-0.30118246456403647,0.5881795829234248,-0.25051035260000226,-0.877774339050178,-0.016354886741358765,-0.25051035260000226,-0.8651531181691179,-0.004317039817345658,-0.25051035260000226,-0.28856124368297625,0.6002174298474379,-0.7900460782166481,-0.30118246456403647,0.5881795829234248,-0.7900460782166481,-0.877774339050178,-0.016354886741358765,-0.7900460782166481,-0.8651531181691179,-0.004317039817345658,-0.7900460782166481,-0.28856124368297625 0.0013944011
7 -1.0570997347003463,0.547174426640215,-0.49864000672233055,-1.0635837826896097,0.547174426640215,-0.7033315745794767,-1.4149907480114456,0.547174426640215,-0.6921999991523032,-1.4085067000221823,0.547174426640215,-0.4875084312951571,-1.0570997347003463,-0.28784716400021554,-0.49864000672233055,-1.0635837826896097,-0.28784716400021554,-0.7033315745794767,-1.4149907480114456,-0.28784716400021554,-0.6921999991523032,-1.4085067000221823,-0.28784716400021554,-0.4875084312951571 0.0017699652
7 -0.9103630649332635,0.20616548235378268,-0.5061707140608469,-0.9427833381376487,0.20616548235378268,-1.0624667750917125,-1.3200532329793342,0.20616548235378268,-1.0404799340562185,-1.287632959774949,0.20616548235378268,-0.48418387302535293,-0.9103630649332635,-0.35136460239849093,-0.5061707140608469,-0.9427833381376487,-0.35136460239849093,-1.0624667750917125,-1.3200532329793342,-0.35136460239849093,-1.0404799340562185,-1.287632959774949,-0.35136460239849093,-0.48418387302535293 0.0015261677
7 0.21129648342680685,0.0934429364915848,0.4991650246182816,0.22589307984786644,0.0934429364915848,0.1072576620038932,-0.1929194177682375,0.0934429364915848,0.09165898336969444,-0.2075160141892971,0.0934429364915848,0.4835663459840829,0.21129648342680685,-0.2521365183111191,0.4991650246182816,0.22589307984786644,-0.2521365183111191,0.1072576620038932,-0.1929194177682375,-0.2521365183111191,0.09165898336969444,-0.2075160141892971,-0.2521365183111191,0.4835663459840829 0.0014810606
7 -0.25069228909109664,0.046018061291790036,1.1663796460117513,-0.24027136919205347,0.046018061291790036,0.7001783128364922,-0.574484545969023,0.046018061291790036,0.6927077019725627,-0.5849054658680661,0.046018061291790036,1.1589090351478217,-0.25069228909109664,-0.548660335194683,1.1663796460117513,-0.24027136919205347,-0.548660335194683,0.7001783128364922,-0.574484545969023,-0.548660335194683,0.6927077019725627,-0.5849054658680661,-0.548660335194683,1.1589090351478217 0.0026060643
7 -0.6453037137531779,0.4753853370499039,-0.15146169120104258,-0.6660395731499298,0.4753853370499039,-0.401422117564599,-1.015314591453121,0.4753853370499039,-0.3724474603530651,-0.994578732056369,0.4753853370499039,-0.12248703398950864,-0.6453037137531779,-0.4042691578220749,-0.15146169120104258,-0.6660395731499298,-0.4042691578220749,-0.401422117564599,-1.015314591453121,-0.4042691578220749,-0.3724474603530651,-0.994578732056369,-0.4042691578220749,-0.12248703398950864 0.0010099041
7 0.2838189223413995,-0.14897773967979433,-0.8440895737033285,0.28616860397113686,-0.14897773967979433,-1.3778587787996877,-0.5371903994684747,-0.14897773967979433,-1.381483250774821,-0.539540081098212,-0.14897773967979433,-0.8477140456784618,0.2838189223413995,-0.4187094737410736,-0.8440895737033285,0.28616860397113686,-0.4187094737410736,-1.3778587787996877,-0.5371903994684747,-0.4187094737410736,-1.381483250774821,-0.539540081098212,-0.4187094737410736,-0.8477140456784618 0.0015487121
7 -1.1651453335200714,0.32623434710020066,-0.7774033965975108,-1.1666164022446213,0.32623434710020066,-0.9899502620227131,-1.4679494540775848,0.32623434710020066,-0.9878646907895742,-1.466478385353035,0.32623434710020066,-0.7753178253643719,-1.1651453335200714,-0.32869345592969895,-0.7774033965975108,-1.1666164022446213,-0.32869345592969895,-0.9899502620227131,-1.4679494540775848,-0.32869345592969895,-0.9878646907895742,-1.466478385353035,-0.32869345592969895,-0.7753178253643719 0.0019149942
7 -0.009855803429854454,0.4946763281773949,0.3678535851246224,-0.0024999846312726837,0.4946763281773949,0.08157275256949864,-0.4044368301036233,0.4946763281773949,0.07124522006451026,-0.4117926489022051,0.4946763281773949,0.35752605261963405,-0.009855803429854454,-0.09080684828275681,0.3678535851246224,-0.0024999846312726837,-0.09080684828275681,0.08157275256949864,-0.4044368301036233,-0.09080684828275681,0.07124522006451026,-0.4117926489022051,-0.09080684828275681,0.35752605261963405 0.0037674448
7 -0.8135946270515727,0.5246859164040709,-0.4469978924298389,-0.8084909434877064,0.5246859164040709,-0.7089278189460146,-1.1921483996818258,0.5246859164040709,-0.7164033536410229,-1.1972520832456919,0.5246859164040709,-0.45447342712484723,-0.8135946270515727,-0.2281162709992552,-0.4469978924298389,-0.8084909434877064,-0.2281162709992552,-0.7089278189460146,-1.1921483996818258,-0.2281162709992552,-0.7164033536410229,-1.1972520832456919,-0.2281162709992552,-0.45447342712484723 0.0029967772
7 -0.22830183791654846,0.7572620409246444,0.42102222060767325,-0.20139344981534643,0.7572620409246444,0.04085538199407723,-0.42343173933488587,0.7572620409246444,0.025139407161796967,-0.45034012743608787,0.7572620409246444,0.405306245775393,-0.22830183791654846,0.2556774122003555,0.42102222060767325,-0.20139344981534643,0.2556774122003555,0.04085538199407723,-0.42343173933488587,0.2556774122003555,0.025139407161796967,-0.45034012743608787,0.2556774122003555,0.405306245775393 0.002717857
7 -0.19193723985000405,-1.21772202019876,1.1769043096404683,-0.1994948812880764,-1.21772202019876,0.9627548276421405,-0.7303862254972859,-1.21772202019876,0.9814907423157084,-0.7228285840592137,-1.21772202019876,1.1956402243140363,-0.19193723985000405,-1.932008900592866,1.1769043096404683,-0.1994948812880764,-1.932008900592866,0.9627548276421405,-0.7303862254972859,-1.932008900592866,0.9814907423157084,-0.7228285840592137,-1.932008900592866,1.1956402243140363 0.0011183152
8 -0.17710003710564373,0.7115173387046814,0.8729580541072846,-0.1682169973095132,0.7115173387046814,0.5142499770894182,-0.4541596426886678,0.7115173387046814,0.5071688990177154,-0.4630426824847983,0.7115173387046814,0.8658769760355818,-0.17710003710564373,0.0908895087722778,0.8729580541072846,-0.1682169973095132,0.0908895087722778,0.5142499770894182,-0.4541596426886678,0.0908895087722778,0.5071688990177154,-0.4630426824847983,0.0908895087722778,0.8658769760355818 0.003753787
8 0.6002174298474379,-0.25051035260000226,-0.30118246456403647,0.5881795829234248,-0.25051035260000226,-0.877774339050178,-0.016354886741358765,-0.25051035260000226,-0.8651531181691179,-0.004317039817345658,-0.25051035260000226,-0.28856124368297625,0.6002174298474379,-0.7900460782166481,-0.30118246456403647,0.5881795829234248,-0.7900460782166481,-0.877774339050178,-0.016354886741358765,-0.7900460782166481,-0.8651531181691179,-0.004317039817345658,-0.7900460782166481,-0.28856124368297625 0.0024887866
8 -1.0570997347003463,0.547174426640215,-0.49864000672233055,-1.0635837826896097,0.547174426640215,-0.7033315745794767,-1.4149907480114456,0.547174426640215,-0.6921999991523032,-1.4085067000221823,0.547174426640215,-0.4875084312951571,-1.0570997347003463,-0.28784716400021554,-0.49864000672233055,-1.0635837826896097,-0.28784716400021554,-0.7033315745794767,-1.4149907480114456,-0.28784716400021554,-0.6921999991523032,-1.4085067000221823,-0.28784716400021554,-0.4875084312951571 0.0022436283
8 -0.9103630649332635,0.20616548235378268,-0.5061707140608469,-0.9427833381376487,0.20616548235378268,-1.0624667750917125,-1.3200532329793342,0.20616548235378268,-1.0404799340562185,-1.287632959774949,0.20616548235378268,-0.48418387302535293,-0.9103630649332635,-0.35136460239849093,-0.5061707140608469,-0.9427833381376487,-0.35136460239849093,-1.0624667750917125,-1.3200532329793342,-0.35136460239849093,-1.0404799340562185,-1.287632959774949,-0.35136460239849093,-0.48418387302535293 0.0027351542
8 0.21129648342680685,0.0934429364915848,0.4991650246182816,0.22589307984786644,0.0934429364915848,0.1072576620038932,-0.1929194177682375,0.0934429364915848,0.09165898336969444,-0.2075160141892971,0.0934429364915848,0.4835663459840829,0.21129648342680685,-0.2521365183111191,0.4991650246182816,0.22589307984786644,-0.2521365183111191,0.1072576620038932,-0.1929194177682375,-0.2521365183111191,0.09165898336969444,-0.2075160141892971,-0.2521365183111191,0.4835663459840829 0.0019918298
8 -0.25069228909109664,0.046018061291790036,1.1663796460117513,-0.24027136919205347,0.046018061291790036,0.7001783128364922,-0.574484545969023,0.046018061291790036,0.6927077019725627,-0.5849054658680661,0.046018061291790036,1.1589090351478217,-0.25069228909109664,-0.548660335194683,1.1663796460117513,-0.24027136919205347,-0.548660335194683,0.7001783128364922,-0.574484545969023,-0.548660335194683,0.6927077019725627,-0.5849054658680661,-0.548660335194683,1.1589090351478217 0.002311535
8 -0.6453037137531779,0.4753853370499039,-0.15146169120104258,-0.6660395731499298,0.4753853370499039,-0.401422117564599,-1.015314591453121,0.4753853370499039,-0.3724474603530651,-0.994578732056369,0.4753853370499039,-0.12248703398950864,-0.6453037137531779,-0.4042691578220749,-0.15146169120104258,-0.6660395731499298,-0.4042691578220749,-0.401422117564599,-1.015314591453121,-0.4042691578220749,-0.3724474603530651,-0.994578732056369,-0.4042691578220749,-0.12248703398950864 0.0017242986
8 0.2838189223413995,-0.14897773967979433,-0.8440895737033285,0.28616860397113686,-0.14897773967979433,-1.3778587787996877,-0.5371903994684747,-0.14897773967979433,-1.381483250774821,-0.539540081098212,-0.14897773967979433,-0.8477140456784618,0.2838189223413995,-0.4187094737410736,-0.8440895737033285,0.28616860397113686,-0.4187094737410736,-1.3778587787996877,-0.5371903994684747,-0.4187094737410736,-1.381483250774821,-0.539540081098212,-0.4187094737410736,-0.8477140456784618 0.0030703878
8 -1.1651453335200714,0.32623434710020066,-0.7774033965975108,-1.1666164022446213,0.32623434710020066,-0.9899502620227131,-1.4679494540775848,0.32623434710020066,-0.9878646907895742,-1.466478385353035,0.32623434710020066,-0.7753178253643719,-1.1651453335200714,-0.32869345592969895,-0.7774033965975108,-1.1666164022446213,-0.32869345592969895,-0.9899502620227131,-1.4679494540775848,-0.32869345592969895,-0.9878646907895742,-1.466478385353035,-0.32869345592969895,-0.7753178253643719 0.0022373828
8 -0.009855803429854454,0.4946763281773949,0.3678535851246224,-0.0024999846312726837,0.4946763281773949,0.08157275256949864,-0.4044368301036233,0.4946763281773949,0.07124522006451026,-0.4117926489022051,0.4946763281773949,0.35752605261963405,-0.009855803429854454,-0.09080684828275681,0.3678535851246224,-0.0024999846312726837,-0.09080684828275681,0.08157275256949864,-0.4044368301036233,-0.09080684828275681,0.07124522006451026,-0.4117926489022051,-0.09080684828275681,0.35752605261963405 0.0047489703
8 -0.8135946270515727,0.5246859164040709,-0.4469978924298389,-0.8084909434877064,0.5246859164040709,-0.7089278189460146,-1.1921483996818258,0.5246859164040709,-0.7164033536410229,-1.1972520832456919,0.5246859164040709,-0.45447342712484723,-0.8135946270515727,-0.2281162709992552,-0.4469978924298389,-0.8084909434877064,-0.2281162709992552,-0.7089278189460146,-1.1921483996818258,-0.2281162709992552,-0.7164033536410229,-1.1972520832456919,-0.2281162709992552,-0.45447342712484723 0.0034564014
8 -0.22830183791654846,0.7572620409246444,0.42102222060767325,-0.20139344981534643,0.7572620409246444,0.04085538199407723,-0.42343173933488587,0.7572620409246444,0.025139407161796967,-0.45034012743608787,0.7572620409246444,0.405306245775393,-0.22830183791654846,0.2556774122003555,0.42102222060767325,-0.20139344981534643,0.2556774122003555,0.04085538199407723,-0.42343173933488587,0.2556774122003555,0.025139407161796967,-0.45034012743608787,0.2556774122003555,0.405306245775393 0.0024135998
8 -0.19193723985000405,-1.21772202019876,1.1769043096404683,-0.1994948812880764,-1.21772202019876,0.9627548276421405,-0.7303862254972859,-1.21772202019876,0.9814907423157084,-0.7228285840592137,-1.21772202019876,1.1956402243140363,-0.19193723985000405,-1.932008900592866,1.1769043096404683,-0.1994948812880764,-1.932008900592866,0.9627548276421405,-0.7303862254972859,-1.932008900592866,0.9814907423157084,-0.7228285840592137,-1.932008900592866,1.1956402243140363 0.0021358642
9 -0.17710003710564373,0.7115173387046814,0.8729580541072846,-0.1682169973095132,0.7115173387046814,0.5142499770894182,-0.4541596426886678,0.7115173387046814,0.5071688990177154,-0.4630426824847983,0.7115173387046814,0.8658769760355818,-0.17710003710564373,0.0908895087722778,0.8729580541072846,-0.1682169973095132,0.0908895087722778,0.5142499770894182,-0.4541596426886678,0.0908895087722778,0.5071688990177154,-0.4630426824847983,0.0908895087722778,0.8658769760355818 0.011575938
9 0.6002174298474379,-0.25051035260000226,-0.30118246456403647,0.5881795829234248,-0.25051035260000226,-0.877774339050178,-0.016354886741358765,-0.25051035260000226,-0.8651531181691179,-0.004317039817345658,-0.25051035260000226,-0.28856124368297625,0.6002174298474379,-0.7900460782166481,-0.30118246456403647,0.5881795829234248,-0.7900460782166481,-0.877774339050178,-0.016354886741358765,-0.7900460782166481,-0.8651531181691179,-0.004317039817345658,-0.7900460782166481,-0.28856124368297625 0.007949706
9 -1.0570997347003463,0.547174426640215,-0.49864000672233055,-1.0635837826896097,0.547174426640215,-0.7033315745794767,-1.4149907480114456,0.547174426640215,-0.6921999991523032,-1.4085067000221823,0.547174426640215,-0.4875084312951571,-1.0570997347003463,-0.28784716400021554,-0.49864000672233055,-1.0635837826896097,-0.28784716400021554,-0.7033315745794767,-1.4149907480114456,-0.28784716400021554,-0.6921999991523032,-1.4085067000221823,-0.28784716400021554,-0.4875084312951571 0.00859416
9 -0.9103630649332635,0.20616548235378268,-0.5061707140608469,-0.9427833381376487,0.20616548235378268,-1.0624667750917125,-1.3200532329793342,0.20616548235378268,-1.0404799340562185,-1.287632959774949,0.20616548235378268,-0.48418387302535293,-0.9103630649332635,-0.35136460239849093,-0.5061707140608469,-0.9427833381376487,-0.35136460239849093,-1.0624667750917125,-1.3200532329793342,-0.35136460239849093,-1.0404799340562185,-1.287632959774949,-0.35136460239849093,-0.48418387302535293 0.008985686
9 0.21129648342680685,0.0934429364915848,0.4991650246182816,0.22589307984786644,0.0934429364915848,0.1072576620038932,-0.1929194177682375,0.0934429364915848,0.09165898336969444,-0.2075160141892971,0.0934429364915848,0.4835663459840829,0.21129648342680685,-0.2521365183111191,0.4991650246182816,0.22589307984786644,-0.2521365183111191,0.1072576620038932,-0.1929194177682375,-0.2521365183111191,0.09165898336969444,-0.2075160141892971,-0.2521365183111191,0.4835663459840829 0.007433874
9 -0.25069228909109664,0.046018061291790036,1.1663796460117513,-0.24027136919205347,0.046018061291790036,0.7001783128364922,-0.574484545969023,0.046018061291790036,0.6927077019725627,-0.5849054658680661,0.046018061291790036,1.1589090351478217,-0.25069228909109664,-0.548660335194683,1.1663796460117513,-0.24027136919205347,-0.548660335194683,0.7001783128364922,-0.574484545969023,-0.548660335194683,0.6927077019725627,-0.5849054658680661,-0.548660335194683,1.1589090351478217 0.012994128
9 -0.6453037137531779,0.4753853370499039,-0.15146169120104258,-0.6660395731499298,0.4753853370499039,-0.401422117564599,-1.015314591453121,0.4753853370499039,-0.3724474603530651,-0.994578732056369,0.4753853370499039,-0.12248703398950864,-0.6453037137531779,-0.4042691578220749,-0.15146169120104258,-0.6660395731499298,-0.4042691578220749,-0.401422117564599,-1.015314591453121,-0.4042691578220749,-0.3724474603530651,-0.994578732056369,-0.4042691578220749,-0.12248703398950864 0.010076459
9 0.2838189223413995,-0.14897773967979433,-0.8440895737033285,0.28616860397113686,-0.14897773967979433,-1.3778587787996877,-0.5371903994684747,-0.14897773967979433,-1.381483250774821,-0.539540081098212,-0.14897773967979433,-0.8477140456784618,0.2838189223413995,-0.4187094737410736,-0.8440895737033285,0.28616860397113686,-0.4187094737410736,-1.3778587787996877,-0.5371903994684747,-0.4187094737410736,-1.381483250774821,-0.539540081098212,-0.4187094737410736,-0.8477140456784618 0.008628745
9 -1.1651453335200714,0.32623434710020066,-0.7774033965975108,-1.1666164022446213,0.32623434710020066,-0.9899502620227131,-1.4679494540775848,0.32623434710020066,-0.9878646907895742,-1.466478385353035,0.32623434710020066,-0.7753178253643719,-1.1651453335200714,-0.32869345592969895,-0.7774033965975108,-1.1666164022446213,-0.32869345592969895,-0.9899502620227131,-1.4679494540775848,-0.32869345592969895,-0.9878646907895742,-1.466478385353035,-0.32869345592969895,-0.7753178253643719 0.008022101
9 -0.009855803429854454,0.4946763281773949,0.3678535851246224,-0.0024999846312726837,0.4946763281773949,0.08157275256949864,-0.4044368301036233,0.4946763281773949,0.07124522006451026,-0.4117926489022051,0.4946763281773949,0.35752605261963405,-0.009855803429854454,-0.09080684828275681,0.3678535851246224,-0.0024999846312726837,-0.09080684828275681,0.08157275256949864,-0.4044368301036233,-0.09080684828275681,0.07124522006451026,-0.4117926489022051,-0.09080684828275681,0.35752605261963405 0.015174081
9 -0.8135946270515727,0.5246859164040709,-0.4469978924298389,-0.8084909434877064,0.5246859164040709,-0.7089278189460146,-1.1921483996818258,0.5246859164040709,-0.7164033536410229,-1.1972520832456919,0.5246859164040709,-0.45447342712484723,-0.8135946270515727,-0.2281162709992552,-0.4469978924298389,-0.8084909434877064,-0.2281162709992552,-0.7089278189460146,-1.1921483996818258,-0.2281162709992552,-0.7164033536410229,-1.1972520832456919,-0.2281162709992552,-0.45447342712484723 0.008413231
9 -0.22830183791654846,0.7572620409246444,0.42102222060767325,-0.20139344981534643,0.7572620409246444,0.04085538199407723,-0.42343173933488587,0.7572620409246444,0.025139407161796967,-0.45034012743608787,0.7572620409246444,0.405306245775393,-0.22830183791654846,0.2556774122003555,0.42102222060767325,-0.20139344981534643,0.2556774122003555,0.04085538199407723,-0.42343173933488587,0.2556774122003555,0.025139407161796967,-0.45034012743608787,0.2556774122003555,0.405306245775393 0.008031643
9 -0.19193723985000405,-1.21772202019876,1.1769043096404683,-0.1994948812880764,-1.21772202019876,0.9627548276421405,-0.7303862254972859,-1.21772202019876,0.9814907423157084,-0.7228285840592137,-1.21772202019876,1.1956402243140363,-0.19193723985000405,-1.932008900592866,1.1769043096404683,-0.1994948812880764,-1.932008900592866,0.9627548276421405,-0.7303862254972859,-1.932008900592866,0.9814907423157084,-0.7228285840592137,-1.932008900592866,1.1956402243140363 0.010065907
