0 0.8341487770169811,-0.06515781192489625,0.7702493260793555,0.8356475489050881,-0.06515781192489625,-0.1741237547736269,0.36410461615623674,-0.06515781192489625,-0.17487211927698731,0.36260584426812975,-0.06515781192489625,0.7695009615759951,0.8341487770169811,-0.5358679482489014,0.7702493260793555,0.8356475489050881,-0.5358679482489014,-0.1741237547736269,0.36410461615623674,-0.5358679482489014,-0.17487211927698731,0.36260584426812975,-0.5358679482489014,0.7695009615759951 0.0062046153
0 0.36574127787718747,-0.10471176712223051,0.7492148820860325,0.3645171871946363,-0.10471176712223051,-0.1613629999433187,-0.12719961518416378,-0.10471176712223051,-0.1607019845945774,-0.12597552450161265,-0.10471176712223051,0.7498758974347738,0.36574127787718747,-0.6575427094250107,0.7492148820860325,0.3645171871946363,-0.6575427094250107,-0.1613629999433187,-0.12719961518416378,-0.6575427094250107,-0.1607019845945774,-0.12597552450161265,-0.6575427094250107,0.7498758974347738 0.004108058
0 0.7681830096785325,0.6617917138215328,2.1868574377008945,0.760367642333859,0.6617917138215328,1.9120234592870236,0.1880170535500747,0.6617917138215328,1.9282992128423184,0.19583242089474817,0.6617917138215328,2.2031331912561893,0.7681830096785325,-0.10947010098660231,2.1868574377008945,0.760367642333859,-0.10947010098660231,1.9120234592870236,0.1880170535500747,-0.10947010098660231,1.9282992128423184,0.19583242089474817,-0.10947010098660231,2.2031331912561893 0.0047045867
0 -1.8752832760954037,0.3622522169499779,1.9343508660004736,-1.8421987186121638,0.3622522169499779,1.0922921918995048,-2.334855044827448,0.3622522169499779,1.0729356826140284,-2.367939602310688,0.3622522169499779,1.9149943567149972,-1.8752832760954037,-0.15686215104154588,1.9343508660004736,-1.8421987186121638,-0.15686215104154588,1.0922921918995048,-2.334855044827448,-0.15686215104154588,1.0729356826140284,-2.367939602310688,-0.15686215104154588,1.9149943567149972 0.0036767658
0 1.1327712906247678,-0.24501382661348342,3.032575542306786,1.136321615378466,-0.24501382661348342,2.648324098490561,0.7401243077867923,-0.24501382661348342,2.644663398885841,0.7365739830330941,-0.24501382661348342,3.028914842702066,1.1327712906247678,-1.1338425939034844,3.032575542306786,1.136321615378466,-1.1338425939034844,2.648324098490561,0.7401243077867923,-1.1338425939034844,2.644663398885841,0.7365739830330941,-1.1338425939034844,3.028914842702066 0.0033923516
0 0.8893052433607213,-0.3145371853310442,2.950473705586392,0.8898522602773399,-0.3145371853310442,2.584652826556956,0.5541664267900356,-0.3145371853310442,2.5841508709822114,0.553619409873417,-0.3145371853310442,2.9499717500116476,0.8893052433607213,-1.1052014649909163,2.950473705586392,0.8898522602773399,-1.1052014649909163,2.584652826556956,0.5541664267900356,-1.1052014649909163,2.5841508709822114,0.553619409873417,-1.1052014649909163,2.9499717500116476 0.0032126377
0 0.8246112625909546,-0.474013972863636,2.933924081874009,0.8138553873576684,-0.474013972863636,2.258791672681104,0.4514344174551269,-0.474013972863636,2.2645655841110983,0.4621902926884131,-0.474013972863636,2.9396979933040033,0.8246112625909546,-1.0037295335679435,2.933924081874009,0.8138553873576684,-1.0037295335679435,2.258791672681104,0.4514344174551269,-1.0037295335679435,2.2645655841110983,0.4621902926884131,-1.0037295335679435,2.9396979933040033 0.0046954416
0 0.8175039198125499,0.15642854469532014,2.5376541586730696,0.8099906557584597,0.15642854469532014,2.3109616735454543,0.5289983842645986,0.15642854469532014,2.3202745942261003,0.5365116483186887,0.15642854469532014,2.5469670793537156,0.8175039198125499,-0.7120307375740433,2.5376541586730696,0.8099906557584597,-0.7120307375740433,2.3109616735454543,0.5289983842645986,-0.7120307375740433,2.3202745942261003,0.5365116483186887,-0.7120307375740433,2.5469670793537156 0.00514233
0 -1.9186360507654783,0.21137277612082003,1.0520861853451577,-1.933339192179916,0.21137277612082003,0.2660507897978494,-2.4447806209874514,0.21137277612082003,0.27561752902556985,-2.430077479573014,0.21137277612082003,1.061652924572878,-1.9186360507654783,-0.21847463974348544,1.0520861853451577,-1.933339192179916,-0.21847463974348544,0.2660507897978494,-2.4447806209874514,-0.21847463974348544,0.27561752902556985,-2.430077479573014,-0.21847463974348544,1.061652924572878 0.0052008624
0 1.3599176478835648,0.10692719928106309,3.0087364457329473,1.3384738677371806,0.10692719928106309,2.5152414773488587,0.7427177357223922,0.10692719928106309,2.5411288000861445,0.7641615158687765,0.10692719928106309,3.034623768470233,1.3599176478835648,-0.2422883938916588,3.0087364457329473,1.3384738677371806,-0.2422883938916588,2.5152414773488587,0.7427177357223922,-0.2422883938916588,2.5411288000861445,0.7641615158687765,-0.2422883938916588,3.034623768470233 0.0044057094
1 0.8341487770169811,-0.06515781192489625,0.7702493260793555,0.8356475489050881,-0.06515781192489625,-0.1741237547736269,0.36410461615623674,-0.06515781192489625,-0.17487211927698731,0.36260584426812975,-0.06515781192489625,0.7695009615759951,0.8341487770169811,-0.5358679482489014,0.7702493260793555,0.8356475489050881,-0.5358679482489014,-0.1741237547736269,0.36410461615623674,-0.5358679482489014,-0.17487211927698731,0.36260584426812975,-0.5358679482489014,0.7695009615759951 0.009522406
1 0.36574127787718747,-0.10471176712223051,0.7492148820860325,0.3645171871946363,-0.10471176712223051,-0.1613629999433187,-0.12719961518416378,-0.10471176712223051,-0.1607019845945774,-0.12597552450161265,-0.10471176712223051,0.7498758974347738,0.36574127787718747,-0.6575427094250107,0.7492148820860325,0.3645171871946363,-0.6575427094250107,-0.1613629999433187,-0.12719961518416378,-0.6575427094250107,-0.1607019845945774,-0.12597552450161265,-0.6575427094250107,0.7498758974347738 0.008521927
1 0.7681830096785325,0.6617917138215328,2.1868574377008945,0.760367642333859,0.6617917138215328,1.9120234592870236,0.1880170535500747,0.6617917138215328,1.9282992128423184,0.19583242089474817,0.6617917138215328,2.2031331912561893,0.7681830096785325,-0.10947010098660231,2.1868574377008945,0.760367642333859,-0.10947010098660231,1.9120234592870236,0.1880170535500747,-0.10947010098660231,1.9282992128423184,0.19583242089474817,-0.10947010098660231,2.2031331912561893 0.008751106
1 -1.8752832760954037,0.3622522169499779,1.9343508660004736,-1.8421987186121638,0.3622522169499779,1.0922921918995048,-2.334855044827448,0.3622522169499779,1.0729356826140284,-2.367939602310688,0.3622522169499779,1.9149943567149972,-1.8752832760954037,-0.15686215104154588,1.9343508660004736,-1.8421987186121638,-0.15686215104154588,1.0922921918995048,-2.334855044827448,-0.15686215104154588,1.0729356826140284,-2.367939602310688,-0.15686215104154588,1.9149943567149972 0.009752416
1 1.1327712906247678,-0.24501382661348342,3.032575542306786,1.136321615378466,-0.24501382661348342,2.648324098490561,0.7401243077867923,-0.24501382661348342,2.644663398885841,0.7365739830330941,-0.24501382661348342,3.028914842702066,1.1327712906247678,-1.1338425939034844,3.032575542306786,1.136321615378466,-1.1338425939034844,2.648324098490561,0.7401243077867923,-1.1338425939034844,2.644663398885841,0.7365739830330941,-1.1338425939034844,3.028914842702066 0.008628031
1 0.8893052433607213,-0.3145371853310442,2.950473705586392,0.8898522602773399,-0.3145371853310442,2.584652826556956,0.5541664267900356,-0.3145371853310442,2.5841508709822114,0.553619409873417,-0.3145371853310442,2.9499717500116476,0.8893052433607213,-1.1052014649909163,2.950473705586392,0.8898522602773399,-1.1052014649909163,2.584652826556956,0.5541664267900356,-1.1052014649909163,2.5841508709822114,0.553619409873417,-1.1052014649909163,2.9499717500116476 0.010002682
1 0.8246112625909546,-0.474013972863636,2.933924081874009,0.8138553873576684,-0.474013972863636,2.258791672681104,0.4514344174551269,-0.474013972863636,2.2645655841110983,0.4621902926884131,-0.474013972863636,2.9396979933040033,0.8246112625909546,-1.0037295335679435,2.933924081874009,0.8138553873576684,-1.0037295335679435,2.258791672681104,0.4514344174551269,-1.0037295335679435,2.2645655841110983,0.4621902926884131,-1.0037295335679435,2.9396979933040033 0.007938545
1 0.8175039198125499,0.15642854469532014,2.5376541586730696,0.8099906557584597,0.15642854469532014,2.3109616735454543,0.5289983842645986,0.15642854469532014,2.3202745942261003,0.5365116483186887,0.15642854469532014,2.5469670793537156,0.8175039198125499,-0.7120307375740433,2.5376541586730696,0.8099906557584597,-0.7120307375740433,2.3109616735454543,0.5289983842645986,-0.7120307375740433,2.3202745942261003,0.5365116483186887,-0.7120307375740433,2.5469670793537156 0.010757204
1 -1.9186360507654783,0.21137277612082003,1.0520861853451577,-1.933339192179916,0.21137277612082003,0.2660507897978494,-2.4447806209874514,0.21137277612082003,0.27561752902556985,-2.430077479573014,0.21137277612082003,1.061652924572878,-1.9186360507654783,-0.21847463974348544,1.0520861853451577,-1.933339192179916,-0.21847463974348544,0.2660507897978494,-2.4447806209874514,-0.21847463974348544,0.27561752902556985,-2.430077479573014,-0.21847463974348544,1.061652924572878 0.00910004
1 1.3599176478835648,0.10692719928106309,3.0087364457329473,1.3384738677371806,0.10692719928106309,2.5152414773488587,0.7427177357223922,0.10692719928106309,2.5411288000861445,0.7641615158687765,0.10692719928106309,3.034623768470233,1.3599176478835648,-0.2422883938916588,3.0087364457329473,1.3384738677371806,-0.2422883938916588,2.5152414773488587,0.7427177357223922,-0.2422883938916588,2.5411288000861445,0.7641615158687765,-0.2422883938916588,3.034623768470233 0.011694493
2 0.8341487770169811,-0.06515781192489625,0.7702493260793555,0.8356475489050881,-0.06515781192489625,-0.1741237547736269,0.36410461615623674,-0.06515781192489625,-0.17487211927698731,0.36260584426812975,-0.06515781192489625,0.7695009615759951,0.8341487770169811,-0.5358679482489014,0.7702493260793555,0.8356475489050881,-0.5358679482489014,-0.1741237547736269,0.36410461615623674,-0.5358679482489014,-0.17487211927698731,0.36260584426812975,-0.5358679482489014,0.7695009615759951 0.01205793
2 0.36574127787718747,-0.10471176712223051,0.7492148820860325,0.3645171871946363,-0.10471176712223051,-0.1613629999433187,-0.12719961518416378,-0.10471176712223051,-0.1607019845945774,-0.12597552450161265,-0.10471176712223051,0.7498758974347738,0.36574127787718747,-0.6575427094250107,0.7492148820860325,0.3645171871946363,-0.6575427094250107,-0.1613629999433187,-0.12719961518416378,-0.6575427094250107,-0.1607019845945774,-0.12597552450161265,-0.6575427094250107,0.7498758974347738 0.008319163
2 0.7681830096785325,0.6617917138215328,2.1868574377008945,0.760367642333859,0.6617917138215328,1.9120234592870236,0.1880170535500747,0.6617917138215328,1.9282992128423184,0.19583242089474817,0.6617917138215328,2.2031331912561893,0.7681830096785325,-0.10947010098660231,2.1868574377008945,0.760367642333859,-0.10947010098660231,1.9120234592870236,0.1880170535500747,-0.10947010098660231,1.9282992128423184,0.19583242089474817,-0.10947010098660231,2.2031331912561893 0.009192087
2 -1.8752832760954037,0.3622522169499779,1.9343508660004736,-1.8421987186121638,0.3622522169499779,1.0922921918995048,-2.334855044827448,0.3622522169499779,1.0729356826140284,-2.367939602310688,0.3622522169499779,1.9149943567149972,-1.8752832760954037,-0.15686215104154588,1.9343508660004736,-1.8421987186121638,-0.15686215104154588,1.0922921918995048,-2.334855044827448,-0.15686215104154588,1.0729356826140284,-2.367939602310688,-0.15686215104154588,1.9149943567149972 0.008491303
2 1.1327712906247678,-0.24501382661348342,3.032575542306786,1.136321615378466,-0.24501382661348342,2.648324098490561,0.7401243077867923,-0.24501382661348342,2.644663398885841,0.7365739830330941,-0.24501382661348342,3.028914842702066,1.1327712906247678,-1.1338425939034844,3.032575542306786,1.136321615378466,-1.1338425939034844,2.648324098490561,0.7401243077867923,-1.1338425939034844,2.644663398885841,0.7365739830330941,-1.1338425939034844,3.028914842702066 0.007949727
2 0.8893052433607213,-0.3145371853310442,2.950473705586392,0.8898522602773399,-0.3145371853310442,2.584652826556956,0.5541664267900356,-0.3145371853310442,2.5841508709822114,0.553619409873417,-0.3145371853310442,2.9499717500116476,0.8893052433607213,-1.1052014649909163,2.950473705586392,0.8898522602773399,-1.1052014649909163,2.584652826556956,0.5541664267900356,-1.1052014649909163,2.5841508709822114,0.553619409873417,-1.1052014649909163,2.9499717500116476 0.008207052
2 0.8246112625909546,-0.474013972863636,2.933924081874009,0.8138553873576684,-0.474013972863636,2.258791672681104,0.4514344174551269,-0.474013972863636,2.2645655841110983,0.4621902926884131,-0.474013972863636,2.9396979933040033,0.8246112625909546,-1.0037295335679435,2.933924081874009,0.8138553873576684,-1.0037295335679435,2.258791672681104,0.4514344174551269,-1.0037295335679435,2.2645655841110983,0.4621902926884131,-1.0037295335679435,2.9396979933040033 0.013739688
2 0.8175039198125499,0.15642854469532014,2.5376541586730696,0.8099906557584597,0.15642854469532014,2.3109616735454543,0.5289983842645986,0.15642854469532014,2.3202745942261003,0.5365116483186887,0.15642854469532014,2.5469670793537156,0.8175039198125499,-0.7120307375740433,2.5376541586730696,0.8099906557584597,-0.7120307375740433,2.3109616735454543,0.5289983842645986,-0.7120307375740433,2.3202745942261003,0.5365116483186887,-0.7120307375740433,2.5469670793537156 0.0057007256
2 -1.9186360507654783,0.21137277612082003,1.0520861853451577,-1.933339192179916,0.21137277612082003,0.2660507897978494,-2.4447806209874514,0.21137277612082003,0.27561752902556985,-2.430077479573014,0.21137277612082003,1.061652924572878,-1.9186360507654783,-0.21847463974348544,1.0520861853451577,-1.933339192179916,-0.21847463974348544,0.2660507897978494,-2.4447806209874514,-0.21847463974348544,0.27561752902556985,-2.430077479573014,-0.21847463974348544,1.061652924572878 0.010303202
2 1.3599176478835648,0.10692719928106309,3.0087364457329473,1.3384738677371806,0.10692719928106309,2.5152414773488587,0.7427177357223922,0.10692719928106309,2.5411288000861445,0.7641615158687765,0.10692719928106309,3.034623768470233,1.3599176478835648,-0.2422883938916588,3.0087364457329473,1.3384738677371806,-0.2422883938916588,2.5152414773488587,0.7427177357223922,-0.2422883938916588,2.5411288000861445,0.7641615158687765,-0.2422883938916588,3.034623768470233 0.0077304807
3 0.8341487770169811,-0.06515781192489625,0.7702493260793555,0.8356475489050881,-0.06515781192489625,-0.1741237547736269,0.36410461615623674,-0.06515781192489625,-0.17487211927698731,0.36260584426812975,-0.06515781192489625,0.7695009615759951,0.8341487770169811,-0.5358679482489014,0.7702493260793555,0.8356475489050881,-0.5358679482489014,-0.1741237547736269,0.36410461615623674,-0.5358679482489014,-0.17487211927698731,0.36260584426812975,-0.5358679482489014,0.7695009615759951 0.0047300095
3 0.36574127787718747,-0.10471176712223051,0.7492148820860325,0.3645171871946363,-0.10471176712223051,-0.1613629999433187,-0.12719961518416378,-0.10471176712223051,-0.1607019845945774,-0.12597552450161265,-0.10471176712223051,0.7498758974347738,0.36574127787718747,-0.6575427094250107,0.7492148820860325,0.3645171871946363,-0.6575427094250107,-0.1613629999433187,-0.12719961518416378,-0.6575427094250107,-0.1607019845945774,-0.12597552450161265,-0.6575427094250107,0.7498758974347738 0.0063547986
3 0.7681830096785325,0.6617917138215328,2.1868574377008945,0.760367642333859,0.6617917138215328,1.9120234592870236,0.1880170535500747,0.6617917138215328,1.9282992128423184,0.19583242089474817,0.6617917138215328,2.2031331912561893,0.7681830096785325,-0.10947010098660231,2.1868574377008945,0.760367642333859,-0.10947010098660231,1.9120234592870236,0.1880170535500747,-0.10947010098660231,1.9282992128423184,0.19583242089474817,-0.10947010098660231,2.2031331912561893 0.0043095876
3 -1.8752832760954037,0.3622522169499779,1.9343508660004736,-1.8421987186121638,0.3622522169499779,1.0922921918995048,-2.334855044827448,0.3622522169499779,1.0729356826140284,-2.367939602310688,0.3622522169499779,1.9149943567149972,-1.8752832760954037,-0.15686215104154588,1.9343508660004736,-1.8421987186121638,-0.15686215104154588,1.0922921918995048,-2.334855044827448,-0.15686215104154588,1.0729356826140284,-2.367939602310688,-0.15686215104154588,1.9149943567149972 0.004462127
3 1.1327712906247678,-0.24501382661348342,3.032575542306786,1.136321615378466,-0.24501382661348342,2.648324098490561,0.7401243077867923,-0.24501382661348342,2.644663398885841,0.7365739830330941,-0.24501382661348342,3.028914842702066,1.1327712906247678,-1.1338425939034844,3.032575542306786,1.136321615378466,-1.1338425939034844,2.648324098490561,0.7401243077867923,-1.1338425939034844,2.644663398885841,0.7365739830330941,-1.1338425939034844,3.028914842702066 0.0043362696
3 0.8893052433607213,-0.3145371853310442,2.950473705586392,0.8898522602773399,-0.3145371853310442,2.584652826556956,0.5541664267900356,-0.3145371853310442,2.5841508709822114,0.553619409873417,-0.3145371853310442,2.9499717500116476,0.8893052433607213,-1.1052014649909163,2.950473705586392,0.8898522602773399,-1.1052014649909163,2.584652826556956,0.5541664267900356,-1.1052014649909163,2.5841508709822114,0.553619409873417,-1.1052014649909163,2.9499717500116476 0.0045805206
3 0.8246112625909546,-0.474013972863636,2.933924081874009,0.8138553873576684,-0.474013972863636,2.258791672681104,0.4514344174551269,-0.474013972863636,2.2645655841110983,0.4621902926884131,-0.474013972863636,2.9396979933040033,0.8246112625909546,-1.0037295335679435,2.933924081874009,0.8138553873576684,-1.0037295335679435,2.258791672681104,0.4514344174551269,-1.0037295335679435,2.2645655841110983,0.4621902926884131,-1.0037295335679435,2.9396979933040033 0.0060586925
3 0.8175039198125499,0.15642854469532014,2.5376541586730696,0.8099906557584597,0.15642854469532014,2.3109616735454543,0.5289983842645986,0.15642854469532014,2.3202745942261003,0.5365116483186887,0.15642854469532014,2.5469670793537156,0.8175039198125499,-0.7120307375740433,2.5376541586730696,0.8099906557584597,-0.7120307375740433,2.3109616735454543,0.5289983842645986,-0.7120307375740433,2.3202745942261003,0.5365116483186887,-0.7120307375740433,2.5469670793537156 0.004451474
3 -1.9186360507654783,0.21137277612082003,1.0520861853451577,-1.933339192179916,0.21137277612082003,0.2660507897978494,-2.4447806209874514,0.21137277612082003,0.27561752902556985,-2.430077479573014,0.21137277612082003,1.061652924572878,-1.9186360507654783,-0.21847463974348544,1.0520861853451577,-1.933339192179916,-0.21847463974348544,0.2660507897978494,-2.4447806209874514,-0.21847463974348544,0.27561752902556985,-2.430077479573014,-0.21847463974348544,1.061652924572878 0.0034503515
3 1.3599176478835648,0.10692719928106309,3.0087364457329473,1.3384738677371806,0.10692719928106309,2.5152414773488587,0.7427177357223922,0.10692719928106309,2.5411288000861445,0.7641615158687765,0.10692719928106309,3.034623768470233,1.3599176478835648,-0.2422883938916588,3.0087364457329473,1.3384738677371806,-0.2422883938916588,2.5152414773488587,0.7427177357223922,-0.2422883938916588,2.5411288000861445,0.7641615158687765,-0.2422883938916588,3.034623768470233 0.0038884345
4 0.8341487770169811,-0.06515781192489625,0.7702493260793555,0.8356475489050881,-0.06515781192489625,-0.1741237547736269,0.36410461615623674,-0.06515781192489625,-0.17487211927698731,0.36260584426812975,-0.06515781192489625,0.7695009615759951,0.8341487770169811,-0.5358679482489014,0.7702493260793555,0.8356475489050881,-0.5358679482489014,-0.1741237547736269,0.36410461615623674,-0.5358679482489014,-0.17487211927698731,0.36260584426812975,-0.5358679482489014,0.7695009615759951 0.0046614483
4 0.36574127787718747,-0.10471176712223051,0.7492148820860325,0.3645171871946363,-0.10471176712223051,-0.1613629999433187,-0.12719961518416378,-0.10471176712223051,-0.1607019845945774,-0.12597552450161265,-0.10471176712223051,0.7498758974347738,0.36574127787718747,-0.6575427094250107,0.7492148820860325,0.3645171871946363,-0.6575427094250107,-0.1613629999433187,-0.12719961518416378,-0.6575427094250107,-0.1607019845945774,-0.12597552450161265,-0.6575427094250107,0.7498758974347738 0.0027157983
4 0.7681830096785325,0.6617917138215328,2.1868574377008945,0.760367642333859,0.6617917138215328,1.9120234592870236,0.1880170535500747,0.6617917138215328,1.9282992128423184,0.19583242089474817,0.6617917138215328,2.2031331912561893,0.7681830096785325,-0.10947010098660231,2.1868574377008945,0.760367642333859,-0.10947010098660231,1.9120234592870236,0.1880170535500747,-0.10947010098660231,1.9282992128423184,0.19583242089474817,-0.10947010098660231,2.2031331912561893 0.0034019689
4 -1.8752832760954037,0.3622522169499779,1.9343508660004736,-1.8421987186121638,0.3622522169499779,1.0922921918995048,-2.334855044827448,0.3622522169499779,1.0729356826140284,-2.367939602310688,0.3622522169499779,1.9149943567149972,-1.8752832760954037,-0.15686215104154588,1.9343508660004736,-1.8421987186121638,-0.15686215104154588,1.0922921918995048,-2.334855044827448,-0.15686215104154588,1.0729356826140284,-2.367939602310688,-0.15686215104154588,1.9149943567149972 0.0025765507
4 1.1327712906247678,-0.24501382661348342,3.032575542306786,1.136321615378466,-0.24501382661348342,2.648324098490561,0.7401243077867923,-0.24501382661348342,2.644663398885841,0.7365739830330941,-0.24501382661348342,3.028914842702066,1.1327712906247678,-1.1338425939034844,3.032575542306786,1.136321615378466,-1.1338425939034844,2.648324098490561,0.7401243077867923,-1.1338425939034844,2.644663398885841,0.7365739830330941,-1.1338425939034844,3.028914842702066 0.0027156519
4 0.8893052433607213,-0.3145371853310442,2.950473705586392,0.8898522602773399,-0.3145371853310442,2.584652826556956,0.5541664267900356,-0.3145371853310442,2.5841508709822114,0.553619409873417,-0.3145371853310442,2.9499717500116476,0.8893052433607213,-1.1052014649909163,2.950473705586392,0.8898522602773399,-1.1052014649909163,2.584652826556956,0.5541664267900356,-1.1052014649909163,2.5841508709822114,0.553619409873417,-1.1052014649909163,2.9499717500116476 0.0026432122
4 0.8246112625909546,-0.474013972863636,2.933924081874009,0.8138553873576684,-0.474013972863636,2.258791672681104,0.4514344174551269,-0.474013972863636,2.2645655841110983,0.4621902926884131,-0.474013972863636,2.9396979933040033,0.8246112625909546,-1.0037295335679435,2.933924081874009,0.8138553873576684,-1.0037295335679435,2.258791672681104,0.4514344174551269,-1.0037295335679435,2.2645655841110983,0.4621902926884131,-1.0037295335679435,2.9396979933040033 0.0043387865
4 0.8175039198125499,0.15642854469532014,2.5376541586730696,0.8099906557584597,0.15642854469532014,2.3109616735454543,0.5289983842645986,0.15642854469532014,2.3202745942261003,0.5365116483186887,0.15642854469532014,2.5469670793537156,0.8175039198125499,-0.7120307375740433,2.5376541586730696,0.8099906557584597,-0.7120307375740433,2.3109616735454543,0.5289983842645986,-0.7120307375740433,2.3202745942261003,0.5365116483186887,-0.7120307375740433,2.5469670793537156 0.0028662966
4 -1.9186360507654783,0.21137277612082003,1.0520861853451577,-1.933339192179916,0.21137277612082003,0.2660507897978494,-2.4447806209874514,0.21137277612082003,0.27561752902556985,-2.430077479573014,0.21137277612082003,1.061652924572878,-1.9186360507654783,-0.21847463974348544,1.0520861853451577,-1.933339192179916,-0.21847463974348544,0.2660507897978494,-2.4447806209874514,-0.21847463974348544,0.27561752902556985,-2.430077479573014,-0.21847463974348544,1.061652924572878 0.0033826453
4 1.3599176478835648,0.10692719928106309,3.0087364457329473,1.3384738677371806,0.10692719928106309,2.5152414773488587,0.7427177357223922,0.10692719928106309,2.5411288000861445,0.7641615158687765,0.10692719928106309,3.034623768470233,1.3599176478835648,-0.2422883938916588,3.0087364457329473,1.3384738677371806,-0.2422883938916588,2.5152414773488587,0.7427177357223922,-0.2422883938916588,2.5411288000861445,0.7641615158687765,-0.2422883938916588,3.034623768470233 0.0037494102
5 0.8341487770169811,-0.06515781192489625,0.7702493260793555,0.8356475489050881,-0.06515781192489625,-0.1741237547736269,0.36410461615623674,-0.06515781192489625,-0.17487211927698731,0.36260584426812975,-0.06515781192489625,0.7695009615759951,0.8341487770169811,-0.5358679482489014,0.7702493260793555,0.8356475489050881,-0.5358679482489014,-0.1741237547736269,0.36410461615623674,-0.5358679482489014,-0.17487211927698731,0.36260584426812975,-0.5358679482489014,0.7695009615759951 0.008103107
5 0.36574127787718747,-0.10471176712223051,0.7492148820860325,0.3645171871946363,-0.10471176712223051,-0.1613629999433187,-0.12719961518416378,-0.10471176712223051,-0.1607019845945774,-0.12597552450161265,-0.10471176712223051,0.7498758974347738,0.36574127787718747,-0.6575427094250107,0.7492148820860325,0.3645171871946363,-0.6575427094250107,-0.1613629999433187,-0.12719961518416378,-0.6575427094250107,-0.1607019845945774,-0.12597552450161265,-0.6575427094250107,0.7498758974347738 0.009481224
5 0.7681830096785325,0.6617917138215328,2.1868574377008945,0.760367642333859,0.6617917138215328,1.9120234592870236,0.1880170535500747,0.6617917138215328,1.9282992128423184,0.19583242089474817,0.6617917138215328,2.2031331912561893,0.7681830096785325,-0.10947010098660231,2.1868574377008945,0.760367642333859,-0.10947010098660231,1.9120234592870236,0.1880170535500747,-0.10947010098660231,1.9282992128423184,0.19583242089474817,-0.10947010098660231,2.2031331912561893 0.010555003
5 -1.8752832760954037,0.3622522169499779,1.9343508660004736,-1.8421987186121638,0.3622522169499779,1.0922921918995048,-2.334855044827448,0.3622522169499779,1.0729356826140284,-2.367939602310688,0.3622522169499779,1.9149943567149972,-1.8752832760954037,-0.15686215104154588,1.9343508660004736,-1.8421987186121638,-0.15686215104154588,1.0922921918995048,-2.334855044827448,-0.15686215104154588,1.0729356826140284,-2.367939602310688,-0.15686215104154588,1.9149943567149972 0.00939065
5 1.1327712906247678,-0.24501382661348342,3.032575542306786,1.136321615378466,-0.24501382661348342,2.648324098490561,0.7401243077867923,-0.24501382661348342,2.644663398885841,0.7365739830330941,-0.24501382661348342,3.028914842702066,1.1327712906247678,-1.1338425939034844,3.032575542306786,1.136321615378466,-1.1338425939034844,2.648324098490561,0.7401243077867923,-1.1338425939034844,2.644663398885841,0.7365739830330941,-1.1338425939034844,3.028914842702066 0.0063782227
5 0.8893052433607213,-0.3145371853310442,2.950473705586392,0.8898522602773399,-0.3145371853310442,2.584652826556956,0.5541664267900356,-0.3145371853310442,2.5841508709822114,0.553619409873417,-0.3145371853310442,2.9499717500116476,0.8893052433607213,-1.1052014649909163,2.950473705586392,0.8898522602773399,-1.1052014649909163,2.584652826556956,0.5541664267900356,-1.1052014649909163,2.5841508709822114,0.553619409873417,-1.1052014649909163,2.9499717500116476 0.006684463
5 0.8246112625909546,-0.474013972863636,2.933924081874009,0.8138553873576684,-0.474013972863636,2.258791672681104,0.4514344174551269,-0.474013972863636,2.2645655841110983,0.4621902926884131,-0.474013972863636,2.9396979933040033,0.8246112625909546,-1.0037295335679435,2.933924081874009,0.8138553873576684,-1.0037295335679435,2.258791672681104,0.4514344174551269,-1.0037295335679435,2.2645655841110983,0.4621902926884131,-1.0037295335679435,2.9396979933040033 0.007983616
5 0.8175039198125499,0.15642854469532014,2.5376541586730696,0.8099906557584597,0.15642854469532014,2.3109616735454543,0.5289983842645986,0.15642854469532014,2.3202745942261003,0.5365116483186887,0.15642854469532014,2.5469670793537156,0.8175039198125499,-0.7120307375740433,2.5376541586730696,0.8099906557584597,-0.7120307375740433,2.3109616735454543,0.5289983842645986,-0.7120307375740433,2.3202745942261003,0.5365116483186887,-0.7120307375740433,2.5469670793537156 0.008691599
5 -1.9186360507654783,0.21137277612082003,1.0520861853451577,-1.933339192179916,0.21137277612082003,0.2660507897978494,-2.4447806209874514,0.21137277612082003,0.27561752902556985,-2.430077479573014,0.21137277612082003,1.061652924572878,-1.9186360507654783,-0.21847463974348544,1.0520861853451577,-1.933339192179916,-0.21847463974348544,0.2660507897978494,-2.4447806209874514,-0.21847463974348544,0.27561752902556985,-2.430077479573014,-0.21847463974348544,1.061652924572878 0.007114471
5 1.3599176478835648,0.10692719928106309,3.0087364457329473,1.3384738677371806,0.10692719928106309,2.5152414773488587,0.7427177357223922,0.10692719928106309,2.5411288000861445,0.7641615158687765,0.10692719928106309,3.034623768470233,1.3599176478835648,-0.2422883938916588,3.0087364457329473,1.3384738677371806,-0.2422883938916588,2.5152414773488587,0.7427177357223922,-0.2422883938916588,2.5411288000861445,0.7641615158687765,-0.2422883938916588,3.034623768470233 0.0063811988
6 0.8341487770169811,-0.06515781192489625,0.7702493260793555,0.8356475489050881,-0.06515781192489625,-0.1741237547736269,0.36410461615623674,-0.06515781192489625,-0.17487211927698731,0.36260584426812975,-0.06515781192489625,0.7695009615759951,0.8341487770169811,-0.5358679482489014,0.7702493260793555,0.8356475489050881,-0.5358679482489014,-0.1741237547736269,0.36410461615623674,-0.5358679482489014,-0.17487211927698731,0.36260584426812975,-0.5358679482489014,0.7695009615759951 0.0052777296
6 0.36574127787718747,-0.10471176712223051,0.7492148820860325,0.3645171871946363,-0.10471176712223051,-0.1613629999433187,-0.12719961518416378,-0.10471176712223051,-0.1607019845945774,-0.12597552450161265,-0.10471176712223051,0.7498758974347738,0.36574127787718747,-0.6575427094250107,0.7492148820860325,0.3645171871946363,-0.6575427094250107,-0.1613629999433187,-0.12719961518416378,-0.6575427094250107,-0.1607019845945774,-0.12597552450161265,-0.6575427094250107,0.7498758974347738 0.0032698426
6 0.7681830096785325,0.6617917138215328,2.1868574377008945,0.760367642333859,0.6617917138215328,1.9120234592870236,0.1880170535500747,0.6617917138215328,1.9282992128423184,0.19583242089474817,0.6617917138215328,2.2031331912561893,0.7681830096785325,-0.10947010098660231,2.1868574377008945,0.760367642333859,-0.10947010098660231,1.9120234592870236,0.1880170535500747,-0.10947010098660231,1.9282992128423184,0.19583242089474817,-0.10947010098660231,2.2031331912561893 0.005153643
6 -1.8752832760954037,0.3622522169499779,1.9343508660004736,-1.8421987186121638,0.3622522169499779,1.0922921918995048,-2.334855044827448,0.3622522169499779,1.0729356826140284,-2.367939602310688,0.3622522169499779,1.9149943567149972,-1.8752832760954037,-0.15686215104154588,1.9343508660004736,-1.8421987186121638,-0.15686215104154588,1.0922921918995048,-2.334855044827448,-0.15686215104154588,1.0729356826140284,-2.367939602310688,-0.15686215104154588,1.9149943567149972 0.0058728475
6 1.1327712906247678,-0.24501382661348342,3.032575542306786,1.136321615378466,-0.24501382661348342,2.648324098490561,0.7401243077867923,-0.24501382661348342,2.644663398885841,0.7365739830330941,-0.24501382661348342,3.028914842702066,1.1327712906247678,-1.1338425939034844,3.032575542306786,1.136321615378466,-1.1338425939034844,2.648324098490561,0.7401243077867923,-1.1338425939034844,2.644663398885841,0.7365739830330941,-1.1338425939034844,3.028914842702066 0.0036819705
6 0.8893052433607213,-0.3145371853310442,2.950473705586392,0.8898522602773399,-0.3145371853310442,2.584652826556956,0.5541664267900356,-0.3145371853310442,2.5841508709822114,0.553619409873417,-0.3145371853310442,2.9499717500116476,0.8893052433607213,-1.1052014649909163,2.950473705586392,0.8898522602773399,-1.1052014649909163,2.584652826556956,0.5541664267900356,-1.1052014649909163,2.5841508709822114,0.553619409873417,-1.1052014649909163,2.9499717500116476 0.003685987
6 0.8246112625909546,-0.474013972863636,2.933924081874009,0.8138553873576684,-0.474013972863636,2.258791672681104,0.4514344174551269,-0.474013972863636,2.2645655841110983,0.4621902926884131,-0.474013972863636,2.9396979933040033,0.8246112625909546,-1.0037295335679435,2.933924081874009,0.8138553873576684,-1.0037295335679435,2.258791672681104,0.4514344174551269,-1.0037295335679435,2.2645655841110983,0.4621902926884131,-1.0037295335679435,2.9396979933040033 0.004637412
6 0.8175039198125499,0.15642854469532014,2.5376541586730696,0.8099906557584597,0.15642854469532014,2.3109616735454543,0.5289983842645986,0.15642854469532014,2.3202745942261003,0.5365116483186887,0.15642854469532014,2.5469670793537156,0.8175039198125499,-0.7120307375740433,2.5376541586730696,0.8099906557584597,-0.7120307375740433,2.3109616735454543,0.5289983842645986,-0.7120307375740433,2.3202745942261003,0.5365116483186887,-0.7120307375740433,2.5469670793537156 0.0028535153
6 -1.9186360507654783,0.21137277612082003,1.0520861853451577,-1.933339192179916,0.21137277612082003,0.2660507897978494,-2.4447806209874514,0.21137277612082003,0.27561752902556985,-2.430077479573014,0.21137277612082003,1.061652924572878,-1.9186360507654783,-0.21847463974348544,1.0520861853451577,-1.933339192179916,-0.21847463974348544,0.2660507897978494,-2.4447806209874514,-0.21847463974348544,0.27561752902556985,-2.430077479573014,-0.21847463974348544,1.061652924572878 0.0037729735
6 1.3599176478835648,0.10692719928106309,3.0087364457329473,1.3384738677371806,0.10692719928106309,2.5152414773488587,0.7427177357223922,0.10692719928106309,2.5411288000861445,0.7641615158687765,0.10692719928106309,3.034623768470233,1.3599176478835648,-0.2422883938916588,3.0087364457329473,1.3384738677371806,-0.2422883938916588,2.5152414773488587,0.7427177357223922,-0.2422883938916588,2.5411288000861445,0.7641615158687765,-0.2422883938916588,3.034623768470233 0.0038171827
7 0.8341487770169811,-0.06515781192489625,0.7702493260793555,0.8356475489050881,-0.06515781192489625,-0.1741237547736269,0.36410461615623674,-0.06515781192489625,-0.17487211927698731,0.36260584426812975,-0.06515781192489625,0.7695009615759951,0.8341487770169811,-0.5358679482489014,0.7702493260793555,0.8356475489050881,-0.5358679482489014,-0.1741237547736269,0.36410461615623674,-0.5358679482489014,-0.17487211927698731,0.36260584426812975,-0.5358679482489014,0.7695009615759951 0.0026585583
7 0.36574127787718747,-0.10471176712223051,0.7492148820860325,0.3645171871946363,-0.10471176712223051,-0.1613629999433187,-0.12719961518416378,-0.10471176712223051,-0.1607019845945774,-0.12597552450161265,-0.10471176712223051,0.7498758974347738,0.36574127787718747,-0.6575427094250107,0.7492148820860325,0.3645171871946363,-0.6575427094250107,-0.1613629999433187,-0.12719961518416378,-0.6575427094250107,-0.1607019845945774,-0.12597552450161265,-0.6575427094250107,0.7498758974347738 0.0014349874
7 0.7681830096785325,0.6617917138215328,2.1868574377008945,0.760367642333859,0.6617917138215328,1.9120234592870236,0.1880170535500747,0.6617917138215328,1.9282992128423184,0.19583242089474817,0.6617917138215328,2.2031331912561893,0.7681830096785325,-0.10947010098660231,2.1868574377008945,0.760367642333859,-0.10947010098660231,1.9120234592870236,0.1880170535500747,-0.10947010098660231,1.9282992128423184,0.19583242089474817,-0.10947010098660231,2.2031331912561893 0.0025804646
7 -1.8752832760954037,0.3622522169499779,1.9343508660004736,-1.8421987186121638,0.3622522169499779,1.0922921918995048,-2.334855044827448,0.3622522169499779,1.0729356826140284,-2.367939602310688,0.3622522169499779,1.9149943567149972,-1.8752832760954037,-0.15686215104154588,1.9343508660004736,-1.8421987186121638,-0.15686215104154588,1.0922921918995048,-2.334855044827448,-0.15686215104154588,1.0729356826140284,-2.367939602310688,-0.15686215104154588,1.9149943567149972 0.002591573
7 1.1327712906247678,-0.24501382661348342,3.032575542306786,1.136321615378466,-0.24501382661348342,2.648324098490561,0.7401243077867923,-0.24501382661348342,2.644663398885841,0.7365739830330941,-0.24501382661348342,3.028914842702066,1.1327712906247678,-1.1338425939034844,3.032575542306786,1.136321615378466,-1.1338425939034844,2.648324098490561,0.7401243077867923,-1.1338425939034844,2.644663398885841,0.7365739830330941,-1.1338425939034844,3.028914842702066 0.0019559797
7 0.8893052433607213,-0.3145371853310442,2.950473705586392,0.8898522602773399,-0.3145371853310442,2.584652826556956,0.5541664267900356,-0.3145371853310442,2.5841508709822114,0.553619409873417,-0.3145371853310442,2.9499717500116476,0.8893052433607213,-1.1052014649909163,2.950473705586392,0.8898522602773399,-1.1052014649909163,2.584652826556956,0.5541664267900356,-1.1052014649909163,2.5841508709822114,0.553619409873417,-1.1052014649909163,2.9499717500116476 0.0021622896
7 0.8246112625909546,-0.474013972863636,2.933924081874009,0.8138553873576684,-0.474013972863636,2.258791672681104,0.4514344174551269,-0.474013972863636,2.2645655841110983,0.4621902926884131,-0.474013972863636,2.9396979933040033,0.8246112625909546,-1.0037295335679435,2.933924081874009,0.8138553873576684,-1.0037295335679435,2.258791672681104,0.4514344174551269,-1.0037295335679435,2.2645655841110983,0.4621902926884131,-1.0037295335679435,2.9396979933040033 0.0035802058
7 0.8175039198125499,0.15642854469532014,2.5376541586730696,0.8099906557584597,0.15642854469532014,2.3109616735454543,0.5289983842645986,0.15642854469532014,2.3202745942261003,0.5365116483186887,0.15642854469532014,2.5469670793537156,0.8175039198125499,-0.7120307375740433,2.5376541586730696,0.8099906557584597,-0.7120307375740433,2.3109616735454543,0.5289983842645986,-0.7120307375740433,2.3202745942261003,0.5365116483186887,-0.7120307375740433,2.5469670793537156 0.0013025807
7 -1.9186360507654783,0.21137277612082003,1.0520861853451577,-1.933339192179916,0.21137277612082003,0.2660507897978494,-2.4447806209874514,0.21137277612082003,0.27561752902556985,-2.430077479573014,0.21137277612082003,1.061652924572878,-1.9186360507654783,-0.21847463974348544,1.0520861853451577,-1.933339192179916,-0.21847463974348544,0.2660507897978494,-2.4447806209874514,-0.21847463974348544,0.27561752902556985,-2.430077479573014,-0.21847463974348544,1.061652924572878 0.0025722014
7 1.3599176478835648,0.10692719928106309,3.0087364457329473,1.3384738677371806,0.10692719928106309,2.5152414773488587,0.7427177357223922,0.10692719928106309,2.5411288000861445,0.7641615158687765,0.10692719928106309,3.034623768470233,1.3599176478835648,-0.2422883938916588,3.0087364457329473,1.3384738677371806,-0.2422883938916588,2.5152414773488587,0.7427177357223922,-0.2422883938916588,2.5411288000861445,0.7641615158687765,-0.2422883938916588,3.034623768470233 0.0017321446
8 0.8341487770169811,-0.06515781192489625,0.7702493260793555,0.8356475489050881,-0.06515781192489625,-0.1741237547736269,0.36410461615623674,-0.06515781192489625,-0.17487211927698731,0.36260584426812975,-0.06515781192489625,0.7695009615759951,0.8341487770169811,-0.5358679482489014,0.7702493260793555,0.8356475489050881,-0.5358679482489014,-0.1741237547736269,0.36410461615623674,-0.5358679482489014,-0.17487211927698731,0.36260584426812975,-0.5358679482489014,0.7695009615759951 0.004406256
8 0.36574127787718747,-0.10471176712223051,0.7492148820860325,0.3645171871946363,-0.10471176712223051,-0.1613629999433187,-0.12719961518416378,-0.10471176712223051,-0.1607019845945774,-0.12597552450161265,-0.10471176712223051,0.7498758974347738,0.36574127787718747,-0.6575427094250107,0.7492148820860325,0.3645171871946363,-0.6575427094250107,-0.1613629999433187,-0.12719961518416378,-0.6575427094250107,-0.1607019845945774,-0.12597552450161265,-0.6575427094250107,0.7498758974347738 0.0019054869
8 0.7681830096785325,0.6617917138215328,2.1868574377008945,0.760367642333859,0.6617917138215328,1.9120234592870236,0.1880170535500747,0.6617917138215328,1.9282992128423184,0.19583242089474817,0.6617917138215328,2.2031331912561893,0.7681830096785325,-0.10947010098660231,2.1868574377008945,0.760367642333859,-0.10947010098660231,1.9120234592870236,0.1880170535500747,-0.10947010098660231,1.9282992128423184,0.19583242089474817,-0.10947010098660231,2.2031331912561893 0.003379384
8 -1.8752832760954037,0.3622522169499779,1.9343508660004736,-1.8421987186121638,0.3622522169499779,1.0922921918995048,-2.334855044827448,0.3622522169499779,1.0729356826140284,-2.367939602310688,0.3622522169499779,1.9149943567149972,-1.8752832760954037,-0.15686215104154588,1.9343508660004736,-1.8421987186121638,-0.15686215104154588,1.0922921918995048,-2.334855044827448,-0.15686215104154588,1.0729356826140284,-2.367939602310688,-0.15686215104154588,1.9149943567149972 0.0035548003
8 1.1327712906247678,-0.24501382661348342,3.032575542306786,1.136321615378466,-0.24501382661348342,2.648324098490561,0.7401243077867923,-0.24501382661348342,2.644663398885841,0.7365739830330941,-0.24501382661348342,3.028914842702066,1.1327712906247678,-1.1338425939034844,3.032575542306786,1.136321615378466,-1.1338425939034844,2.648324098490561,0.7401243077867923,-1.1338425939034844,2.644663398885841,0.7365739830330941,-1.1338425939034844,3.028914842702066 0.0026555317
8 0.8893052433607213,-0.3145371853310442,2.950473705586392,0.8898522602773399,-0.3145371853310442,2.584652826556956,0.5541664267900356,-0.3145371853310442,2.5841508709822114,0.553619409873417,-0.3145371853310442,2.9499717500116476,0.8893052433607213,-1.1052014649909163,2.950473705586392,0.8898522602773399,-1.1052014649909163,2.584652826556956,0.5541664267900356,-1.1052014649909163,2.5841508709822114,0.553619409873417,-1.1052014649909163,2.9499717500116476 0.0022884628
8 0.8246112625909546,-0.474013972863636,2.933924081874009,0.8138553873576684,-0.474013972863636,2.258791672681104,0.4514344174551269,-0.474013972863636,2.2645655841110983,0.4621902926884131,-0.474013972863636,2.9396979933040033,0.8246112625909546,-1.0037295335679435,2.933924081874009,0.8138553873576684,-1.0037295335679435,2.258791672681104,0.4514344174551269,-1.0037295335679435,2.2645655841110983,0.4621902926884131,-1.0037295335679435,2.9396979933040033 0.003673815
8 0.8175039198125499,0.15642854469532014,2.5376541586730696,0.8099906557584597,0.15642854469532014,2.3109616735454543,0.5289983842645986,0.15642854469532014,2.3202745942261003,0.5365116483186887,0.15642854469532014,2.5469670793537156,0.8175039198125499,-0.7120307375740433,2.5376541586730696,0.8099906557584597,-0.7120307375740433,2.3109616735454543,0.5289983842645986,-0.7120307375740433,2.3202745942261003,0.5365116483186887,-0.7120307375740433,2.5469670793537156 0.0032590856
8 -1.9186360507654783,0.21137277612082003,1.0520861853451577,-1.933339192179916,0.21137277612082003,0.2660507897978494,-2.4447806209874514,0.21137277612082003,0.27561752902556985,-2.430077479573014,0.21137277612082003,1.061652924572878,-1.9186360507654783,-0.21847463974348544,1.0520861853451577,-1.933339192179916,-0.21847463974348544,0.2660507897978494,-2.4447806209874514,-0.21847463974348544,0.27561752902556985,-2.430077479573014,-0.21847463974348544,1.061652924572878 0.004515725
8 1.3599176478835648,0.10692719928106309,3.0087364457329473,1.3384738677371806,0.10692719928106309,2.5152414773488587,0.7427177357223922,0.10692719928106309,2.5411288000861445,0.7641615158687765,0.10692719928106309,3.034623768470233,1.3599176478835648,-0.2422883938916588,3.0087364457329473,1.3384738677371806,-0.2422883938916588,2.5152414773488587,0.7427177357223922,-0.2422883938916588,2.5411288000861445,0.7641615158687765,-0.2422883938916588,3.034623768470233 0.0035010385
9 0.8341487770169811,-0.06515781192489625,0.7702493260793555,0.8356475489050881,-0.06515781192489625,-0.1741237547736269,0.36410461615623674,-0.06515781192489625,-0.17487211927698731,0.36260584426812975,-0.06515781192489625,0.7695009615759951,0.8341487770169811,-0.5358679482489014,0.7702493260793555,0.8356475489050881,-0.5358679482489014,-0.1741237547736269,0.36410461615623674,-0.5358679482489014,-0.17487211927698731,0.36260584426812975,-0.5358679482489014,0.7695009615759951 0.016118556
9 0.36574127787718747,-0.10471176712223051,0.7492148820860325,0.3645171871946363,-0.10471176712223051,-0.1613629999433187,-0.12719961518416378,-0.10471176712223051,-0.1607019845945774,-0.12597552450161265,-0.10471176712223051,0.7498758974347738,0.36574127787718747,-0.6575427094250107,0.7492148820860325,0.3645171871946363,-0.6575427094250107,-0.1613629999433187,-0.12719961518416378,-0.6575427094250107,-0.1607019845945774,-0.12597552450161265,-0.6575427094250107,0.7498758974347738 0.012845302
9 0.7681830096785325,0.6617917138215328,2.1868574377008945,0.760367642333859,0.6617917138215328,1.9120234592870236,0.1880170535500747,0.6617917138215328,1.9282992128423184,0.19583242089474817,0.6617917138215328,2.2031331912561893,0.7681830096785325,-0.10947010098660231,2.1868574377008945,0.760367642333859,-0.10947010098660231,1.9120234592870236,0.1880170535500747,-0.10947010098660231,1.9282992128423184,0.19583242089474817,-0.10947010098660231,2.2031331912561893 0.012587413
9 -1.8752832760954037,0.3622522169499779,1.9343508660004736,-1.8421987186121638,0.3622522169499779,1.0922921918995048,-2.334855044827448,0.3622522169499779,1.0729356826140284,-2.367939602310688,0.3622522169499779,1.9149943567149972,-1.8752832760954037,-0.15686215104154588,1.9343508660004736,-1.8421987186121638,-0.15686215104154588,1.0922921918995048,-2.334855044827448,-0.15686215104154588,1.0729356826140284,-2.367939602310688,-0.15686215104154588,1.9149943567149972 0.0091742985
9 1.1327712906247678,-0.24501382661348342,3.032575542306786,1.136321615378466,-0.24501382661348342,2.648324098490561,0.7401243077867923,-0.24501382661348342,2.644663398885841,0.7365739830330941,-0.24501382661348342,3.028914842702066,1.1327712906247678,-1.1338425939034844,3.032575542306786,1.136321615378466,-1.1338425939034844,2.648324098490561,0.7401243077867923,-1.1338425939034844,2.644663398885841,0.7365739830330941,-1.1338425939034844,3.028914842702066 0.008784596
9 0.8893052433607213,-0.3145371853310442,2.950473705586392,0.8898522602773399,-0.3145371853310442,2.584652826556956,0.5541664267900356,-0.3145371853310442,2.5841508709822114,0.553619409873417,-0.3145371853310442,2.9499717500116476,0.8893052433607213,-1.1052014649909163,2.950473705586392,0.8898522602773399,-1.1052014649909163,2.584652826556956,0.5541664267900356,-1.1052014649909163,2.5841508709822114,0.553619409873417,-1.1052014649909163,2.9499717500116476 0.009488906
9 0.8246112625909546,-0.474013972863636,2.933924081874009,0.8138553873576684,-0.474013972863636,2.258791672681104,0.4514344174551269,-0.474013972863636,2.2645655841110983,0.4621902926884131,-0.474013972863636,2.9396979933040033,0.8246112625909546,-1.0037295335679435,2.933924081874009,0.8138553873576684,-1.0037295335679435,2.258791672681104,0.4514344174551269,-1.0037295335679435,2.2645655841110983,0.4621902926884131,-1.0037295335679435,2.9396979933040033 0.010033602
9 0.8175039198125499,0.15642854469532014,2.5376541586730696,0.8099906557584597,0.15642854469532014,2.3109616735454543,0.5289983842645986,0.15642854469532014,2.3202745942261003,0.5365116483186887,0.15642854469532014,2.5469670793537156,0.8175039198125499,-0.7120307375740433,2.5376541586730696,0.8099906557584597,-0.7120307375740433,2.3109616735454543,0.5289983842645986,-0.7120307375740433,2.3202745942261003,0.5365116483186887,-0.7120307375740433,2.5469670793537156 0.010494652
9 -1.9186360507654783,0.21137277612082003,1.0520861853451577,-1.933339192179916,0.21137277612082003,0.2660507897978494,-2.4447806209874514,0.21137277612082003,0.27561752902556985,-2.430077479573014,0.21137277612082003,1.061652924572878,-1.9186360507654783,-0.21847463974348544,1.0520861853451577,-1.933339192179916,-0.21847463974348544,0.2660507897978494,-2.4447806209874514,-0.21847463974348544,0.27561752902556985,-2.430077479573014,-0.21847463974348544,1.061652924572878 0.0100456085
9 1.3599176478835648,0.10692719928106309,3.0087364457329473,1.3384738677371806,0.10692719928106309,2.5152414773488587,0.7427177357223922,0.10692719928106309,2.5411288000861445,0.7641615158687765,0.10692719928106309,3.034623768470233,1.3599176478835648,-0.2422883938916588,3.0087364457329473,1.3384738677371806,-0.2422883938916588,2.5152414773488587,0.7427177357223922,-0.2422883938916588,2.5411288000861445,0.7641615158687765,-0.2422883938916588,3.034623768470233 0.0123830205
