3 -1.2673562443345703,0.18661509631800144,0.48208689085089923,-1.2673562443345703,0.18661509631800144,0.15636689075386762,-1.3148862445265137,0.18661509631800144,0.15636689075386762,-1.3148862445265137,0.18661509631800144,0.48208689085089923,-1.2673562443345703,-0.753844903694863,0.48208689085089923,-1.2673562443345703,-0.753844903694863,0.15636689075386762,-1.3148862445265137,-0.753844903694863,0.15636689075386762,-1.3148862445265137,-0.753844903694863,0.48208689085089923
6 -0.34670748156696557,0.12031662987824918,-0.8145097655589391,-0.34670748156696557,0.12031662987824918,-1.5417097645466518,-0.8877274807056785,0.12031662987824918,-1.5417097645466518,-0.8877274807056785,0.12031662987824918,-0.8145097655589391,-0.34670748156696557,-0.30204336868878845,-0.8145097655589391,-0.34670748156696557,-0.30204336868878845,-1.5417097645466518,-0.8877274807056785,-0.30204336868878845,-1.5417097645466518,-0.8877274807056785,-0.30204336868878845,-0.8145097655589391
9 1.187782857261057,-0.04122548161455156,-0.4801617900888634,1.187782857261057,-0.04122548161455156,-1.3273417909581946,0.7637628580709743,-0.04122548161455156,-1.3273417909581946,0.7637628580709743,-0.04122548161455156,-0.4801617900888634,1.187782857261057,-0.35658548416189195,-0.4801617900888634,1.187782857261057,-0.35658548416189195,-1.3273417909581946,0.7637628580709743,-0.35658548416189195,-1.3273417909581946,0.7637628580709743,-0.35658548416189195,-0.4801617900888634
5 0.07538003572471619,0.11296553062910081,1.5633658007932854,0.07538003572471619,0.11296553062910081,1.0686057968782234,-0.4605099643135834,0.11296553062910081,1.0686057968782234,-0.4605099643135834,0.11296553062910081,1.5633658007932854,0.07538003572471619,-0.5307444696378136,1.5633658007932854,0.07538003572471619,-0.5307444696378136,1.0686057968782234,-0.4605099643135834,-0.5307444696378136,1.0686057968782234,-0.4605099643135834,-0.5307444696378136,1.5633658007932854
0 2.272986205276995,0.006359475721437927,-2.0260723452389526,2.272986205276995,0.006359475721437927,-2.7761923451602173,1.6450462024836254,0.006359475721437927,-2.7761923451602173,1.6450462024836254,0.006359475721437927,-2.0260723452389526,2.272986205276995,-0.16234052466305016,-2.0260723452389526,2.272986205276995,-0.16234052466305016,-2.7761923451602173,1.6450462024836254,-0.16234052466305016,-2.7761923451602173,1.6450462024836254,-0.16234052466305016,-2.0260723452389526
6 -2.642840056356192,0.12667725200113297,1.5127509670918178,-2.642840056356192,0.12667725200113297,0.7887109679515172,-3.111810059610605,0.12667725200113297,0.7887109679515172,-3.111810059610605,0.12667725200113297,1.5127509670918178,-2.642840056356192,-0.3710527491038704,1.5127509670918178,-2.642840056356192,-0.3710527491038704,0.7887109679515172,-3.111810059610605,-0.3710527491038704,0.7887109679515172,-3.111810059610605,-0.3710527491038704,1.5127509670918178
1 0.3312093510925862,-0.003084033735785474,3.271520695522195,0.3312093510925862,-0.003084033735785474,2.921920695469016,-0.5636006489098164,-0.003084033735785474,2.921920695469016,-0.5636006489098164,-0.003084033735785474,3.271520695522195,0.3312093510925862,-0.26188403367182256,3.271520695522195,0.3312093510925862,-0.26188403367182256,2.921920695469016,-0.5636006489098164,-0.26188403367182256,2.921920695469016,-0.5636006489098164,-0.26188403367182256,3.271520695522195
5 3.2132277647519873,-0.08635451373940467,-4.253783927743321,3.2132277647519873,-0.08635451373940467,-4.72602392595541,2.970627768847866,-0.08635451373940467,-4.72602392595541,2.970627768847866,-0.08635451373940467,-4.253783927743321,3.2132277647519873,-0.9277645153057004,-4.253783927743321,3.2132277647519873,-0.9277645153057004,-4.72602392595541,2.970627768847866,-0.9277645153057004,-4.72602392595541,2.970627768847866,-0.9277645153057004,-4.253783927743321
9 1.6039004043409777,-0.24598935602613448,0.2496862296898651,1.6039004043409777,-0.24598935602613448,-0.30223377393081663,1.0555804058244276,-0.24598935602613448,-0.30223377393081663,1.0555804058244276,-0.24598935602613448,0.2496862296898651,1.6039004043409777,-0.866559352889576,0.2496862296898651,1.6039004043409777,-0.866559352889576,-0.30223377393081663,1.0555804058244276,-0.866559352889576,-0.30223377393081663,1.0555804058244276,-0.866559352889576,0.2496862296898651
1 -0.34067368796746256,0.02323682139744998,-2.805046859789872,-0.34067368796746256,0.02323682139744998,-3.1976968612184287,-1.2019836873682308,0.02323682139744998,-3.1976968612184287,-1.2019836873682308,0.02323682139744998,-2.805046859789872,-0.34067368796746256,-0.24056317935815097,-2.805046859789872,-0.34067368796746256,-0.24056317935815097,-3.1976968612184287,-1.2019836873682308,-0.24056317935815097,-3.1976968612184287,-1.2019836873682308,-0.24056317935815097,-2.805046859789872
2 1.3571703669349289,0.005011905048406151,0.92669381916224,1.3571703669349289,0.005011905048406151,0.5233738201886511,0.8728303673942948,0.005011905048406151,0.5233738201886511,0.8728303673942948,0.005011905048406151,0.92669381916224,1.3571703669349289,-0.7713380940895438,0.92669381916224,1.3571703669349289,-0.7713380940895438,0.5233738201886511,0.8728303673942948,-0.7713380940895438,0.5233738201886511,0.8728303673942948,-0.7713380940895438,0.92669381916224
5 0.9339754218722153,0.004891878838481911,-0.9043295546220589,0.9339754218722153,0.004891878838481911,-1.3269295529676628,0.5141554241513443,0.004891878838481911,-1.3269295529676628,0.5141554241513443,0.004891878838481911,-0.9043295546220589,0.9339754218722153,-0.779158121819439,-0.9043295546220589,0.9339754218722153,-0.779158121819439,-1.3269295529676628,0.5141554241513443,-0.779158121819439,-1.3269295529676628,0.5141554241513443,-0.779158121819439,-0.9043295546220589
2 4.313355627722535,-0.002488319698357555,-3.36754552770705,4.313355627722535,-0.002488319698357555,-3.790185528506329,3.911235627465453,-0.002488319698357555,-3.790185528506329,3.911235627465453,-0.002488319698357555,-3.36754552770705,4.313355627722535,-0.8144683195914983,-3.36754552770705,4.313355627722535,-0.8144683195914983,-3.790185528506329,3.911235627465453,-0.8144683195914983,-3.790185528506329,3.911235627465453,-0.8144683195914983,-3.36754552770705
4 -0.14611069219565392,0.03202241926175353,-1.2955407602151632,-0.14611069219565392,0.03202241926175353,-1.3261907594839335,-0.30347069246315955,0.03202241926175353,-1.3261907594839335,-0.30347069246315955,0.03202241926175353,-1.2955407602151632,-0.14611069219565392,-0.9456775811193585,-1.2955407602151632,-0.14611069219565392,-0.9456775811193585,-1.3261907594839335,-0.30347069246315955,-0.9456775811193585,-1.3261907594839335,-0.30347069246315955,-0.9456775811193585,-1.2955407602151632
2 2.8690945052275993,0.01600777922979596,1.8363275357305908,2.8690945052275993,0.01600777922979596,1.4397075346887207,2.3921145058502815,0.01600777922979596,1.4397075346887207,2.3921145058502815,0.01600777922979596,1.8363275357305908,2.8690945052275993,-0.7623922210823655,1.8363275357305908,2.8690945052275993,-0.7623922210823655,1.4397075346887207,2.3921145058502815,-0.7623922210823655,1.4397075346887207,2.3921145058502815,-0.7623922210823655,1.8363275357305908
0 2.3317295340643813,0.0511509972259593,2.7139065176874113,2.3317295340643813,0.0511509972259593,2.0650165169805574,1.6147395344628406,0.0511509972259593,2.0650165169805574,1.6147395344628406,0.0511509972259593,2.7139065176874113,2.3317295340643813,-0.17528900230379818,2.7139065176874113,2.3317295340643813,-0.17528900230379818,2.0650165169805574,1.6147395344628406,-0.17528900230379818,2.0650165169805574,1.6147395344628406,-0.17528900230379818,2.7139065176874113
