2 1.3093060415903663,-0.07769615103640554,-0.47951822385490894,1.3093060415903663,-0.07769615103640554,-0.8767982234030867,0.9789260464986229,-0.07769615103640554,-0.8767982234030867,0.9789260464986229,-0.07769615103640554,-0.47951822385490894,1.3093060415903663,-0.9329561526592731,-0.47951822385490894,1.3093060415903663,-0.9329561526592731,-0.8767982234030867,0.9789260464986229,-0.9329561526592731,-0.8767982234030867,0.9789260464986229,-0.9329561526592731,-0.47951822385490894
1 -0.37653526208083155,0.017190024248566638,1.248470038514352,-0.37653526208083155,0.017190024248566638,0.8697400387714147,-1.2324352607997227,0.017190024248566638,0.8697400387714147,-1.2324352607997227,0.017190024248566638,1.248470038514352,-0.37653526208083155,-0.27636997400900365,1.248470038514352,-0.37653526208083155,-0.27636997400900365,0.8697400387714147,-1.2324352607997227,-0.27636997400900365,0.8697400387714147,-1.2324352607997227,-0.27636997400900365,1.248470038514352
2 1.0419769187192058,0.01329417253694537,1.2196570873975658,1.0419769187192058,0.01329417253694537,0.8290670871019459,0.6545869211932087,0.01329417253694537,0.8290670871019459,0.6545869211932087,0.01329417253694537,1.2196570873975658,1.0419769187192058,-0.8209558251019478,1.2196570873975658,1.0419769187192058,-0.8209558251019478,0.8290670871019459,0.6545869211932087,-0.8209558251019478,0.8290670871019459,0.6545869211932087,-0.8209558251019478,1.2196570873975658
0 -1.6621029004631949,0.040578163867649134,2.6872335355423105,-1.6621029004631949,0.040578163867649134,2.0251435358383048,-2.3635929003180554,0.040578163867649134,2.0251435358383048,-2.3635929003180554,0.040578163867649134,2.6872335355423105,-1.6621029004631949,-0.15250183612650303,2.6872335355423105,-1.6621029004631949,-0.15250183612650303,2.0251435358383048,-2.3635929003180554,-0.15250183612650303,2.0251435358383048,-2.3635929003180554,-0.15250183612650303,2.6872335355423105
1 -0.23043365786503078,0.009742999441232691,-0.950334133241558,-0.23043365786503078,0.009742999441232691,-1.3566741332074166,-1.0936936586098838,0.009742999441232691,-1.3566741332074166,-1.0936936586098838,0.009742999441232691,-0.950334133241558,-0.23043365786503078,-0.2698470000096226,-0.950334133241558,-0.23043365786503078,-0.2698470000096226,-1.3566741332074166,-1.0936936586098838,-0.2698470000096226,-1.3566741332074166,-1.0936936586098838,-0.2698470000096226,-0.950334133241558
5 0.4037644202376175,-0.10884471339469909,-1.1746343089984703,0.4037644202376175,-0.10884471339469909,-1.4214343116832924,0.17591441324703216,-0.10884471339469909,-1.4214343116832924,0.17591441324703216,-0.10884471339469909,-1.1746343089984703,0.4037644202376175,-1.0498847206186677,-1.1746343089984703,0.4037644202376175,-1.0498847206186677,-1.4214343116832924,0.17591441324703216,-1.0498847206186677,-1.4214343116832924,0.17591441324703216,-1.0498847206186677,-1.1746343089984703
5 1.9799767518902587,-0.02636933428531646,2.5700088464869215,1.9799767518902587,-0.02636933428531646,2.362628845010881,1.7725967382525636,-0.02636933428531646,2.362628845010881,1.7725967382525636,-0.02636933428531646,2.5700088464869215,1.9799767518902587,-0.9823893298458481,2.5700088464869215,1.9799767518902587,-0.9823893298458481,2.362628845010881,1.7725967382525636,-0.9823893298458481,2.362628845010881,1.7725967382525636,-0.9823893298458481,2.5700088464869215
9 0.7933870737174702,-0.1727556174845314,-0.8069070183486876,0.7933870737174702,-0.1727556174845314,-1.5624670184402527,0.41560707644427297,-0.1727556174845314,-1.5624670184402527,0.41560707644427297,-0.1727556174845314,-0.8069070183486876,0.7933870737174702,-0.7079356128125572,-0.8069070183486876,0.7933870737174702,-0.7079356128125572,-1.5624670184402527,0.41560707644427297,-0.7079356128125572,-1.5624670184402527,0.41560707644427297,-0.7079356128125572,-0.8069070183486876
5 1.363928117837982,0.21953127431386948,0.362892268712635,1.363928117837982,0.21953127431386948,0.2284522666381645,1.2295081233119203,0.21953127431386948,0.2284522666381645,1.2295081233119203,0.21953127431386948,0.362892268712635,1.363928117837982,-0.7620687251042748,0.362892268712635,1.363928117837982,-0.7620687251042748,0.2284522666381645,1.2295081233119203,-0.7620687251042748,0.2284522666381645,1.2295081233119203,-0.7620687251042748,0.362892268712635
9 3.1905982658932164,-0.19375929965086938,1.3614374619860934,3.1905982658932164,-0.19375929965086938,0.6634374636273098,2.6670982673099086,-0.19375929965086938,0.6634374636273098,2.6670982673099086,-0.19375929965086938,1.3614374619860934,3.1905982658932164,-0.6823593007176304,1.3614374619860934,3.1905982658932164,-0.6823593007176304,0.6634374636273098,2.6670982673099086,-0.6823593007176304,0.6634374636273098,2.6670982673099086,-0.6823593007176304,1.3614374619860934
0 3.166192649845927,0.04021512722672939,1.6430293977886152,3.166192649845927,0.04021512722672939,0.9863493978351641,2.446212650294454,0.04021512722672939,0.9863493978351641,2.446212650294454,0.04021512722672939,1.6430293977886152,3.166192649845927,-0.15044487273396967,1.6430293977886152,3.166192649845927,-0.15044487273396967,0.9863493978351641,2.446212650294454,-0.15044487273396967,0.9863493978351641,2.446212650294454,-0.15044487273396967,1.6430293977886152
3 -1.090463075739882,0.11041648013650118,-0.5646222669084244,-1.090463075739882,0.11041648013650118,-0.8860522669355697,-1.1391430758409284,0.11041648013650118,-0.8860522669355697,-1.1391430758409284,0.11041648013650118,-0.5646222669084244,-1.090463075739882,-0.8351035199886435,-0.5646222669084244,-1.090463075739882,-0.8351035199886435,-0.8860522669355697,-1.1391430758409284,-0.8351035199886435,-0.8860522669355697,-1.1391430758409284,-0.8351035199886435,-0.5646222669084244
7 3.5033779791578907,0.0314691811737752,0.5307565306531715,3.5033779791578907,0.0314691811737752,0.3167865301264,2.6361979790940624,0.0314691811737752,0.3167865301264,2.6361979790940624,0.0314691811737752,0.5307565306531715,3.5033779791578907,-0.4069308191475606,0.5307565306531715,3.5033779791578907,-0.4069308191475606,0.3167865301264,2.6361979790940624,-0.4069308191475606,0.3167865301264,2.6361979790940624,-0.4069308191475606,0.5307565306531715
8 -0.8563814177894974,-0.05938781442264557,0.029215594761214256,-0.8563814177894974,-0.05938781442264557,-0.049484403811535835,-1.803541420421562,-0.05938781442264557,-0.049484403811535835,-1.803541420421562,-0.05938781442264557,0.029215594761214256,-0.8563814177894974,-0.36766781268497467,0.029215594761214256,-0.8563814177894974,-0.36766781268497467,-0.049484403811535835,-1.803541420421562,-0.36766781268497467,-0.049484403811535835,-1.803541420421562,-0.36766781268497467,0.029215594761214256
2 1.5421884109000301,-0.028062556806588146,-2.5445038213610744,1.5421884109000301,-0.028062556806588146,-3.014853821766367,1.1975684116860295,-0.028062556806588146,-3.014853821766367,1.1975684116860295,-0.028062556806588146,-2.5445038213610744,1.5421884109000301,-0.839602555211997,-2.5445038213610744,1.5421884109000301,-0.839602555211997,-3.014853821766367,1.1975684116860295,-0.839602555211997,-3.014853821766367,1.1975684116860295,-0.839602555211997,-2.5445038213610744
9 2.8059692379752352,-0.15311438201375963,-1.5273204485933496,2.8059692379752352,-0.15311438201375963,-2.1513604481656836,2.182019234009628,-0.15311438201375963,-2.1513604481656836,2.182019234009628,-0.15311438201375963,-1.5273204485933496,2.8059692379752352,-0.6191943848281288,-1.5273204485933496,2.8059692379752352,-0.6191943848281288,-2.1513604481656836,2.182019234009628,-0.6191943848281288,-2.1513604481656836,2.182019234009628,-0.6191943848281288,-1.5273204485933496
