2 -0.26340417259236815,0.03937261092326644,1.453507709947219,-0.26340417259236815,0.03937261092326644,1.0315277095168924,-0.6853841722677088,0.03937261092326644,1.0315277095168924,-0.6853841722677088,0.03937261092326644,1.453507709947219,-0.26340417259236815,-0.763007390376544,1.453507709947219,-0.26340417259236815,-0.763007390376544,1.0315277095168924,-0.6853841722677088,-0.763007390376544,1.0315277095168924,-0.6853841722677088,-0.763007390376544,1.453507709947219
1 0.8933801156403589,0.02343139051577091,1.4302293185505555,0.8933801156403589,0.02343139051577091,1.0777193184581115,-0.006929884565072042,0.02343139051577091,1.0777193184581115,-0.006929884565072042,0.02343139051577091,1.4302293185505555,0.8933801156403589,-0.2237486094154978,1.4302293185505555,0.8933801156403589,-0.2237486094154978,1.0777193184581115,-0.006929884565072042,-0.2237486094154978,1.0777193184581115,-0.006929884565072042,-0.2237486094154978,1.4302293185505555
4 1.0011716753765345,0.03419224067312476,-0.914769054683648,1.0011716753765345,0.03419224067312476,-0.9892090546760932,0.8563716738895177,0.03419224067312476,-0.9892090546760932,0.8563716738895177,0.03419224067312476,-0.914769054683648,1.0011716753765345,-0.9371377591667771,-0.914769054683648,1.0011716753765345,-0.9371377591667771,-0.9892090546760932,0.8563716738895177,-0.9371377591667771,-0.9892090546760932,0.8563716738895177,-0.9371377591667771,-0.914769054683648
1 -1.7873431606399734,0.013015920288171778,2.3168985474517108,-1.7873431606399734,0.013015920288171778,1.980818546969676,-2.6783431606185717,0.013015920288171778,1.980818546969676,-2.6783431606185717,0.013015920288171778,2.3168985474517108,-1.7873431606399734,-0.24807407892426492,2.3168985474517108,-1.7873431606399734,-0.24807407892426492,1.980818546969676,-2.6783431606185717,-0.24807407892426492,1.980818546969676,-2.6783431606185717,-0.24807407892426492,2.3168985474517108
0 -0.8096873443751049,0.006359475721437927,1.086603440779419,-0.8096873443751049,0.006359475721437927,0.3364834408581543,-1.4376273471684742,0.006359475721437927,0.3364834408581543,-1.4376273471684742,0.006359475721437927,1.086603440779419,-0.8096873443751049,-0.16234052466305016,1.086603440779419,-0.8096873443751049,-0.16234052466305016,0.3364834408581543,-1.4376273471684742,-0.16234052466305016,0.3364834408581543,-1.4376273471684742,-0.16234052466305016,1.086603440779419
3 1.1881081187635743,0.18661509631800144,-0.47995028504288434,1.1881081187635743,0.18661509631800144,-0.805670285139916,1.1405781185716308,0.18661509631800144,-0.805670285139916,1.1405781185716308,0.18661509631800144,-0.47995028504288434,1.1881081187635743,-0.753844903694863,-0.47995028504288434,1.1881081187635743,-0.753844903694863,-0.805670285139916,1.1405781185716308,-0.753844903694863,-0.805670285139916,1.1405781185716308,-0.753844903694863,-0.47995028504288434
4 0.9070664000287056,0.0893849510974325,-1.055286212768197,0.9070664000287056,0.0893849510974325,-1.1022262136081458,0.6488063979372978,0.0893849510974325,-1.1022262136081458,0.6488063979372978,0.0893849510974325,-1.055286212768197,0.9070664000287056,-0.8755350489444174,-1.055286212768197,0.9070664000287056,-0.8755350489444174,-1.1022262136081458,0.6488063979372978,-0.8755350489444174,-1.1022262136081458,0.6488063979372978,-0.8755350489444174,-1.055286212768197
5 -0.8041330708169919,0.2391015569742942,-0.5827346830414581,-0.8041330708169919,0.2391015569742942,-1.063124677653427,-1.2855430709218996,0.2391015569742942,-1.063124677653427,-1.2855430709218996,0.2391015569742942,-0.5827346830414581,-0.8041330708169919,-0.4928184430178428,-0.5827346830414581,-0.8041330708169919,-0.4928184430178428,-1.063124677653427,-1.2855430709218996,-0.4928184430178428,-1.063124677653427,-1.2855430709218996,-0.4928184430178428,-0.5827346830414581
0 1.6908661331804085,0.05035363888444423,0.5281562772273731,1.6908661331804085,0.05035363888444423,-0.07060372500416756,0.9294861350385857,0.05035363888444423,-0.07060372500416756,0.9294861350385857,0.05035363888444423,0.5281562772273731,1.6908661331804085,-0.17741636192502497,0.5281562772273731,1.6908661331804085,-0.17741636192502497,-0.07060372500416756,0.9294861350385857,-0.17741636192502497,-0.07060372500416756,0.9294861350385857,-0.17741636192502497,0.5281562772273731
1 -3.5272679376481006,0.0059763723902964555,3.8728652134200097,-3.5272679376481006,0.0059763723902964555,3.5730252132157325,-4.437387938511567,0.0059763723902964555,3.5730252132157325,-4.437387938511567,0.0059763723902964555,3.8728652134200097,-3.5272679376481006,-0.22474362793495894,3.8728652134200097,-3.5272679376481006,-0.22474362793495894,3.5730252132157325,-4.437387938511567,-0.22474362793495894,3.5730252132157325,-4.437387938511567,-0.22474362793495894,3.8728652134200097
3 -2.7430182257197715,0.14164944438396632,1.4939787448465205,-2.7430182257197715,0.14164944438396632,1.1913187443197393,-2.8428482255436562,0.14164944438396632,1.1913187443197393,-2.8428482255436562,0.14164944438396632,1.4939787448465205,-2.7430182257197715,-0.8012205555862063,1.4939787448465205,-2.7430182257197715,-0.8012205555862063,1.1913187443197393,-2.8428482255436562,-0.8012205555862063,1.1913187443197393,-2.8428482255436562,-0.8012205555862063,1.4939787448465205
8 -0.8891844792077327,-0.10130861604730129,-0.0884036216808939,-0.8891844792077327,-0.10130861604730129,-0.17547362112267972,-1.7576944785406803,-0.10130861604730129,-0.17547362112267972,-1.7576944785406803,-0.10130861604730129,-0.0884036216808939,-0.8891844792077327,-0.5794986168094491,-0.0884036216808939,-0.8891844792077327,-0.5794986168094491,-0.17547362112267972,-1.7576944785406803,-0.5794986168094491,-0.17547362112267972,-1.7576944785406803,-0.5794986168094491,-0.0884036216808939
1 -2.8321705843387077,0.014648662871923457,4.540020917357179,-2.8321705843387077,0.014648662871923457,4.182890917359618,-3.7090705846371224,0.014648662871923457,4.182890917359618,-3.7090705846371224,0.014648662871923457,4.540020917357179,-2.8321705843387077,-0.26402133888682366,4.540020917357179,-2.8321705843387077,-0.26402133888682366,4.182890917359618,-3.7090705846371224,-0.26402133888682366,4.182890917359618,-3.7090705846371224,-0.26402133888682366,4.540020917357179
5 1.4854042726124095,0.2889368710171604,-0.10227571937907218,1.4854042726124095,0.2889368710171604,-0.47686571862828253,1.1107842726146413,0.2889368710171604,-0.47686571862828253,1.1107842726146413,0.2889368710171604,-0.10227571937907218,1.4854042726124095,-0.5523531314980412,-0.10227571937907218,1.4854042726124095,-0.5523531314980412,-0.47686571862828253,1.1107842726146413,-0.5523531314980412,-0.47686571862828253,1.1107842726146413,-0.5523531314980412,-0.10227571937907218
7 3.408830380767982,0.022936613292727476,1.0240834963726329,3.408830380767982,0.022936613292727476,0.7618834960056019,2.5260703798826527,0.022936613292727476,0.7618834960056019,2.5260703798826527,0.022936613292727476,1.0240834963726329,3.408830380767982,-0.34486338588717935,1.0240834963726329,3.408830380767982,-0.34486338588717935,0.7618834960056019,2.5260703798826527,-0.34486338588717935,0.7618834960056019,2.5260703798826527,-0.34486338588717935,1.0240834963726329
3 0.1642439505554819,0.0766728818709278,3.236008251559672,0.1642439505554819,0.0766728818709278,2.956638251888814,0.08844395070298672,0.0766728818709278,2.956638251888814,0.08844395070298672,0.0766728818709278,3.236008251559672,0.1642439505554819,-0.869737118511858,3.236008251559672,0.1642439505554819,-0.869737118511858,2.956638251888814,0.08844395070298672,-0.869737118511858,2.956638251888814,0.08844395070298672,-0.869737118511858,3.236008251559672
