1 -0.7197708674771619,0.019907773464229117,0.8466328497638465,-0.7197708674771619,0.019907773464229117,0.4671728495846033,-1.5931308678286242,0.019907773464229117,0.4671728495846033,-1.5931308678286242,0.019907773464229117,0.8466328497638465,-0.7197708674771619,-0.2501922259025836,0.8466328497638465,-0.7197708674771619,-0.2501922259025836,0.4671728495846033,-1.5931308678286242,-0.2501922259025836,0.4671728495846033,-1.5931308678286242,-0.2501922259025836,0.8466328497638465
3 0.20578279630319118,0.1584332012864077,1.4576629498123503,0.20578279630319118,0.1584332012864077,1.183272948014798,0.1121127949558115,0.1584332012864077,1.183272948014798,0.1121127949558115,0.1584332012864077,1.4576629498123503,0.20578279630319118,-0.7921867990227663,1.4576629498123503,0.20578279630319118,-0.7921867990227663,1.183272948014798,0.1121127949558115,-0.7921867990227663,1.183272948014798,0.1121127949558115,-0.7921867990227663,1.4576629498123503
1 0.7811843984695244,0.004905013359394084,-1.092762902040267,0.7811843984695244,0.004905013359394084,-1.47103290293715,-0.07227560215909956,0.004905013359394084,-1.47103290293715,-0.07227560215909956,0.004905013359394084,-1.092762902040267,0.7811843984695244,-0.31442498973688127,-1.092762902040267,0.7811843984695244,-0.31442498973688127,-1.47103290293715,-0.07227560215909956,-0.31442498973688127,-1.47103290293715,-0.07227560215909956,-0.31442498973688127,-1.092762902040267
6 0.10862107234805823,0.12235507892724515,3.454329254723091,0.10862107234805823,0.12235507892724515,2.7345292543406297,-0.4414189274868369,0.12235507892724515,2.7345292543406297,-0.4414189274868369,0.12235507892724515,3.454329254723091,0.10862107234805823,-0.3009049199735785,3.454329254723091,0.10862107234805823,-0.3009049199735785,2.7345292543406297,-0.4414189274868369,-0.3009049199735785,2.7345292543406297,-0.4414189274868369,-0.3009049199735785,3.454329254723091
9 -2.830248922415619,-0.17318107543893813,1.2535120692987727,-2.830248922415619,-0.17318107543893813,0.48163206903740885,-3.1197089251795957,-0.17318107543893813,0.48163206903740885,-3.1197089251795957,-0.17318107543893813,1.2535120692987727,-2.830248922415619,-0.7392210775761986,1.2535120692987727,-2.830248922415619,-0.7392210775761986,0.48163206903740885,-3.1197089251795957,-0.7392210775761986,0.48163206903740885,-3.1197089251795957,-0.7392210775761986,1.2535120692987727
4 0.4878223602249622,0.11281695949566362,1.3073619577896074,0.4878223602249622,0.11281695949566362,1.2273019578445479,0.31907235937571526,0.11281695949566362,1.2273019578445479,0.31907235937571526,0.11281695949566362,1.3073619577896074,0.4878223602249622,-0.8664230405045747,1.3073619577896074,0.4878223602249622,-0.8664230405045747,1.2273019578445479,0.31907235937571526,-0.8664230405045747,1.2273019578445479,0.31907235937571526,-0.8664230405045747,1.3073619577896074
0 -0.5419878605930519,0.04082454746665477,-0.6630152310550499,-0.5419878605930519,0.04082454746665477,-1.2709652338802528,-1.284297859278469,0.04082454746665477,-1.2709652338802528,-1.284297859278469,0.04082454746665477,-0.6630152310550499,-0.5419878605930519,-0.171275451836009,-0.6630152310550499,-0.5419878605930519,-0.171275451836009,-1.2709652338802528,-1.284297859278469,-0.171275451836009,-1.2709652338802528,-1.284297859278469,-0.171275451836009,-0.6630152310550499
8 -0.9249907187903309,-0.05910192074398041,5.355096586056194,-0.9249907187903309,-0.05910192074398041,5.192536585025349,-1.8362507172143077,-0.05910192074398041,5.192536585025349,-1.8362507172143077,-0.05910192074398041,5.355096586056194,-0.9249907187903309,-0.4299919193782425,5.355096586056194,-0.9249907187903309,-0.4299919193782425,5.192536585025349,-1.8362507172143077,-0.4299919193782425,5.192536585025349,-1.8362507172143077,-0.4299919193782425,5.355096586056194
1 -1.0743130846945477,0.015484185881223689,-2.522746235724771,-1.0743130846945477,0.015484185881223689,-2.8916462355887056,-1.941823084739046,0.015484185881223689,-2.8916462355887056,-1.941823084739046,0.015484185881223689,-2.522746235724771,-1.0743130846945477,-0.29839581436594964,-2.522746235724771,-1.0743130846945477,-0.29839581436594964,-2.8916462355887056,-1.941823084739046,-0.29839581436594964,-2.8916462355887056,-1.941823084739046,-0.29839581436594964,-2.522746235724771
9 -1.5976485017021942,-0.12250250934072493,2.893249269290714,-1.5976485017021942,-0.12250250934072493,2.1888892690698816,-1.9498285052100373,-0.12250250934072493,2.1888892690698816,-1.9498285052100373,-0.12250250934072493,2.893249269290714,-1.5976485017021942,-0.7388225162177467,2.893249269290714,-1.5976485017021942,-0.7388225162177467,2.1888892690698816,-1.9498285052100373,-0.7388225162177467,2.1888892690698816,-1.9498285052100373,-0.7388225162177467,2.893249269290714
9 0.7047882300535393,-0.15783396719404222,-0.8045435513417435,0.7047882300535393,-0.15783396719404222,-1.6529435549814986,0.3132282275041389,-0.15783396719404222,-1.6529435549814986,0.3132282275041389,-0.15783396719404222,-0.8045435513417435,0.7047882300535393,-0.5140539670138741,-0.8045435513417435,0.7047882300535393,-0.5140539670138741,-1.6529435549814986,0.3132282275041389,-0.5140539670138741,-1.6529435549814986,0.3132282275041389,-0.5140539670138741,-0.8045435513417435
3 -0.6349391964726067,0.1665133149655783,1.325215012541724,-0.6349391964726067,0.1665133149655783,0.9987150125589841,-0.6592591973491096,0.1665133149655783,0.9987150125589841,-0.6592591973491096,0.1665133149655783,1.325215012541724,-0.6349391964726067,-0.7762666852506125,1.325215012541724,-0.6349391964726067,-0.7762666852506125,0.9987150125589841,-0.6592591973491096,-0.7762666852506125,0.9987150125589841,-0.6592591973491096,-0.7762666852506125,1.325215012541724
3 0.7861859826840544,0.1442926223682487,1.289901984398005,0.7861859826840544,0.1442926223682487,0.9373919838026785,0.6680359811983919,0.1442926223682487,0.9373919838026785,0.6680359811983919,0.1442926223682487,1.289901984398005,0.7861859826840544,-0.7821473772930229,1.289901984398005,0.7861859826840544,-0.7821473772930229,0.9373919838026785,0.6680359811983919,-0.7821473772930229,0.9373919838026785,0.6680359811983919,-0.7821473772930229,1.289901984398005
0 -1.6760818232028198,0.060784418192524906,-2.0124547402680206,-1.6760818232028198,0.060784418192524906,-2.7129347403227997,-2.3343318234951784,0.060784418192524906,-2.7129347403227997,-2.3343318234951784,0.060784418192524906,-2.0124547402680206,-1.6760818232028198,-0.18504558136763094,-2.0124547402680206,-1.6760818232028198,-0.18504558136763094,-2.7129347403227997,-2.3343318234951784,-0.18504558136763094,-2.7129347403227997,-2.3343318234951784,-0.18504558136763094,-2.0124547402680206
2 1.4752913632164335,-0.06691223562844989,0.7570658858649337,1.4752913632164335,-0.06691223562844989,0.30612588564232945,0.9629913649787569,-0.06691223562844989,0.30612588564232945,0.9629913649787569,-0.06691223562844989,0.7570658858649337,1.4752913632164335,-0.7946622353684067,0.7570658858649337,1.4752913632164335,-0.7946622353684067,0.30612588564232945,0.9629913649787569,-0.7946622353684067,0.30612588564232945,0.9629913649787569,-0.7946622353684067,0.7570658858649337
6 -2.046197920713723,0.09666163811739922,2.3630136623167735,-2.046197920713723,0.09666163811739922,1.694353662512328,-2.638937920655906,0.09666163811739922,1.694353662512328,-2.638937920655906,0.09666163811739922,2.3630136623167735,-2.046197920713723,-0.35227836260851864,2.3630136623167735,-2.046197920713723,-0.35227836260851864,1.694353662512328,-2.638937920655906,-0.35227836260851864,1.694353662512328,-2.638937920655906,-0.35227836260851864,2.3630136623167735
