2 0.631642570040617,0.07414529944620135,-0.7191386318981743,0.631642570040617,0.07414529944620135,-1.0504386328875923,0.3003425698061848,0.07414529944620135,-1.0504386328875923,0.3003425698061848,0.07414529944620135,-0.7191386318981743,0.631642570040617,-0.8092247071381569,-0.7191386318981743,0.631642570040617,-0.8092247071381569,-1.0504386328875923,0.3003425698061848,-0.8092247071381569,-1.0504386328875923,0.3003425698061848,-0.8092247071381569,-0.7191386318981743
9 -0.11350087107027051,-0.10007376579948427,1.2148238007862853,-0.11350087107027051,-0.10007376579948427,0.5993338043849182,-0.7284208756605339,-0.10007376579948427,0.5993338043849182,-0.7284208756605339,-0.10007376579948427,1.2148238007862853,-0.11350087107027051,-0.5820937642603302,1.2148238007862853,-0.11350087107027051,-0.5820937642603302,0.5993338043849182,-0.7284208756605339,-0.5820937642603302,0.5993338043849182,-0.7284208756605339,-0.5820937642603302,1.2148238007862853
0 -0.17237041333601,0.03569836501108527,1.1682063326865149,-0.17237041333601,0.03569836501108527,0.5221363320321131,-0.8966204132707405,0.03569836501108527,0.5221363320321131,-0.8966204132707405,0.03569836501108527,1.1682063326865149,-0.17237041333601,-0.14762163493858693,1.1682063326865149,-0.17237041333601,-0.14762163493858693,0.5221363320321131,-0.8966204132707405,-0.14762163493858693,0.5221363320321131,-0.8966204132707405,-0.14762163493858693,1.1682063326865149
9 1.2127382081667137,-0.18216874061532973,0.6553643678267288,1.2127382081667137,-0.18216874061532973,0.014044370786399862,0.6719082075437355,-0.18216874061532973,0.014044370786399862,0.6719082075437355,-0.18216874061532973,0.6553643678267288,1.2127382081667137,-0.7263087445645714,0.6553643678267288,1.2127382081667137,-0.7263087445645714,0.014044370786399862,0.6719082075437355,-0.7263087445645714,0.014044370786399862,0.6719082075437355,-0.7263087445645714,0.6553643678267288
9 -0.10880689353549955,-0.1610155513734436,-0.6403662453453255,-0.10880689353549955,-0.1610155513734436,-1.2017062415321158,-0.6701468971291733,-0.1610155513734436,-1.2017062415321158,-0.6701468971291733,-0.1610155513734436,-0.6403662453453255,-0.10880689353549955,-0.7691355535536194,-0.6403662453453255,-0.10880689353549955,-0.7691355535536194,-1.2017062415321158,-0.6701468971291733,-0.7691355535536194,-1.2017062415321158,-0.6701468971291733,-0.7691355535536194,-0.6403662453453255
3 1.6586173610299908,0.06643101762181758,1.2647839156060792,1.6586173610299908,0.06643101762181758,1.0717439087957763,1.5880173607259906,0.06643101762181758,1.0717439087957763,1.5880173607259906,0.06643101762181758,1.2647839156060792,1.6586173610299908,-0.9119289834345007,1.2647839156060792,1.6586173610299908,-0.9119289834345007,1.0717439087957763,1.5880173607259906,-0.9119289834345007,1.0717439087957763,1.5880173607259906,-0.9119289834345007,1.2647839156060792
2 2.3015741568724253,0.026962094072616127,2.4136461901262307,2.3015741568724253,0.026962094072616127,1.9529261899396873,1.8134041565736199,0.026962094072616127,1.9529261899396873,1.8134041565736199,0.026962094072616127,2.4136461901262307,2.3015741568724253,-0.7111979053061366,2.4136461901262307,2.3015741568724253,-0.7111979053061366,1.9529261899396873,1.8134041565736199,-0.7111979053061366,1.9529261899396873,1.8134041565736199,-0.7111979053061366,2.4136461901262307
9 1.4326363556752157,-0.09308773635335924,2.0114881654222296,1.4326363556752157,-0.09308773635335924,1.1589081625501825,1.0063363558878946,-0.09308773635335924,1.1589081625501825,1.0063363558878946,-0.09308773635335924,2.0114881654222296,1.4326363556752157,-0.39084773899606706,2.0114881654222296,1.4326363556752157,-0.39084773899606706,1.1589081625501825,1.0063363558878946,-0.39084773899606706,1.1589081625501825,1.0063363558878946,-0.39084773899606706,2.0114881654222296
2 -0.7095180775304699,-0.0022966628257274357,0.22711986086963654,-0.7095180775304699,-0.0022966628257274357,-0.28724013797639847,-1.289578077636156,-0.0022966628257274357,-0.28724013797639847,-1.289578077636156,-0.0022966628257274357,0.22711986086963654,-0.7095180775304699,-0.6329266662415027,0.22711986086963654,-0.7095180775304699,-0.6329266662415027,-0.28724013797639847,-1.289578077636156,-0.6329266662415027,-0.28724013797639847,-1.289578077636156,-0.6329266662415027,0.22711986086963654
0 -0.35825944833368184,0.06176063982846258,-0.37859021549376726,-0.35825944833368184,0.06176063982846258,-1.0389502155288768,-1.052619448379575,0.06176063982846258,-1.0389502155288768,-1.052619448379575,0.06176063982846258,-0.37859021549376726,-0.35825944833368184,-0.19316936103703497,-0.37859021549376726,-0.35825944833368184,-0.19316936103703497,-1.0389502155288768,-1.052619448379575,-0.19316936103703497,-1.0389502155288768,-1.052619448379575,-0.19316936103703497,-0.37859021549376726
