9 1.0541753616849137,-0.12002468465276717,-0.3567702884833527,1.0541753616849137,-0.12002468465276717,-0.9580902938683319,0.4528553637942123,-0.12002468465276717,-0.9580902938683319,0.4528553637942123,-0.12002468465276717,-0.3567702884833527,1.0541753616849137,-0.6461846792846108,-0.3567702884833527,1.0541753616849137,-0.6461846792846108,-0.9580902938683319,0.4528553637942123,-0.6461846792846108,-0.9580902938683319,0.4528553637942123,-0.6461846792846108,-0.3567702884833527
8 0.787882956837303,-0.1073721555821085,0.989224893281377,0.787882956837303,-0.1073721555821085,0.869114893248164,-0.04857704338896929,-0.1073721555821085,0.869114893248164,-0.04857704338896929,-0.1073721555821085,0.989224893281377,0.787882956837303,-0.6420321555980062,0.989224893281377,0.787882956837303,-0.6420321555980062,0.869114893248164,-0.04857704338896929,-0.6420321555980062,0.869114893248164,-0.04857704338896929,-0.6420321555980062,0.989224893281377
2 -0.5538101892252827,-0.07696001504697797,0.8596159607887173,-0.5538101892252827,-0.07696001504697797,0.4976659625053501,-0.9151301880101299,-0.07696001504697797,0.4976659625053501,-0.9151301880101299,-0.07696001504697797,0.8596159607887173,-0.5538101892252827,-0.9317500116940498,0.8596159607887173,-0.5538101892252827,-0.9317500116940498,0.4976659625053501,-0.9151301880101299,-0.9317500116940498,0.4976659625053501,-0.9151301880101299,-0.9317500116940498,0.8596159607887173
2 -1.1140611457904244,-0.05615476978161332,1.6681230340518893,-1.1140611457904244,-0.05615476978161332,1.227503034063345,-1.6455311489025688,-0.05615476978161332,1.227503034063345,-1.6455311489025688,-0.05615476978161332,1.6681230340518893,-1.1140611457904244,-0.7764147697653532,1.6681230340518893,-1.1140611457904244,-0.7764147697653532,1.227503034063345,-1.6455311489025688,-0.7764147697653532,1.227503034063345,-1.6455311489025688,-0.7764147697653532,1.6681230340518893
9 1.7820851967403841,-0.19375929965086938,1.6484540921588229,1.7820851967403841,-0.19375929965086938,0.9504540938000393,1.2585851981570768,-0.19375929965086938,0.9504540938000393,1.2585851981570768,-0.19375929965086938,1.6484540921588229,1.7820851967403841,-0.6823593007176304,1.6484540921588229,1.7820851967403841,-0.6823593007176304,0.9504540938000393,1.2585851981570768,-0.6823593007176304,0.9504540938000393,1.2585851981570768,-0.6823593007176304,1.6484540921588229
9 0.5799586322823715,-0.09556669352956773,-1.639067523465605,0.5799586322823715,-0.09556669352956773,-2.330947525515108,-0.09110136299526217,-0.09556669352956773,-2.330947525515108,-0.09110136299526217,-0.09556669352956773,-1.639067523465605,0.5799586322823715,-0.3619866931586647,-1.639067523465605,0.5799586322823715,-0.3619866931586647,-2.330947525515108,-0.09110136299526217,-0.3619866931586647,-2.330947525515108,-0.09110136299526217,-0.3619866931586647,-1.639067523465605
9 -0.3454490381559181,-0.11180084927388192,-0.4175118471543503,-0.3454490381559181,-0.11180084927388192,-1.3496918414671706,-0.5910290402094078,-0.11180084927388192,-1.3496918414671706,-0.5910290402094078,-0.11180084927388192,-0.4175118471543503,-0.3454490381559181,-0.37738084809473993,-0.4175118471543503,-0.3454490381559181,-0.37738084809473993,-1.3496918414671706,-0.5910290402094078,-0.37738084809473993,-1.3496918414671706,-0.5910290402094078,-0.37738084809473993,-0.4175118471543503
9 0.2943662765169692,-0.18064006029077528,-0.6956215391914559,0.2943662765169692,-0.18064006029077528,-1.3042815436561392,-0.3140537223512483,-0.18064006029077528,-1.3042815436561392,-0.3140537223512483,-0.18064006029077528,-0.6956215391914559,0.2943662765169692,-0.6896200591473961,-0.6956215391914559,0.2943662765169692,-0.6896200591473961,-1.3042815436561392,-0.3140537223512483,-0.6896200591473961,-1.3042815436561392,-0.3140537223512483,-0.6896200591473961,-0.6956215391914559
0 1.5456413794131565,0.04242831747822508,-2.421936387226759,1.5456413794131565,0.04242831747822508,-3.085376387431444,0.8354313802151394,0.04242831747822508,-3.085376387431444,0.8354313802151394,0.04242831747822508,-2.421936387226759,1.5456413794131565,-0.1542516825705026,-2.421936387226759,1.5456413794131565,-0.1542516825705026,-3.085376387431444,0.8354313802151394,-0.1542516825705026,-3.085376387431444,0.8354313802151394,-0.1542516825705026,-2.421936387226759
2 -0.23695729927023887,0.03283798980376723,-1.708407225388298,-0.23695729927023887,0.03283798980376723,-2.1721572258293533,-0.7332072977642154,0.03283798980376723,-2.1721572258293533,-0.7332072977642154,0.03283798980376723,-1.708407225388298,-0.23695729927023887,-0.6946420102085828,-1.708407225388298,-0.23695729927023887,-0.6946420102085828,-2.1721572258293533,-0.7332072977642154,-0.6946420102085828,-2.1721572258293533,-0.7332072977642154,-0.6946420102085828,-1.708407225388298
