0 0.3976421988755162,-0.04264885460176465,0.8267881101211874,0.38317261286171567,-0.04264885460176465,0.41801600886109824,-0.007429066970914139,-0.04264885460176465,0.4318424040237101,0.007040519042886356,-0.04264885460176465,0.8406145052837992,0.3976421988755162,-0.7793222042437553,0.8267881101211874,0.38317261286171567,-0.7793222042437553,0.41801600886109824,-0.007429066970914139,-0.7793222042437553,0.4318424040237101,0.007040519042886356,-0.7793222042437553,0.8406145052837992 0.055523127
0 -0.6672247388385354,-0.2762029313706672,1.0010314107520282,-0.652161030474622,-0.2762029313706672,0.28112723100240045,-1.071200277564663,-0.2762029313706672,0.2723590015785992,-1.0862639859285763,-0.2762029313706672,0.992263181328227,-0.6672247388385354,-0.6681095218992913,1.0010314107520282,-0.652161030474622,-0.6681095218992913,0.28112723100240045,-1.071200277564663,-0.6681095218992913,0.2723590015785992,-1.0862639859285763,-0.6681095218992913,0.992263181328227 0.0043357825
0 0.48189560682857924,-0.24534195272632597,1.285116299265296,0.4981437468999651,-0.24534195272632597,0.6255133660141294,0.02350153415118761,-0.24534195272632597,0.613821402913659,0.007253394079801745,-0.24534195272632597,1.2734243361648256,0.48189560682857924,-0.7896860280781174,1.285116299265296,0.4981437468999651,-0.7896860280781174,0.6255133660141294,0.02350153415118761,-0.7896860280781174,0.613821402913659,0.007253394079801745,-0.7896860280781174,1.2734243361648256 0.010736185
0 -0.2645095675821927,0.03508474321655272,-0.5432295965237715,-0.2422367202509282,0.03508474321655272,-1.3179883273095543,-0.6524615794782016,0.03508474321655272,-1.3297815156893633,-0.674734426809466,0.03508474321655272,-0.5550227849035805,-0.2645095675821927,-0.2907390782385254,-0.5432295965237715,-0.2422367202509282,-0.2907390782385254,-1.3179883273095543,-0.6524615794782016,-0.2907390782385254,-1.3297815156893633,-0.674734426809466,-0.2907390782385254,-0.5550227849035805 0.0053998977
0 -0.13737719757034686,-0.11872376485177041,-0.7181336085826837,-0.12816944854227694,-0.11872376485177041,-1.4390834956363818,-0.5648950387768517,-0.11872376485177041,-1.4446612198322333,-0.5741027878049215,-0.11872376485177041,-0.7237113327785352,-0.13737719757034686,-0.4132296891658688,-0.7181336085826837,-0.12816944854227694,-0.4132296891658688,-1.4390834956363818,-0.5648950387768517,-0.4132296891658688,-1.4446612198322333,-0.5741027878049215,-0.4132296891658688,-0.7237113327785352 0.000668936
0 -0.3687018084289756,-0.06816483831413747,-0.5843688048908677,-0.35159855454816136,-0.06816483831413747,-1.4962577263431416,-0.8182932210204873,-0.06816483831413747,-1.5050109825542006,-0.8353964749013015,-0.06816483831413747,-0.5931220611019268,-0.3687018084289756,-0.4773129692076826,-0.5843688048908677,-0.35159855454816136,-0.4773129692076826,-1.4962577263431416,-0.8182932210204873,-0.4773129692076826,-1.5050109825542006,-0.8353964749013015,-0.4773129692076826,-0.5931220611019268 0.01105841
0 1.1197984359260509,-0.14015868243210675,0.3437337691288568,1.132545887127472,-0.14015868243210675,-0.3087161259803893,0.6391852953437855,-0.14015868243210675,-0.31835531837755215,0.6264378441423644,-0.14015868243210675,0.3340945767316939,1.1197984359260509,-0.5291981405354226,0.3437337691288568,1.132545887127472,-0.5291981405354226,-0.3087161259803893,0.6391852953437855,-0.5291981405354226,-0.31835531837755215,0.6264378441423644,-0.5291981405354226,0.3340945767316939 0.00086590694
0 -0.48231827913905045,0.02982103614253938,0.8771462118634843,-0.4784286205665169,0.02982103614253938,0.5777625762902282,-1.4050604134879028,0.02982103614253938,0.5657235705843306,-1.4089500720604362,0.02982103614253938,0.8651072061575867,-0.48231827913905045,-0.21875861076755465,0.8771462118634843,-0.4784286205665169,-0.21875861076755465,0.5777625762902282,-1.4050604134879028,-0.21875861076755465,0.5657235705843306,-1.4089500720604362,-0.21875861076755465,0.8651072061575867 0.019601673
0 0.332305294570046,0.17239633115789893,1.2412894717430558,0.31857258637320107,0.17239633115789893,0.8088441588138429,-0.03554461627872518,0.17239633115789893,0.8200894840980087,-0.02181190808188027,0.17239633115789893,1.2525347970272216,0.332305294570046,-0.5618635407354593,1.2412894717430558,0.31857258637320107,-0.5618635407354593,0.8088441588138429,-0.03554461627872518,-0.5618635407354593,0.8200894840980087,-0.02181190808188027,-0.5618635407354593,1.2525347970272216 0.04501202
0 0.46868039648872206,-0.14008493249454496,1.2760481949768623,0.48174418290003795,-0.14008493249454496,0.793383023756908,0.07429610211509874,-0.14008493249454496,0.7823550585784357,0.06123231570378285,-0.14008493249454496,1.26502022979839,0.46868039648872206,-0.8272139328237533,1.2760481949768623,0.48174418290003795,-0.8272139328237533,0.793383023756908,0.07429610211509874,-0.8272139328237533,0.7823550585784357,0.06123231570378285,-0.8272139328237533,1.26502022979839 0.005946905
0 0.5658101794399473,0.14184076065979007,1.1113441768858054,0.5631026585330644,0.14184076065979007,0.6690994548535392,0.13717558410985745,0.14184076065979007,0.6717070754793069,0.13988310501674026,0.14184076065979007,1.1139517975115731,0.5658101794399473,-0.5807972299571991,1.1113441768858054,0.5631026585330644,-0.5807972299571991,0.6690994548535392,0.13717558410985745,-0.5807972299571991,0.6717070754793069,0.13988310501674026,-0.5807972299571991,1.1139517975115731 0.03364446
0 0.7183693112417511,-0.07170596526154277,1.2279787166933724,0.7115006604852246,-0.07170596526154277,0.7177386714408746,0.32341223344361264,-0.07170596526154277,0.7229629651685051,0.3302808842001391,-0.07170596526154277,1.2332030104210028,0.7183693112417511,-0.798286290903008,1.2279787166933724,0.7115006604852246,-0.798286290903008,0.7177386714408746,0.32341223344361264,-0.798286290903008,0.7229629651685051,0.3302808842001391,-0.798286290903008,1.2332030104210028 0.012928203
0 -0.4883214634605537,-0.052848816857430925,1.0152043167367453,-0.4872943375730502,-0.052848816857430925,0.6628489776054225,-1.4858735400489678,-0.052848816857430925,0.6599380906805521,-1.4869006659364712,-0.052848816857430925,1.0122934298118749,-0.4883214634605537,-0.3202808489941621,1.0152043167367453,-0.4872943375730502,-0.3202808489941621,0.6628489776054225,-1.4858735400489678,-0.3202808489941621,0.6599380906805521,-1.4869006659364712,-0.3202808489941621,1.0122934298118749 0.027333016
0 -0.7001721732706905,-0.04916324729480506,1.0449393511754086,-0.6871788479058316,-0.04916324729480506,0.3217891949992196,-1.0981891281514287,-0.04916324729480506,0.31440429678143955,-1.1111824535162875,-0.04916324729480506,1.0375544529576286,-0.7001721732706905,-0.45416173820934536,1.0449393511754086,-0.6871788479058316,-0.45416173820934536,0.3217891949992196,-1.0981891281514287,-0.45416173820934536,0.31440429678143955,-1.1111824535162875,-0.45416173820934536,1.0375544529576286 0.007209282
1 0.3976421988755162,-0.04264885460176465,0.8267881101211874,0.38317261286171567,-0.04264885460176465,0.41801600886109824,-0.007429066970914139,-0.04264885460176465,0.4318424040237101,0.007040519042886356,-0.04264885460176465,0.8406145052837992,0.3976421988755162,-0.7793222042437553,0.8267881101211874,0.38317261286171567,-0.7793222042437553,0.41801600886109824,-0.007429066970914139,-0.7793222042437553,0.4318424040237101,0.007040519042886356,-0.7793222042437553,0.8406145052837992 0.05863514
1 -0.6672247388385354,-0.2762029313706672,1.0010314107520282,-0.652161030474622,-0.2762029313706672,0.28112723100240045,-1.071200277564663,-0.2762029313706672,0.2723590015785992,-1.0862639859285763,-0.2762029313706672,0.992263181328227,-0.6672247388385354,-0.6681095218992913,1.0010314107520282,-0.652161030474622,-0.6681095218992913,0.28112723100240045,-1.071200277564663,-0.6681095218992913,0.2723590015785992,-1.0862639859285763,-0.6681095218992913,0.992263181328227 0.013160762
1 0.48189560682857924,-0.24534195272632597,1.285116299265296,0.4981437468999651,-0.24534195272632597,0.6255133660141294,0.02350153415118761,-0.24534195272632597,0.613821402913659,0.007253394079801745,-0.24534195272632597,1.2734243361648256,0.48189560682857924,-0.7896860280781174,1.285116299265296,0.4981437468999651,-0.7896860280781174,0.6255133660141294,0.02350153415118761,-0.7896860280781174,0.613821402913659,0.007253394079801745,-0.7896860280781174,1.2734243361648256 0.010418676
1 -0.2645095675821927,0.03508474321655272,-0.5432295965237715,-0.2422367202509282,0.03508474321655272,-1.3179883273095543,-0.6524615794782016,0.03508474321655272,-1.3297815156893633,-0.674734426809466,0.03508474321655272,-0.5550227849035805,-0.2645095675821927,-0.2907390782385254,-0.5432295965237715,-0.2422367202509282,-0.2907390782385254,-1.3179883273095543,-0.6524615794782016,-0.2907390782385254,-1.3297815156893633,-0.674734426809466,-0.2907390782385254,-0.5550227849035805 0.004652651
1 -0.13737719757034686,-0.11872376485177041,-0.7181336085826837,-0.12816944854227694,-0.11872376485177041,-1.4390834956363818,-0.5648950387768517,-0.11872376485177041,-1.4446612198322333,-0.5741027878049215,-0.11872376485177041,-0.7237113327785352,-0.13737719757034686,-0.4132296891658688,-0.7181336085826837,-0.12816944854227694,-0.4132296891658688,-1.4390834956363818,-0.5648950387768517,-0.4132296891658688,-1.4446612198322333,-0.5741027878049215,-0.4132296891658688,-0.7237113327785352 0.00060499704
1 -0.3687018084289756,-0.06816483831413747,-0.5843688048908677,-0.35159855454816136,-0.06816483831413747,-1.4962577263431416,-0.8182932210204873,-0.06816483831413747,-1.5050109825542006,-0.8353964749013015,-0.06816483831413747,-0.5931220611019268,-0.3687018084289756,-0.4773129692076826,-0.5843688048908677,-0.35159855454816136,-0.4773129692076826,-1.4962577263431416,-0.8182932210204873,-0.4773129692076826,-1.5050109825542006,-0.8353964749013015,-0.4773129692076826,-0.5931220611019268 0.0033141202
1 1.1197984359260509,-0.14015868243210675,0.3437337691288568,1.132545887127472,-0.14015868243210675,-0.3087161259803893,0.6391852953437855,-0.14015868243210675,-0.31835531837755215,0.6264378441423644,-0.14015868243210675,0.3340945767316939,1.1197984359260509,-0.5291981405354226,0.3437337691288568,1.132545887127472,-0.5291981405354226,-0.3087161259803893,0.6391852953437855,-0.5291981405354226,-0.31835531837755215,0.6264378441423644,-0.5291981405354226,0.3340945767316939 0.0005855657
1 -0.48231827913905045,0.02982103614253938,0.8771462118634843,-0.4784286205665169,0.02982103614253938,0.5777625762902282,-1.4050604134879028,0.02982103614253938,0.5657235705843306,-1.4089500720604362,0.02982103614253938,0.8651072061575867,-0.48231827913905045,-0.21875861076755465,0.8771462118634843,-0.4784286205665169,-0.21875861076755465,0.5777625762902282,-1.4050604134879028,-0.21875861076755465,0.5657235705843306,-1.4089500720604362,-0.21875861076755465,0.8651072061575867 0.5499845
1 0.332305294570046,0.17239633115789893,1.2412894717430558,0.31857258637320107,0.17239633115789893,0.8088441588138429,-0.03554461627872518,0.17239633115789893,0.8200894840980087,-0.02181190808188027,0.17239633115789893,1.2525347970272216,0.332305294570046,-0.5618635407354593,1.2412894717430558,0.31857258637320107,-0.5618635407354593,0.8088441588138429,-0.03554461627872518,-0.5618635407354593,0.8200894840980087,-0.02181190808188027,-0.5618635407354593,1.2525347970272216 0.03696188
1 0.46868039648872206,-0.14008493249454496,1.2760481949768623,0.48174418290003795,-0.14008493249454496,0.793383023756908,0.07429610211509874,-0.14008493249454496,0.7823550585784357,0.06123231570378285,-0.14008493249454496,1.26502022979839,0.46868039648872206,-0.8272139328237533,1.2760481949768623,0.48174418290003795,-0.8272139328237533,0.793383023756908,0.07429610211509874,-0.8272139328237533,0.7823550585784357,0.06123231570378285,-0.8272139328237533,1.26502022979839 0.0047518234
1 0.5658101794399473,0.14184076065979007,1.1113441768858054,0.5631026585330644,0.14184076065979007,0.6690994548535392,0.13717558410985745,0.14184076065979007,0.6717070754793069,0.13988310501674026,0.14184076065979007,1.1139517975115731,0.5658101794399473,-0.5807972299571991,1.1113441768858054,0.5631026585330644,-0.5807972299571991,0.6690994548535392,0.13717558410985745,-0.5807972299571991,0.6717070754793069,0.13988310501674026,-0.5807972299571991,1.1139517975115731 0.03567935
1 0.7183693112417511,-0.07170596526154277,1.2279787166933724,0.7115006604852246,-0.07170596526154277,0.7177386714408746,0.32341223344361264,-0.07170596526154277,0.7229629651685051,0.3302808842001391,-0.07170596526154277,1.2332030104210028,0.7183693112417511,-0.798286290903008,1.2279787166933724,0.7115006604852246,-0.798286290903008,0.7177386714408746,0.32341223344361264,-0.798286290903008,0.7229629651685051,0.3302808842001391,-0.798286290903008,1.2332030104210028 0.01771076
1 -0.4883214634605537,-0.052848816857430925,1.0152043167367453,-0.4872943375730502,-0.052848816857430925,0.6628489776054225,-1.4858735400489678,-0.052848816857430925,0.6599380906805521,-1.4869006659364712,-0.052848816857430925,1.0122934298118749,-0.4883214634605537,-0.3202808489941621,1.0152043167367453,-0.4872943375730502,-0.3202808489941621,0.6628489776054225,-1.4858735400489678,-0.3202808489941621,0.6599380906805521,-1.4869006659364712,-0.3202808489941621,1.0122934298118749 0.5853586
1 -0.7001721732706905,-0.04916324729480506,1.0449393511754086,-0.6871788479058316,-0.04916324729480506,0.3217891949992196,-1.0981891281514287,-0.04916324729480506,0.31440429678143955,-1.1111824535162875,-0.04916324729480506,1.0375544529576286,-0.7001721732706905,-0.45416173820934536,1.0449393511754086,-0.6871788479058316,-0.45416173820934536,0.3217891949992196,-1.0981891281514287,-0.45416173820934536,0.31440429678143955,-1.1111824535162875,-0.45416173820934536,1.0375544529576286 0.04528506
2 0.3976421988755162,-0.04264885460176465,0.8267881101211874,0.38317261286171567,-0.04264885460176465,0.41801600886109824,-0.007429066970914139,-0.04264885460176465,0.4318424040237101,0.007040519042886356,-0.04264885460176465,0.8406145052837992,0.3976421988755162,-0.7793222042437553,0.8267881101211874,0.38317261286171567,-0.7793222042437553,0.41801600886109824,-0.007429066970914139,-0.7793222042437553,0.4318424040237101,0.007040519042886356,-0.7793222042437553,0.8406145052837992 0.20742114
2 -0.6672247388385354,-0.2762029313706672,1.0010314107520282,-0.652161030474622,-0.2762029313706672,0.28112723100240045,-1.071200277564663,-0.2762029313706672,0.2723590015785992,-1.0862639859285763,-0.2762029313706672,0.992263181328227,-0.6672247388385354,-0.6681095218992913,1.0010314107520282,-0.652161030474622,-0.6681095218992913,0.28112723100240045,-1.071200277564663,-0.6681095218992913,0.2723590015785992,-1.0862639859285763,-0.6681095218992913,0.992263181328227 0.036895275
2 0.48189560682857924,-0.24534195272632597,1.285116299265296,0.4981437468999651,-0.24534195272632597,0.6255133660141294,0.02350153415118761,-0.24534195272632597,0.613821402913659,0.007253394079801745,-0.24534195272632597,1.2734243361648256,0.48189560682857924,-0.7896860280781174,1.285116299265296,0.4981437468999651,-0.7896860280781174,0.6255133660141294,0.02350153415118761,-0.7896860280781174,0.613821402913659,0.007253394079801745,-0.7896860280781174,1.2734243361648256 0.38344416
2 -0.2645095675821927,0.03508474321655272,-0.5432295965237715,-0.2422367202509282,0.03508474321655272,-1.3179883273095543,-0.6524615794782016,0.03508474321655272,-1.3297815156893633,-0.674734426809466,0.03508474321655272,-0.5550227849035805,-0.2645095675821927,-0.2907390782385254,-0.5432295965237715,-0.2422367202509282,-0.2907390782385254,-1.3179883273095543,-0.6524615794782016,-0.2907390782385254,-1.3297815156893633,-0.674734426809466,-0.2907390782385254,-0.5550227849035805 0.0074647665
2 -0.13737719757034686,-0.11872376485177041,-0.7181336085826837,-0.12816944854227694,-0.11872376485177041,-1.4390834956363818,-0.5648950387768517,-0.11872376485177041,-1.4446612198322333,-0.5741027878049215,-0.11872376485177041,-0.7237113327785352,-0.13737719757034686,-0.4132296891658688,-0.7181336085826837,-0.12816944854227694,-0.4132296891658688,-1.4390834956363818,-0.5648950387768517,-0.4132296891658688,-1.4446612198322333,-0.5741027878049215,-0.4132296891658688,-0.7237113327785352 0.0050152456
2 -0.3687018084289756,-0.06816483831413747,-0.5843688048908677,-0.35159855454816136,-0.06816483831413747,-1.4962577263431416,-0.8182932210204873,-0.06816483831413747,-1.5050109825542006,-0.8353964749013015,-0.06816483831413747,-0.5931220611019268,-0.3687018084289756,-0.4773129692076826,-0.5843688048908677,-0.35159855454816136,-0.4773129692076826,-1.4962577263431416,-0.8182932210204873,-0.4773129692076826,-1.5050109825542006,-0.8353964749013015,-0.4773129692076826,-0.5931220611019268 0.026978284
2 1.1197984359260509,-0.14015868243210675,0.3437337691288568,1.132545887127472,-0.14015868243210675,-0.3087161259803893,0.6391852953437855,-0.14015868243210675,-0.31835531837755215,0.6264378441423644,-0.14015868243210675,0.3340945767316939,1.1197984359260509,-0.5291981405354226,0.3437337691288568,1.132545887127472,-0.5291981405354226,-0.3087161259803893,0.6391852953437855,-0.5291981405354226,-0.31835531837755215,0.6264378441423644,-0.5291981405354226,0.3340945767316939 0.006982529
2 -0.48231827913905045,0.02982103614253938,0.8771462118634843,-0.4784286205665169,0.02982103614253938,0.5777625762902282,-1.4050604134879028,0.02982103614253938,0.5657235705843306,-1.4089500720604362,0.02982103614253938,0.8651072061575867,-0.48231827913905045,-0.21875861076755465,0.8771462118634843,-0.4784286205665169,-0.21875861076755465,0.5777625762902282,-1.4050604134879028,-0.21875861076755465,0.5657235705843306,-1.4089500720604362,-0.21875861076755465,0.8651072061575867 0.09217996
2 0.332305294570046,0.17239633115789893,1.2412894717430558,0.31857258637320107,0.17239633115789893,0.8088441588138429,-0.03554461627872518,0.17239633115789893,0.8200894840980087,-0.02181190808188027,0.17239633115789893,1.2525347970272216,0.332305294570046,-0.5618635407354593,1.2412894717430558,0.31857258637320107,-0.5618635407354593,0.8088441588138429,-0.03554461627872518,-0.5618635407354593,0.8200894840980087,-0.02181190808188027,-0.5618635407354593,1.2525347970272216 0.39770284
2 0.46868039648872206,-0.14008493249454496,1.2760481949768623,0.48174418290003795,-0.14008493249454496,0.793383023756908,0.07429610211509874,-0.14008493249454496,0.7823550585784357,0.06123231570378285,-0.14008493249454496,1.26502022979839,0.46868039648872206,-0.8272139328237533,1.2760481949768623,0.48174418290003795,-0.8272139328237533,0.793383023756908,0.07429610211509874,-0.8272139328237533,0.7823550585784357,0.06123231570378285,-0.8272139328237533,1.26502022979839 0.73133355
2 0.5658101794399473,0.14184076065979007,1.1113441768858054,0.5631026585330644,0.14184076065979007,0.6690994548535392,0.13717558410985745,0.14184076065979007,0.6717070754793069,0.13988310501674026,0.14184076065979007,1.1139517975115731,0.5658101794399473,-0.5807972299571991,1.1113441768858054,0.5631026585330644,-0.5807972299571991,0.6690994548535392,0.13717558410985745,-0.5807972299571991,0.6717070754793069,0.13988310501674026,-0.5807972299571991,1.1139517975115731 0.43835354
2 0.7183693112417511,-0.07170596526154277,1.2279787166933724,0.7115006604852246,-0.07170596526154277,0.7177386714408746,0.32341223344361264,-0.07170596526154277,0.7229629651685051,0.3302808842001391,-0.07170596526154277,1.2332030104210028,0.7183693112417511,-0.798286290903008,1.2279787166933724,0.7115006604852246,-0.798286290903008,0.7177386714408746,0.32341223344361264,-0.798286290903008,0.7229629651685051,0.3302808842001391,-0.798286290903008,1.2332030104210028 0.66183716
2 -0.4883214634605537,-0.052848816857430925,1.0152043167367453,-0.4872943375730502,-0.052848816857430925,0.6628489776054225,-1.4858735400489678,-0.052848816857430925,0.6599380906805521,-1.4869006659364712,-0.052848816857430925,1.0122934298118749,-0.4883214634605537,-0.3202808489941621,1.0152043167367453,-0.4872943375730502,-0.3202808489941621,0.6628489776054225,-1.4858735400489678,-0.3202808489941621,0.6599380906805521,-1.4869006659364712,-0.3202808489941621,1.0122934298118749 0.110904135
2 -0.7001721732706905,-0.04916324729480506,1.0449393511754086,-0.6871788479058316,-0.04916324729480506,0.3217891949992196,-1.0981891281514287,-0.04916324729480506,0.31440429678143955,-1.1111824535162875,-0.04916324729480506,1.0375544529576286,-0.7001721732706905,-0.45416173820934536,1.0449393511754086,-0.6871788479058316,-0.45416173820934536,0.3217891949992196,-1.0981891281514287,-0.45416173820934536,0.31440429678143955,-1.1111824535162875,-0.45416173820934536,1.0375544529576286 0.074032396
3 0.3976421988755162,-0.04264885460176465,0.8267881101211874,0.38317261286171567,-0.04264885460176465,0.41801600886109824,-0.007429066970914139,-0.04264885460176465,0.4318424040237101,0.007040519042886356,-0.04264885460176465,0.8406145052837992,0.3976421988755162,-0.7793222042437553,0.8267881101211874,0.38317261286171567,-0.7793222042437553,0.41801600886109824,-0.007429066970914139,-0.7793222042437553,0.4318424040237101,0.007040519042886356,-0.7793222042437553,0.8406145052837992 0.1447058
3 -0.6672247388385354,-0.2762029313706672,1.0010314107520282,-0.652161030474622,-0.2762029313706672,0.28112723100240045,-1.071200277564663,-0.2762029313706672,0.2723590015785992,-1.0862639859285763,-0.2762029313706672,0.992263181328227,-0.6672247388385354,-0.6681095218992913,1.0010314107520282,-0.652161030474622,-0.6681095218992913,0.28112723100240045,-1.071200277564663,-0.6681095218992913,0.2723590015785992,-1.0862639859285763,-0.6681095218992913,0.992263181328227 0.0016729397
3 0.48189560682857924,-0.24534195272632597,1.285116299265296,0.4981437468999651,-0.24534195272632597,0.6255133660141294,0.02350153415118761,-0.24534195272632597,0.613821402913659,0.007253394079801745,-0.24534195272632597,1.2734243361648256,0.48189560682857924,-0.7896860280781174,1.285116299265296,0.4981437468999651,-0.7896860280781174,0.6255133660141294,0.02350153415118761,-0.7896860280781174,0.613821402913659,0.007253394079801745,-0.7896860280781174,1.2734243361648256 0.008252847
3 -0.2645095675821927,0.03508474321655272,-0.5432295965237715,-0.2422367202509282,0.03508474321655272,-1.3179883273095543,-0.6524615794782016,0.03508474321655272,-1.3297815156893633,-0.674734426809466,0.03508474321655272,-0.5550227849035805,-0.2645095675821927,-0.2907390782385254,-0.5432295965237715,-0.2422367202509282,-0.2907390782385254,-1.3179883273095543,-0.6524615794782016,-0.2907390782385254,-1.3297815156893633,-0.674734426809466,-0.2907390782385254,-0.5550227849035805 0.0014311526
3 -0.13737719757034686,-0.11872376485177041,-0.7181336085826837,-0.12816944854227694,-0.11872376485177041,-1.4390834956363818,-0.5648950387768517,-0.11872376485177041,-1.4446612198322333,-0.5741027878049215,-0.11872376485177041,-0.7237113327785352,-0.13737719757034686,-0.4132296891658688,-0.7181336085826837,-0.12816944854227694,-0.4132296891658688,-1.4390834956363818,-0.5648950387768517,-0.4132296891658688,-1.4446612198322333,-0.5741027878049215,-0.4132296891658688,-0.7237113327785352 0.0002519685
3 -0.3687018084289756,-0.06816483831413747,-0.5843688048908677,-0.35159855454816136,-0.06816483831413747,-1.4962577263431416,-0.8182932210204873,-0.06816483831413747,-1.5050109825542006,-0.8353964749013015,-0.06816483831413747,-0.5931220611019268,-0.3687018084289756,-0.4773129692076826,-0.5843688048908677,-0.35159855454816136,-0.4773129692076826,-1.4962577263431416,-0.8182932210204873,-0.4773129692076826,-1.5050109825542006,-0.8353964749013015,-0.4773129692076826,-0.5931220611019268 0.003021525
3 1.1197984359260509,-0.14015868243210675,0.3437337691288568,1.132545887127472,-0.14015868243210675,-0.3087161259803893,0.6391852953437855,-0.14015868243210675,-0.31835531837755215,0.6264378441423644,-0.14015868243210675,0.3340945767316939,1.1197984359260509,-0.5291981405354226,0.3437337691288568,1.132545887127472,-0.5291981405354226,-0.3087161259803893,0.6391852953437855,-0.5291981405354226,-0.31835531837755215,0.6264378441423644,-0.5291981405354226,0.3340945767316939 0.00022866657
3 -0.48231827913905045,0.02982103614253938,0.8771462118634843,-0.4784286205665169,0.02982103614253938,0.5777625762902282,-1.4050604134879028,0.02982103614253938,0.5657235705843306,-1.4089500720604362,0.02982103614253938,0.8651072061575867,-0.48231827913905045,-0.21875861076755465,0.8771462118634843,-0.4784286205665169,-0.21875861076755465,0.5777625762902282,-1.4050604134879028,-0.21875861076755465,0.5657235705843306,-1.4089500720604362,-0.21875861076755465,0.8651072061575867 0.009625127
3 0.332305294570046,0.17239633115789893,1.2412894717430558,0.31857258637320107,0.17239633115789893,0.8088441588138429,-0.03554461627872518,0.17239633115789893,0.8200894840980087,-0.02181190808188027,0.17239633115789893,1.2525347970272216,0.332305294570046,-0.5618635407354593,1.2412894717430558,0.31857258637320107,-0.5618635407354593,0.8088441588138429,-0.03554461627872518,-0.5618635407354593,0.8200894840980087,-0.02181190808188027,-0.5618635407354593,1.2525347970272216 0.06764813
3 0.46868039648872206,-0.14008493249454496,1.2760481949768623,0.48174418290003795,-0.14008493249454496,0.793383023756908,0.07429610211509874,-0.14008493249454496,0.7823550585784357,0.06123231570378285,-0.14008493249454496,1.26502022979839,0.46868039648872206,-0.8272139328237533,1.2760481949768623,0.48174418290003795,-0.8272139328237533,0.793383023756908,0.07429610211509874,-0.8272139328237533,0.7823550585784357,0.06123231570378285,-0.8272139328237533,1.26502022979839 0.0063693486
3 0.5658101794399473,0.14184076065979007,1.1113441768858054,0.5631026585330644,0.14184076065979007,0.6690994548535392,0.13717558410985745,0.14184076065979007,0.6717070754793069,0.13988310501674026,0.14184076065979007,1.1139517975115731,0.5658101794399473,-0.5807972299571991,1.1113441768858054,0.5631026585330644,-0.5807972299571991,0.6690994548535392,0.13717558410985745,-0.5807972299571991,0.6717070754793069,0.13988310501674026,-0.5807972299571991,1.1139517975115731 0.060207628
3 0.7183693112417511,-0.07170596526154277,1.2279787166933724,0.7115006604852246,-0.07170596526154277,0.7177386714408746,0.32341223344361264,-0.07170596526154277,0.7229629651685051,0.3302808842001391,-0.07170596526154277,1.2332030104210028,0.7183693112417511,-0.798286290903008,1.2279787166933724,0.7115006604852246,-0.798286290903008,0.7177386714408746,0.32341223344361264,-0.798286290903008,0.7229629651685051,0.3302808842001391,-0.798286290903008,1.2332030104210028 0.014680004
3 -0.4883214634605537,-0.052848816857430925,1.0152043167367453,-0.4872943375730502,-0.052848816857430925,0.6628489776054225,-1.4858735400489678,-0.052848816857430925,0.6599380906805521,-1.4869006659364712,-0.052848816857430925,1.0122934298118749,-0.4883214634605537,-0.3202808489941621,1.0152043167367453,-0.4872943375730502,-0.3202808489941621,0.6628489776054225,-1.4858735400489678,-0.3202808489941621,0.6599380906805521,-1.4869006659364712,-0.3202808489941621,1.0122934298118749 0.014151625
3 -0.7001721732706905,-0.04916324729480506,1.0449393511754086,-0.6871788479058316,-0.04916324729480506,0.3217891949992196,-1.0981891281514287,-0.04916324729480506,0.31440429678143955,-1.1111824535162875,-0.04916324729480506,1.0375544529576286,-0.7001721732706905,-0.45416173820934536,1.0449393511754086,-0.6871788479058316,-0.45416173820934536,0.3217891949992196,-1.0981891281514287,-0.45416173820934536,0.31440429678143955,-1.1111824535162875,-0.45416173820934536,1.0375544529576286 0.0047357986
4 0.3976421988755162,-0.04264885460176465,0.8267881101211874,0.38317261286171567,-0.04264885460176465,0.41801600886109824,-0.007429066970914139,-0.04264885460176465,0.4318424040237101,0.007040519042886356,-0.04264885460176465,0.8406145052837992,0.3976421988755162,-0.7793222042437553,0.8267881101211874,0.38317261286171567,-0.7793222042437553,0.41801600886109824,-0.007429066970914139,-0.7793222042437553,0.4318424040237101,0.007040519042886356,-0.7793222042437553,0.8406145052837992 0.04466289
4 -0.6672247388385354,-0.2762029313706672,1.0010314107520282,-0.652161030474622,-0.2762029313706672,0.28112723100240045,-1.071200277564663,-0.2762029313706672,0.2723590015785992,-1.0862639859285763,-0.2762029313706672,0.992263181328227,-0.6672247388385354,-0.6681095218992913,1.0010314107520282,-0.652161030474622,-0.6681095218992913,0.28112723100240045,-1.071200277564663,-0.6681095218992913,0.2723590015785992,-1.0862639859285763,-0.6681095218992913,0.992263181328227 0.00070473
4 0.48189560682857924,-0.24534195272632597,1.285116299265296,0.4981437468999651,-0.24534195272632597,0.6255133660141294,0.02350153415118761,-0.24534195272632597,0.613821402913659,0.007253394079801745,-0.24534195272632597,1.2734243361648256,0.48189560682857924,-0.7896860280781174,1.285116299265296,0.4981437468999651,-0.7896860280781174,0.6255133660141294,0.02350153415118761,-0.7896860280781174,0.613821402913659,0.007253394079801745,-0.7896860280781174,1.2734243361648256 0.0020060882
4 -0.2645095675821927,0.03508474321655272,-0.5432295965237715,-0.2422367202509282,0.03508474321655272,-1.3179883273095543,-0.6524615794782016,0.03508474321655272,-1.3297815156893633,-0.674734426809466,0.03508474321655272,-0.5550227849035805,-0.2645095675821927,-0.2907390782385254,-0.5432295965237715,-0.2422367202509282,-0.2907390782385254,-1.3179883273095543,-0.6524615794782016,-0.2907390782385254,-1.3297815156893633,-0.674734426809466,-0.2907390782385254,-0.5550227849035805 0.0006471439
4 -0.13737719757034686,-0.11872376485177041,-0.7181336085826837,-0.12816944854227694,-0.11872376485177041,-1.4390834956363818,-0.5648950387768517,-0.11872376485177041,-1.4446612198322333,-0.5741027878049215,-0.11872376485177041,-0.7237113327785352,-0.13737719757034686,-0.4132296891658688,-0.7181336085826837,-0.12816944854227694,-0.4132296891658688,-1.4390834956363818,-0.5648950387768517,-0.4132296891658688,-1.4446612198322333,-0.5741027878049215,-0.4132296891658688,-0.7237113327785352 8.235971e-05
4 -0.3687018084289756,-0.06816483831413747,-0.5843688048908677,-0.35159855454816136,-0.06816483831413747,-1.4962577263431416,-0.8182932210204873,-0.06816483831413747,-1.5050109825542006,-0.8353964749013015,-0.06816483831413747,-0.5931220611019268,-0.3687018084289756,-0.4773129692076826,-0.5843688048908677,-0.35159855454816136,-0.4773129692076826,-1.4962577263431416,-0.8182932210204873,-0.4773129692076826,-1.5050109825542006,-0.8353964749013015,-0.4773129692076826,-0.5931220611019268 0.0016447757
4 1.1197984359260509,-0.14015868243210675,0.3437337691288568,1.132545887127472,-0.14015868243210675,-0.3087161259803893,0.6391852953437855,-0.14015868243210675,-0.31835531837755215,0.6264378441423644,-0.14015868243210675,0.3340945767316939,1.1197984359260509,-0.5291981405354226,0.3437337691288568,1.132545887127472,-0.5291981405354226,-0.3087161259803893,0.6391852953437855,-0.5291981405354226,-0.31835531837755215,0.6264378441423644,-0.5291981405354226,0.3340945767316939 7.9004785e-05
4 -0.48231827913905045,0.02982103614253938,0.8771462118634843,-0.4784286205665169,0.02982103614253938,0.5777625762902282,-1.4050604134879028,0.02982103614253938,0.5657235705843306,-1.4089500720604362,0.02982103614253938,0.8651072061575867,-0.48231827913905045,-0.21875861076755465,0.8771462118634843,-0.4784286205665169,-0.21875861076755465,0.5777625762902282,-1.4050604134879028,-0.21875861076755465,0.5657235705843306,-1.4089500720604362,-0.21875861076755465,0.8651072061575867 0.009426666
4 0.332305294570046,0.17239633115789893,1.2412894717430558,0.31857258637320107,0.17239633115789893,0.8088441588138429,-0.03554461627872518,0.17239633115789893,0.8200894840980087,-0.02181190808188027,0.17239633115789893,1.2525347970272216,0.332305294570046,-0.5618635407354593,1.2412894717430558,0.31857258637320107,-0.5618635407354593,0.8088441588138429,-0.03554461627872518,-0.5618635407354593,0.8200894840980087,-0.02181190808188027,-0.5618635407354593,1.2525347970272216 0.017062211
4 0.46868039648872206,-0.14008493249454496,1.2760481949768623,0.48174418290003795,-0.14008493249454496,0.793383023756908,0.07429610211509874,-0.14008493249454496,0.7823550585784357,0.06123231570378285,-0.14008493249454496,1.26502022979839,0.46868039648872206,-0.8272139328237533,1.2760481949768623,0.48174418290003795,-0.8272139328237533,0.793383023756908,0.07429610211509874,-0.8272139328237533,0.7823550585784357,0.06123231570378285,-0.8272139328237533,1.26502022979839 0.0012888876
4 0.5658101794399473,0.14184076065979007,1.1113441768858054,0.5631026585330644,0.14184076065979007,0.6690994548535392,0.13717558410985745,0.14184076065979007,0.6717070754793069,0.13988310501674026,0.14184076065979007,1.1139517975115731,0.5658101794399473,-0.5807972299571991,1.1113441768858054,0.5631026585330644,-0.5807972299571991,0.6690994548535392,0.13717558410985745,-0.5807972299571991,0.6717070754793069,0.13988310501674026,-0.5807972299571991,1.1139517975115731 0.016101137
4 0.7183693112417511,-0.07170596526154277,1.2279787166933724,0.7115006604852246,-0.07170596526154277,0.7177386714408746,0.32341223344361264,-0.07170596526154277,0.7229629651685051,0.3302808842001391,-0.07170596526154277,1.2332030104210028,0.7183693112417511,-0.798286290903008,1.2279787166933724,0.7115006604852246,-0.798286290903008,0.7177386714408746,0.32341223344361264,-0.798286290903008,0.7229629651685051,0.3302808842001391,-0.798286290903008,1.2332030104210028 0.004809747
4 -0.4883214634605537,-0.052848816857430925,1.0152043167367453,-0.4872943375730502,-0.052848816857430925,0.6628489776054225,-1.4858735400489678,-0.052848816857430925,0.6599380906805521,-1.4869006659364712,-0.052848816857430925,1.0122934298118749,-0.4883214634605537,-0.3202808489941621,1.0152043167367453,-0.4872943375730502,-0.3202808489941621,0.6628489776054225,-1.4858735400489678,-0.3202808489941621,0.6599380906805521,-1.4869006659364712,-0.3202808489941621,1.0122934298118749 0.0160655
4 -0.7001721732706905,-0.04916324729480506,1.0449393511754086,-0.6871788479058316,-0.04916324729480506,0.3217891949992196,-1.0981891281514287,-0.04916324729480506,0.31440429678143955,-1.1111824535162875,-0.04916324729480506,1.0375544529576286,-0.7001721732706905,-0.45416173820934536,1.0449393511754086,-0.6871788479058316,-0.45416173820934536,0.3217891949992196,-1.0981891281514287,-0.45416173820934536,0.31440429678143955,-1.1111824535162875,-0.45416173820934536,1.0375544529576286 0.002246102
5 0.3976421988755162,-0.04264885460176465,0.8267881101211874,0.38317261286171567,-0.04264885460176465,0.41801600886109824,-0.007429066970914139,-0.04264885460176465,0.4318424040237101,0.007040519042886356,-0.04264885460176465,0.8406145052837992,0.3976421988755162,-0.7793222042437553,0.8267881101211874,0.38317261286171567,-0.7793222042437553,0.41801600886109824,-0.007429066970914139,-0.7793222042437553,0.4318424040237101,0.007040519042886356,-0.7793222042437553,0.8406145052837992 0.1401011
5 -0.6672247388385354,-0.2762029313706672,1.0010314107520282,-0.652161030474622,-0.2762029313706672,0.28112723100240045,-1.071200277564663,-0.2762029313706672,0.2723590015785992,-1.0862639859285763,-0.2762029313706672,0.992263181328227,-0.6672247388385354,-0.6681095218992913,1.0010314107520282,-0.652161030474622,-0.6681095218992913,0.28112723100240045,-1.071200277564663,-0.6681095218992913,0.2723590015785992,-1.0862639859285763,-0.6681095218992913,0.992263181328227 0.01956989
5 0.48189560682857924,-0.24534195272632597,1.285116299265296,0.4981437468999651,-0.24534195272632597,0.6255133660141294,0.02350153415118761,-0.24534195272632597,0.613821402913659,0.007253394079801745,-0.24534195272632597,1.2734243361648256,0.48189560682857924,-0.7896860280781174,1.285116299265296,0.4981437468999651,-0.7896860280781174,0.6255133660141294,0.02350153415118761,-0.7896860280781174,0.613821402913659,0.007253394079801745,-0.7896860280781174,1.2734243361648256 0.027914478
5 -0.2645095675821927,0.03508474321655272,-0.5432295965237715,-0.2422367202509282,0.03508474321655272,-1.3179883273095543,-0.6524615794782016,0.03508474321655272,-1.3297815156893633,-0.674734426809466,0.03508474321655272,-0.5550227849035805,-0.2645095675821927,-0.2907390782385254,-0.5432295965237715,-0.2422367202509282,-0.2907390782385254,-1.3179883273095543,-0.6524615794782016,-0.2907390782385254,-1.3297815156893633,-0.674734426809466,-0.2907390782385254,-0.5550227849035805 0.0061140335
5 -0.13737719757034686,-0.11872376485177041,-0.7181336085826837,-0.12816944854227694,-0.11872376485177041,-1.4390834956363818,-0.5648950387768517,-0.11872376485177041,-1.4446612198322333,-0.5741027878049215,-0.11872376485177041,-0.7237113327785352,-0.13737719757034686,-0.4132296891658688,-0.7181336085826837,-0.12816944854227694,-0.4132296891658688,-1.4390834956363818,-0.5648950387768517,-0.4132296891658688,-1.4446612198322333,-0.5741027878049215,-0.4132296891658688,-0.7237113327785352 0.0017675479
5 -0.3687018084289756,-0.06816483831413747,-0.5843688048908677,-0.35159855454816136,-0.06816483831413747,-1.4962577263431416,-0.8182932210204873,-0.06816483831413747,-1.5050109825542006,-0.8353964749013015,-0.06816483831413747,-0.5931220611019268,-0.3687018084289756,-0.4773129692076826,-0.5843688048908677,-0.35159855454816136,-0.4773129692076826,-1.4962577263431416,-0.8182932210204873,-0.4773129692076826,-1.5050109825542006,-0.8353964749013015,-0.4773129692076826,-0.5931220611019268 0.014394394
5 1.1197984359260509,-0.14015868243210675,0.3437337691288568,1.132545887127472,-0.14015868243210675,-0.3087161259803893,0.6391852953437855,-0.14015868243210675,-0.31835531837755215,0.6264378441423644,-0.14015868243210675,0.3340945767316939,1.1197984359260509,-0.5291981405354226,0.3437337691288568,1.132545887127472,-0.5291981405354226,-0.3087161259803893,0.6391852953437855,-0.5291981405354226,-0.31835531837755215,0.6264378441423644,-0.5291981405354226,0.3340945767316939 0.0015844106
5 -0.48231827913905045,0.02982103614253938,0.8771462118634843,-0.4784286205665169,0.02982103614253938,0.5777625762902282,-1.4050604134879028,0.02982103614253938,0.5657235705843306,-1.4089500720604362,0.02982103614253938,0.8651072061575867,-0.48231827913905045,-0.21875861076755465,0.8771462118634843,-0.4784286205665169,-0.21875861076755465,0.5777625762902282,-1.4050604134879028,-0.21875861076755465,0.5657235705843306,-1.4089500720604362,-0.21875861076755465,0.8651072061575867 0.088931836
5 0.332305294570046,0.17239633115789893,1.2412894717430558,0.31857258637320107,0.17239633115789893,0.8088441588138429,-0.03554461627872518,0.17239633115789893,0.8200894840980087,-0.02181190808188027,0.17239633115789893,1.2525347970272216,0.332305294570046,-0.5618635407354593,1.2412894717430558,0.31857258637320107,-0.5618635407354593,0.8088441588138429,-0.03554461627872518,-0.5618635407354593,0.8200894840980087,-0.02181190808188027,-0.5618635407354593,1.2525347970272216 0.08290533
5 0.46868039648872206,-0.14008493249454496,1.2760481949768623,0.48174418290003795,-0.14008493249454496,0.793383023756908,0.07429610211509874,-0.14008493249454496,0.7823550585784357,0.06123231570378285,-0.14008493249454496,1.26502022979839,0.46868039648872206,-0.8272139328237533,1.2760481949768623,0.48174418290003795,-0.8272139328237533,0.793383023756908,0.07429610211509874,-0.8272139328237533,0.7823550585784357,0.06123231570378285,-0.8272139328237533,1.26502022979839 0.016681097
5 0.5658101794399473,0.14184076065979007,1.1113441768858054,0.5631026585330644,0.14184076065979007,0.6690994548535392,0.13717558410985745,0.14184076065979007,0.6717070754793069,0.13988310501674026,0.14184076065979007,1.1139517975115731,0.5658101794399473,-0.5807972299571991,1.1113441768858054,0.5631026585330644,-0.5807972299571991,0.6690994548535392,0.13717558410985745,-0.5807972299571991,0.6717070754793069,0.13988310501674026,-0.5807972299571991,1.1139517975115731 0.059486195
5 0.7183693112417511,-0.07170596526154277,1.2279787166933724,0.7115006604852246,-0.07170596526154277,0.7177386714408746,0.32341223344361264,-0.07170596526154277,0.7229629651685051,0.3302808842001391,-0.07170596526154277,1.2332030104210028,0.7183693112417511,-0.798286290903008,1.2279787166933724,0.7115006604852246,-0.798286290903008,0.7177386714408746,0.32341223344361264,-0.798286290903008,0.7229629651685051,0.3302808842001391,-0.798286290903008,1.2332030104210028 0.029888503
5 -0.4883214634605537,-0.052848816857430925,1.0152043167367453,-0.4872943375730502,-0.052848816857430925,0.6628489776054225,-1.4858735400489678,-0.052848816857430925,0.6599380906805521,-1.4869006659364712,-0.052848816857430925,1.0122934298118749,-0.4883214634605537,-0.3202808489941621,1.0152043167367453,-0.4872943375730502,-0.3202808489941621,0.6628489776054225,-1.4858735400489678,-0.3202808489941621,0.6599380906805521,-1.4869006659364712,-0.3202808489941621,1.0122934298118749 0.10976795
5 -0.7001721732706905,-0.04916324729480506,1.0449393511754086,-0.6871788479058316,-0.04916324729480506,0.3217891949992196,-1.0981891281514287,-0.04916324729480506,0.31440429678143955,-1.1111824535162875,-0.04916324729480506,1.0375544529576286,-0.7001721732706905,-0.45416173820934536,1.0449393511754086,-0.6871788479058316,-0.45416173820934536,0.3217891949992196,-1.0981891281514287,-0.45416173820934536,0.31440429678143955,-1.1111824535162875,-0.45416173820934536,1.0375544529576286 0.031235235
6 0.3976421988755162,-0.04264885460176465,0.8267881101211874,0.38317261286171567,-0.04264885460176465,0.41801600886109824,-0.007429066970914139,-0.04264885460176465,0.4318424040237101,0.007040519042886356,-0.04264885460176465,0.8406145052837992,0.3976421988755162,-0.7793222042437553,0.8267881101211874,0.38317261286171567,-0.7793222042437553,0.41801600886109824,-0.007429066970914139,-0.7793222042437553,0.4318424040237101,0.007040519042886356,-0.7793222042437553,0.8406145052837992 0.07889277
6 -0.6672247388385354,-0.2762029313706672,1.0010314107520282,-0.652161030474622,-0.2762029313706672,0.28112723100240045,-1.071200277564663,-0.2762029313706672,0.2723590015785992,-1.0862639859285763,-0.2762029313706672,0.992263181328227,-0.6672247388385354,-0.6681095218992913,1.0010314107520282,-0.652161030474622,-0.6681095218992913,0.28112723100240045,-1.071200277564663,-0.6681095218992913,0.2723590015785992,-1.0862639859285763,-0.6681095218992913,0.992263181328227 0.0053718826
6 0.48189560682857924,-0.24534195272632597,1.285116299265296,0.4981437468999651,-0.24534195272632597,0.6255133660141294,0.02350153415118761,-0.24534195272632597,0.613821402913659,0.007253394079801745,-0.24534195272632597,1.2734243361648256,0.48189560682857924,-0.7896860280781174,1.285116299265296,0.4981437468999651,-0.7896860280781174,0.6255133660141294,0.02350153415118761,-0.7896860280781174,0.613821402913659,0.007253394079801745,-0.7896860280781174,1.2734243361648256 0.031250063
6 -0.2645095675821927,0.03508474321655272,-0.5432295965237715,-0.2422367202509282,0.03508474321655272,-1.3179883273095543,-0.6524615794782016,0.03508474321655272,-1.3297815156893633,-0.674734426809466,0.03508474321655272,-0.5550227849035805,-0.2645095675821927,-0.2907390782385254,-0.5432295965237715,-0.2422367202509282,-0.2907390782385254,-1.3179883273095543,-0.6524615794782016,-0.2907390782385254,-1.3297815156893633,-0.674734426809466,-0.2907390782385254,-0.5550227849035805 0.0033841042
6 -0.13737719757034686,-0.11872376485177041,-0.7181336085826837,-0.12816944854227694,-0.11872376485177041,-1.4390834956363818,-0.5648950387768517,-0.11872376485177041,-1.4446612198322333,-0.5741027878049215,-0.11872376485177041,-0.7237113327785352,-0.13737719757034686,-0.4132296891658688,-0.7181336085826837,-0.12816944854227694,-0.4132296891658688,-1.4390834956363818,-0.5648950387768517,-0.4132296891658688,-1.4446612198322333,-0.5741027878049215,-0.4132296891658688,-0.7237113327785352 0.0008633129
6 -0.3687018084289756,-0.06816483831413747,-0.5843688048908677,-0.35159855454816136,-0.06816483831413747,-1.4962577263431416,-0.8182932210204873,-0.06816483831413747,-1.5050109825542006,-0.8353964749013015,-0.06816483831413747,-0.5931220611019268,-0.3687018084289756,-0.4773129692076826,-0.5843688048908677,-0.35159855454816136,-0.4773129692076826,-1.4962577263431416,-0.8182932210204873,-0.4773129692076826,-1.5050109825542006,-0.8353964749013015,-0.4773129692076826,-0.5931220611019268 0.007669358
6 1.1197984359260509,-0.14015868243210675,0.3437337691288568,1.132545887127472,-0.14015868243210675,-0.3087161259803893,0.6391852953437855,-0.14015868243210675,-0.31835531837755215,0.6264378441423644,-0.14015868243210675,0.3340945767316939,1.1197984359260509,-0.5291981405354226,0.3437337691288568,1.132545887127472,-0.5291981405354226,-0.3087161259803893,0.6391852953437855,-0.5291981405354226,-0.31835531837755215,0.6264378441423644,-0.5291981405354226,0.3340945767316939 0.0009137413
6 -0.48231827913905045,0.02982103614253938,0.8771462118634843,-0.4784286205665169,0.02982103614253938,0.5777625762902282,-1.4050604134879028,0.02982103614253938,0.5657235705843306,-1.4089500720604362,0.02982103614253938,0.8651072061575867,-0.48231827913905045,-0.21875861076755465,0.8771462118634843,-0.4784286205665169,-0.21875861076755465,0.5777625762902282,-1.4050604134879028,-0.21875861076755465,0.5657235705843306,-1.4089500720604362,-0.21875861076755465,0.8651072061575867 0.013056731
6 0.332305294570046,0.17239633115789893,1.2412894717430558,0.31857258637320107,0.17239633115789893,0.8088441588138429,-0.03554461627872518,0.17239633115789893,0.8200894840980087,-0.02181190808188027,0.17239633115789893,1.2525347970272216,0.332305294570046,-0.5618635407354593,1.2412894717430558,0.31857258637320107,-0.5618635407354593,0.8088441588138429,-0.03554461627872518,-0.5618635407354593,0.8200894840980087,-0.02181190808188027,-0.5618635407354593,1.2525347970272216 0.10953371
6 0.46868039648872206,-0.14008493249454496,1.2760481949768623,0.48174418290003795,-0.14008493249454496,0.793383023756908,0.07429610211509874,-0.14008493249454496,0.7823550585784357,0.06123231570378285,-0.14008493249454496,1.26502022979839,0.46868039648872206,-0.8272139328237533,1.2760481949768623,0.48174418290003795,-0.8272139328237533,0.793383023756908,0.07429610211509874,-0.8272139328237533,0.7823550585784357,0.06123231570378285,-0.8272139328237533,1.26502022979839 0.02519101
6 0.5658101794399473,0.14184076065979007,1.1113441768858054,0.5631026585330644,0.14184076065979007,0.6690994548535392,0.13717558410985745,0.14184076065979007,0.6717070754793069,0.13988310501674026,0.14184076065979007,1.1139517975115731,0.5658101794399473,-0.5807972299571991,1.1113441768858054,0.5631026585330644,-0.5807972299571991,0.6690994548535392,0.13717558410985745,-0.5807972299571991,0.6717070754793069,0.13988310501674026,-0.5807972299571991,1.1139517975115731 0.09544193
6 0.7183693112417511,-0.07170596526154277,1.2279787166933724,0.7115006604852246,-0.07170596526154277,0.7177386714408746,0.32341223344361264,-0.07170596526154277,0.7229629651685051,0.3302808842001391,-0.07170596526154277,1.2332030104210028,0.7183693112417511,-0.798286290903008,1.2279787166933724,0.7115006604852246,-0.798286290903008,0.7177386714408746,0.32341223344361264,-0.798286290903008,0.7229629651685051,0.3302808842001391,-0.798286290903008,1.2332030104210028 0.043703604
6 -0.4883214634605537,-0.052848816857430925,1.0152043167367453,-0.4872943375730502,-0.052848816857430925,0.6628489776054225,-1.4858735400489678,-0.052848816857430925,0.6599380906805521,-1.4869006659364712,-0.052848816857430925,1.0122934298118749,-0.4883214634605537,-0.3202808489941621,1.0152043167367453,-0.4872943375730502,-0.3202808489941621,0.6628489776054225,-1.4858735400489678,-0.3202808489941621,0.6599380906805521,-1.4869006659364712,-0.3202808489941621,1.0122934298118749 0.015326989
6 -0.7001721732706905,-0.04916324729480506,1.0449393511754086,-0.6871788479058316,-0.04916324729480506,0.3217891949992196,-1.0981891281514287,-0.04916324729480506,0.31440429678143955,-1.1111824535162875,-0.04916324729480506,1.0375544529576286,-0.7001721732706905,-0.45416173820934536,1.0449393511754086,-0.6871788479058316,-0.45416173820934536,0.3217891949992196,-1.0981891281514287,-0.45416173820934536,0.31440429678143955,-1.1111824535162875,-0.45416173820934536,1.0375544529576286 0.009232412
7 0.3976421988755162,-0.04264885460176465,0.8267881101211874,0.38317261286171567,-0.04264885460176465,0.41801600886109824,-0.007429066970914139,-0.04264885460176465,0.4318424040237101,0.007040519042886356,-0.04264885460176465,0.8406145052837992,0.3976421988755162,-0.7793222042437553,0.8267881101211874,0.38317261286171567,-0.7793222042437553,0.41801600886109824,-0.007429066970914139,-0.7793222042437553,0.4318424040237101,0.007040519042886356,-0.7793222042437553,0.8406145052837992 0.04063796
7 -0.6672247388385354,-0.2762029313706672,1.0010314107520282,-0.652161030474622,-0.2762029313706672,0.28112723100240045,-1.071200277564663,-0.2762029313706672,0.2723590015785992,-1.0862639859285763,-0.2762029313706672,0.992263181328227,-0.6672247388385354,-0.6681095218992913,1.0010314107520282,-0.652161030474622,-0.6681095218992913,0.28112723100240045,-1.071200277564663,-0.6681095218992913,0.2723590015785992,-1.0862639859285763,-0.6681095218992913,0.992263181328227 0.001049428
7 0.48189560682857924,-0.24534195272632597,1.285116299265296,0.4981437468999651,-0.24534195272632597,0.6255133660141294,0.02350153415118761,-0.24534195272632597,0.613821402913659,0.007253394079801745,-0.24534195272632597,1.2734243361648256,0.48189560682857924,-0.7896860280781174,1.285116299265296,0.4981437468999651,-0.7896860280781174,0.6255133660141294,0.02350153415118761,-0.7896860280781174,0.613821402913659,0.007253394079801745,-0.7896860280781174,1.2734243361648256 0.0054661483
7 -0.2645095675821927,0.03508474321655272,-0.5432295965237715,-0.2422367202509282,0.03508474321655272,-1.3179883273095543,-0.6524615794782016,0.03508474321655272,-1.3297815156893633,-0.674734426809466,0.03508474321655272,-0.5550227849035805,-0.2645095675821927,-0.2907390782385254,-0.5432295965237715,-0.2422367202509282,-0.2907390782385254,-1.3179883273095543,-0.6524615794782016,-0.2907390782385254,-1.3297815156893633,-0.674734426809466,-0.2907390782385254,-0.5550227849035805 0.0007345384
7 -0.13737719757034686,-0.11872376485177041,-0.7181336085826837,-0.12816944854227694,-0.11872376485177041,-1.4390834956363818,-0.5648950387768517,-0.11872376485177041,-1.4446612198322333,-0.5741027878049215,-0.11872376485177041,-0.7237113327785352,-0.13737719757034686,-0.4132296891658688,-0.7181336085826837,-0.12816944854227694,-0.4132296891658688,-1.4390834956363818,-0.5648950387768517,-0.4132296891658688,-1.4446612198322333,-0.5741027878049215,-0.4132296891658688,-0.7237113327785352 0.00017751157
7 -0.3687018084289756,-0.06816483831413747,-0.5843688048908677,-0.35159855454816136,-0.06816483831413747,-1.4962577263431416,-0.8182932210204873,-0.06816483831413747,-1.5050109825542006,-0.8353964749013015,-0.06816483831413747,-0.5931220611019268,-0.3687018084289756,-0.4773129692076826,-0.5843688048908677,-0.35159855454816136,-0.4773129692076826,-1.4962577263431416,-0.8182932210204873,-0.4773129692076826,-1.5050109825542006,-0.8353964749013015,-0.4773129692076826,-0.5931220611019268 0.0023696169
7 1.1197984359260509,-0.14015868243210675,0.3437337691288568,1.132545887127472,-0.14015868243210675,-0.3087161259803893,0.6391852953437855,-0.14015868243210675,-0.31835531837755215,0.6264378441423644,-0.14015868243210675,0.3340945767316939,1.1197984359260509,-0.5291981405354226,0.3437337691288568,1.132545887127472,-0.5291981405354226,-0.3087161259803893,0.6391852953437855,-0.5291981405354226,-0.31835531837755215,0.6264378441423644,-0.5291981405354226,0.3340945767316939 0.00012567017
7 -0.48231827913905045,0.02982103614253938,0.8771462118634843,-0.4784286205665169,0.02982103614253938,0.5777625762902282,-1.4050604134879028,0.02982103614253938,0.5657235705843306,-1.4089500720604362,0.02982103614253938,0.8651072061575867,-0.48231827913905045,-0.21875861076755465,0.8771462118634843,-0.4784286205665169,-0.21875861076755465,0.5777625762902282,-1.4050604134879028,-0.21875861076755465,0.5657235705843306,-1.4089500720604362,-0.21875861076755465,0.8651072061575867 0.0102945175
7 0.332305294570046,0.17239633115789893,1.2412894717430558,0.31857258637320107,0.17239633115789893,0.8088441588138429,-0.03554461627872518,0.17239633115789893,0.8200894840980087,-0.02181190808188027,0.17239633115789893,1.2525347970272216,0.332305294570046,-0.5618635407354593,1.2412894717430558,0.31857258637320107,-0.5618635407354593,0.8088441588138429,-0.03554461627872518,-0.5618635407354593,0.8200894840980087,-0.02181190808188027,-0.5618635407354593,1.2525347970272216 0.027861726
7 0.46868039648872206,-0.14008493249454496,1.2760481949768623,0.48174418290003795,-0.14008493249454496,0.793383023756908,0.07429610211509874,-0.14008493249454496,0.7823550585784357,0.06123231570378285,-0.14008493249454496,1.26502022979839,0.46868039648872206,-0.8272139328237533,1.2760481949768623,0.48174418290003795,-0.8272139328237533,0.793383023756908,0.07429610211509874,-0.8272139328237533,0.7823550585784357,0.06123231570378285,-0.8272139328237533,1.26502022979839 0.0038536328
7 0.5658101794399473,0.14184076065979007,1.1113441768858054,0.5631026585330644,0.14184076065979007,0.6690994548535392,0.13717558410985745,0.14184076065979007,0.6717070754793069,0.13988310501674026,0.14184076065979007,1.1139517975115731,0.5658101794399473,-0.5807972299571991,1.1113441768858054,0.5631026585330644,-0.5807972299571991,0.6690994548535392,0.13717558410985745,-0.5807972299571991,0.6717070754793069,0.13988310501674026,-0.5807972299571991,1.1139517975115731 0.023231555
7 0.7183693112417511,-0.07170596526154277,1.2279787166933724,0.7115006604852246,-0.07170596526154277,0.7177386714408746,0.32341223344361264,-0.07170596526154277,0.7229629651685051,0.3302808842001391,-0.07170596526154277,1.2332030104210028,0.7183693112417511,-0.798286290903008,1.2279787166933724,0.7115006604852246,-0.798286290903008,0.7177386714408746,0.32341223344361264,-0.798286290903008,0.7229629651685051,0.3302808842001391,-0.798286290903008,1.2332030104210028 0.010220639
7 -0.4883214634605537,-0.052848816857430925,1.0152043167367453,-0.4872943375730502,-0.052848816857430925,0.6628489776054225,-1.4858735400489678,-0.052848816857430925,0.6599380906805521,-1.4869006659364712,-0.052848816857430925,1.0122934298118749,-0.4883214634605537,-0.3202808489941621,1.0152043167367453,-0.4872943375730502,-0.3202808489941621,0.6628489776054225,-1.4858735400489678,-0.3202808489941621,0.6599380906805521,-1.4869006659364712,-0.3202808489941621,1.0122934298118749 0.018369824
7 -0.7001721732706905,-0.04916324729480506,1.0449393511754086,-0.6871788479058316,-0.04916324729480506,0.3217891949992196,-1.0981891281514287,-0.04916324729480506,0.31440429678143955,-1.1111824535162875,-0.04916324729480506,1.0375544529576286,-0.7001721732706905,-0.45416173820934536,1.0449393511754086,-0.6871788479058316,-0.45416173820934536,0.3217891949992196,-1.0981891281514287,-0.45416173820934536,0.31440429678143955,-1.1111824535162875,-0.45416173820934536,1.0375544529576286 0.0031611489
8 0.3976421988755162,-0.04264885460176465,0.8267881101211874,0.38317261286171567,-0.04264885460176465,0.41801600886109824,-0.007429066970914139,-0.04264885460176465,0.4318424040237101,0.007040519042886356,-0.04264885460176465,0.8406145052837992,0.3976421988755162,-0.7793222042437553,0.8267881101211874,0.38317261286171567,-0.7793222042437553,0.41801600886109824,-0.007429066970914139,-0.7793222042437553,0.4318424040237101,0.007040519042886356,-0.7793222042437553,0.8406145052837992 0.04117806
8 -0.6672247388385354,-0.2762029313706672,1.0010314107520282,-0.652161030474622,-0.2762029313706672,0.28112723100240045,-1.071200277564663,-0.2762029313706672,0.2723590015785992,-1.0862639859285763,-0.2762029313706672,0.992263181328227,-0.6672247388385354,-0.6681095218992913,1.0010314107520282,-0.652161030474622,-0.6681095218992913,0.28112723100240045,-1.071200277564663,-0.6681095218992913,0.2723590015785992,-1.0862639859285763,-0.6681095218992913,0.992263181328227 0.0016201535
8 0.48189560682857924,-0.24534195272632597,1.285116299265296,0.4981437468999651,-0.24534195272632597,0.6255133660141294,0.02350153415118761,-0.24534195272632597,0.613821402913659,0.007253394079801745,-0.24534195272632597,1.2734243361648256,0.48189560682857924,-0.7896860280781174,1.285116299265296,0.4981437468999651,-0.7896860280781174,0.6255133660141294,0.02350153415118761,-0.7896860280781174,0.613821402913659,0.007253394079801745,-0.7896860280781174,1.2734243361648256 0.003945147
8 -0.2645095675821927,0.03508474321655272,-0.5432295965237715,-0.2422367202509282,0.03508474321655272,-1.3179883273095543,-0.6524615794782016,0.03508474321655272,-1.3297815156893633,-0.674734426809466,0.03508474321655272,-0.5550227849035805,-0.2645095675821927,-0.2907390782385254,-0.5432295965237715,-0.2422367202509282,-0.2907390782385254,-1.3179883273095543,-0.6524615794782016,-0.2907390782385254,-1.3297815156893633,-0.674734426809466,-0.2907390782385254,-0.5550227849035805 0.0012037833
8 -0.13737719757034686,-0.11872376485177041,-0.7181336085826837,-0.12816944854227694,-0.11872376485177041,-1.4390834956363818,-0.5648950387768517,-0.11872376485177041,-1.4446612198322333,-0.5741027878049215,-0.11872376485177041,-0.7237113327785352,-0.13737719757034686,-0.4132296891658688,-0.7181336085826837,-0.12816944854227694,-0.4132296891658688,-1.4390834956363818,-0.5648950387768517,-0.4132296891658688,-1.4446612198322333,-0.5741027878049215,-0.4132296891658688,-0.7237113327785352 0.00017624779
8 -0.3687018084289756,-0.06816483831413747,-0.5843688048908677,-0.35159855454816136,-0.06816483831413747,-1.4962577263431416,-0.8182932210204873,-0.06816483831413747,-1.5050109825542006,-0.8353964749013015,-0.06816483831413747,-0.5931220611019268,-0.3687018084289756,-0.4773129692076826,-0.5843688048908677,-0.35159855454816136,-0.4773129692076826,-1.4962577263431416,-0.8182932210204873,-0.4773129692076826,-1.5050109825542006,-0.8353964749013015,-0.4773129692076826,-0.5931220611019268 0.0021494075
8 1.1197984359260509,-0.14015868243210675,0.3437337691288568,1.132545887127472,-0.14015868243210675,-0.3087161259803893,0.6391852953437855,-0.14015868243210675,-0.31835531837755215,0.6264378441423644,-0.14015868243210675,0.3340945767316939,1.1197984359260509,-0.5291981405354226,0.3437337691288568,1.132545887127472,-0.5291981405354226,-0.3087161259803893,0.6391852953437855,-0.5291981405354226,-0.31835531837755215,0.6264378441423644,-0.5291981405354226,0.3340945767316939 0.00022364472
8 -0.48231827913905045,0.02982103614253938,0.8771462118634843,-0.4784286205665169,0.02982103614253938,0.5777625762902282,-1.4050604134879028,0.02982103614253938,0.5657235705843306,-1.4089500720604362,0.02982103614253938,0.8651072061575867,-0.48231827913905045,-0.21875861076755465,0.8771462118634843,-0.4784286205665169,-0.21875861076755465,0.5777625762902282,-1.4050604134879028,-0.21875861076755465,0.5657235705843306,-1.4089500720604362,-0.21875861076755465,0.8651072061575867 0.013198223
8 0.332305294570046,0.17239633115789893,1.2412894717430558,0.31857258637320107,0.17239633115789893,0.8088441588138429,-0.03554461627872518,0.17239633115789893,0.8200894840980087,-0.02181190808188027,0.17239633115789893,1.2525347970272216,0.332305294570046,-0.5618635407354593,1.2412894717430558,0.31857258637320107,-0.5618635407354593,0.8088441588138429,-0.03554461627872518,-0.5618635407354593,0.8200894840980087,-0.02181190808188027,-0.5618635407354593,1.2525347970272216 0.02324308
8 0.46868039648872206,-0.14008493249454496,1.2760481949768623,0.48174418290003795,-0.14008493249454496,0.793383023756908,0.07429610211509874,-0.14008493249454496,0.7823550585784357,0.06123231570378285,-0.14008493249454496,1.26502022979839,0.46868039648872206,-0.8272139328237533,1.2760481949768623,0.48174418290003795,-0.8272139328237533,0.793383023756908,0.07429610211509874,-0.8272139328237533,0.7823550585784357,0.06123231570378285,-0.8272139328237533,1.26502022979839 0.0020466684
8 0.5658101794399473,0.14184076065979007,1.1113441768858054,0.5631026585330644,0.14184076065979007,0.6690994548535392,0.13717558410985745,0.14184076065979007,0.6717070754793069,0.13988310501674026,0.14184076065979007,1.1139517975115731,0.5658101794399473,-0.5807972299571991,1.1113441768858054,0.5631026585330644,-0.5807972299571991,0.6690994548535392,0.13717558410985745,-0.5807972299571991,0.6717070754793069,0.13988310501674026,-0.5807972299571991,1.1139517975115731 0.020763544
8 0.7183693112417511,-0.07170596526154277,1.2279787166933724,0.7115006604852246,-0.07170596526154277,0.7177386714408746,0.32341223344361264,-0.07170596526154277,0.7229629651685051,0.3302808842001391,-0.07170596526154277,1.2332030104210028,0.7183693112417511,-0.798286290903008,1.2279787166933724,0.7115006604852246,-0.798286290903008,0.7177386714408746,0.32341223344361264,-0.798286290903008,0.7229629651685051,0.3302808842001391,-0.798286290903008,1.2332030104210028 0.006445856
8 -0.4883214634605537,-0.052848816857430925,1.0152043167367453,-0.4872943375730502,-0.052848816857430925,0.6628489776054225,-1.4858735400489678,-0.052848816857430925,0.6599380906805521,-1.4869006659364712,-0.052848816857430925,1.0122934298118749,-0.4883214634605537,-0.3202808489941621,1.0152043167367453,-0.4872943375730502,-0.3202808489941621,0.6628489776054225,-1.4858735400489678,-0.3202808489941621,0.6599380906805521,-1.4869006659364712,-0.3202808489941621,1.0122934298118749 0.018488085
8 -0.7001721732706905,-0.04916324729480506,1.0449393511754086,-0.6871788479058316,-0.04916324729480506,0.3217891949992196,-1.0981891281514287,-0.04916324729480506,0.31440429678143955,-1.1111824535162875,-0.04916324729480506,1.0375544529576286,-0.7001721732706905,-0.45416173820934536,1.0449393511754086,-0.6871788479058316,-0.45416173820934536,0.3217891949992196,-1.0981891281514287,-0.45416173820934536,0.31440429678143955,-1.1111824535162875,-0.45416173820934536,1.0375544529576286 0.0033111814
9 0.3976421988755162,-0.04264885460176465,0.8267881101211874,0.38317261286171567,-0.04264885460176465,0.41801600886109824,-0.007429066970914139,-0.04264885460176465,0.4318424040237101,0.007040519042886356,-0.04264885460176465,0.8406145052837992,0.3976421988755162,-0.7793222042437553,0.8267881101211874,0.38317261286171567,-0.7793222042437553,0.41801600886109824,-0.007429066970914139,-0.7793222042437553,0.4318424040237101,0.007040519042886356,-0.7793222042437553,0.8406145052837992 0.079404876
9 -0.6672247388385354,-0.2762029313706672,1.0010314107520282,-0.652161030474622,-0.2762029313706672,0.28112723100240045,-1.071200277564663,-0.2762029313706672,0.2723590015785992,-1.0862639859285763,-0.2762029313706672,0.992263181328227,-0.6672247388385354,-0.6681095218992913,1.0010314107520282,-0.652161030474622,-0.6681095218992913,0.28112723100240045,-1.071200277564663,-0.6681095218992913,0.2723590015785992,-1.0862639859285763,-0.6681095218992913,0.992263181328227 0.91445535
9 0.48189560682857924,-0.24534195272632597,1.285116299265296,0.4981437468999651,-0.24534195272632597,0.6255133660141294,0.02350153415118761,-0.24534195272632597,0.613821402913659,0.007253394079801745,-0.24534195272632597,1.2734243361648256,0.48189560682857924,-0.7896860280781174,1.285116299265296,0.4981437468999651,-0.7896860280781174,0.6255133660141294,0.02350153415118761,-0.7896860280781174,0.613821402913659,0.007253394079801745,-0.7896860280781174,1.2734243361648256 0.51411384
9 -0.2645095675821927,0.03508474321655272,-0.5432295965237715,-0.2422367202509282,0.03508474321655272,-1.3179883273095543,-0.6524615794782016,0.03508474321655272,-1.3297815156893633,-0.674734426809466,0.03508474321655272,-0.5550227849035805,-0.2645095675821927,-0.2907390782385254,-0.5432295965237715,-0.2422367202509282,-0.2907390782385254,-1.3179883273095543,-0.6524615794782016,-0.2907390782385254,-1.3297815156893633,-0.674734426809466,-0.2907390782385254,-0.5550227849035805 0.9652247
9 -0.13737719757034686,-0.11872376485177041,-0.7181336085826837,-0.12816944854227694,-0.11872376485177041,-1.4390834956363818,-0.5648950387768517,-0.11872376485177041,-1.4446612198322333,-0.5741027878049215,-0.11872376485177041,-0.7237113327785352,-0.13737719757034686,-0.4132296891658688,-0.7181336085826837,-0.12816944854227694,-0.4132296891658688,-1.4390834956363818,-0.5648950387768517,-0.4132296891658688,-1.4446612198322333,-0.5741027878049215,-0.4132296891658688,-0.7237113327785352 0.98977005
9 -0.3687018084289756,-0.06816483831413747,-0.5843688048908677,-0.35159855454816136,-0.06816483831413747,-1.4962577263431416,-0.8182932210204873,-0.06816483831413747,-1.5050109825542006,-0.8353964749013015,-0.06816483831413747,-0.5931220611019268,-0.3687018084289756,-0.4773129692076826,-0.5843688048908677,-0.35159855454816136,-0.4773129692076826,-1.4962577263431416,-0.8182932210204873,-0.4773129692076826,-1.5050109825542006,-0.8353964749013015,-0.4773129692076826,-0.5931220611019268 0.9112976
9 1.1197984359260509,-0.14015868243210675,0.3437337691288568,1.132545887127472,-0.14015868243210675,-0.3087161259803893,0.6391852953437855,-0.14015868243210675,-0.31835531837755215,0.6264378441423644,-0.14015868243210675,0.3340945767316939,1.1197984359260509,-0.5291981405354226,0.3437337691288568,1.132545887127472,-0.5291981405354226,-0.3087161259803893,0.6391852953437855,-0.5291981405354226,-0.31835531837755215,0.6264378441423644,-0.5291981405354226,0.3340945767316939 0.98807526
9 -0.48231827913905045,0.02982103614253938,0.8771462118634843,-0.4784286205665169,0.02982103614253938,0.5777625762902282,-1.4050604134879028,0.02982103614253938,0.5657235705843306,-1.4089500720604362,0.02982103614253938,0.8651072061575867,-0.48231827913905045,-0.21875861076755465,0.8771462118634843,-0.4784286205665169,-0.21875861076755465,0.5777625762902282,-1.4050604134879028,-0.21875861076755465,0.5657235705843306,-1.4089500720604362,-0.21875861076755465,0.8651072061575867 0.18821412
9 0.332305294570046,0.17239633115789893,1.2412894717430558,0.31857258637320107,0.17239633115789893,0.8088441588138429,-0.03554461627872518,0.17239633115789893,0.8200894840980087,-0.02181190808188027,0.17239633115789893,1.2525347970272216,0.332305294570046,-0.5618635407354593,1.2412894717430558,0.31857258637320107,-0.5618635407354593,0.8088441588138429,-0.03554461627872518,-0.5618635407354593,0.8200894840980087,-0.02181190808188027,-0.5618635407354593,1.2525347970272216 0.16778658
9 0.46868039648872206,-0.14008493249454496,1.2760481949768623,0.48174418290003795,-0.14008493249454496,0.793383023756908,0.07429610211509874,-0.14008493249454496,0.7823550585784357,0.06123231570378285,-0.14008493249454496,1.26502022979839,0.46868039648872206,-0.8272139328237533,1.2760481949768623,0.48174418290003795,-0.8272139328237533,0.793383023756908,0.07429610211509874,-0.8272139328237533,0.7823550585784357,0.06123231570378285,-0.8272139328237533,1.26502022979839 0.20125124
9 0.5658101794399473,0.14184076065979007,1.1113441768858054,0.5631026585330644,0.14184076065979007,0.6690994548535392,0.13717558410985745,0.14184076065979007,0.6717070754793069,0.13988310501674026,0.14184076065979007,1.1139517975115731,0.5658101794399473,-0.5807972299571991,1.1113441768858054,0.5631026585330644,-0.5807972299571991,0.6690994548535392,0.13717558410985745,-0.5807972299571991,0.6717070754793069,0.13988310501674026,-0.5807972299571991,1.1139517975115731 0.20395096
9 0.7183693112417511,-0.07170596526154277,1.2279787166933724,0.7115006604852246,-0.07170596526154277,0.7177386714408746,0.32341223344361264,-0.07170596526154277,0.7229629651685051,0.3302808842001391,-0.07170596526154277,1.2332030104210028,0.7183693112417511,-0.798286290903008,1.2279787166933724,0.7115006604852246,-0.798286290903008,0.7177386714408746,0.32341223344361264,-0.798286290903008,0.7229629651685051,0.3302808842001391,-0.798286290903008,1.2332030104210028 0.1934146
9 -0.4883214634605537,-0.052848816857430925,1.0152043167367453,-0.4872943375730502,-0.052848816857430925,0.6628489776054225,-1.4858735400489678,-0.052848816857430925,0.6599380906805521,-1.4869006659364712,-0.052848816857430925,1.0122934298118749,-0.4883214634605537,-0.3202808489941621,1.0152043167367453,-0.4872943375730502,-0.3202808489941621,0.6628489776054225,-1.4858735400489678,-0.3202808489941621,0.6599380906805521,-1.4869006659364712,-0.3202808489941621,1.0122934298118749 0.07527932
9 -0.7001721732706905,-0.04916324729480506,1.0449393511754086,-0.6871788479058316,-0.04916324729480506,0.3217891949992196,-1.0981891281514287,-0.04916324729480506,0.31440429678143955,-1.1111824535162875,-0.04916324729480506,1.0375544529576286,-0.7001721732706905,-0.45416173820934536,1.0449393511754086,-0.6871788479058316,-0.45416173820934536,0.3217891949992196,-1.0981891281514287,-0.45416173820934536,0.31440429678143955,-1.1111824535162875,-0.45416173820934536,1.0375544529576286 0.8178771
