0 1.4142160214887438,0.02369218791685107,2.124489274716758,1.4225331210119496,0.02369218791685107,1.716295332048276,0.9505810938371839,0.02369218791685107,1.7066791384454736,0.9422639943139781,0.02369218791685107,2.1148730811139553,1.4142160214887438,-0.8751385184641838,2.124489274716758,1.4225331210119496,-0.8751385184641838,1.716295332048276,0.9505810938371839,-0.8751385184641838,1.7066791384454736,0.9422639943139781,-0.8751385184641838,2.1148730811139553 0.008607373
0 2.272421105511928,0.1402366785969496,2.47834174602562,2.270930663340405,0.1402366785969496,2.0963105906552366,1.830596701494908,0.1402366785969496,2.0980284932321926,1.8320871436664308,0.1402366785969496,2.480059648602576,2.272421105511928,-0.6652813582386732,2.47834174602562,2.270930663340405,-0.6652813582386732,2.0963105906552366,1.830596701494908,-0.6652813582386732,2.0980284932321926,1.8320871436664308,-0.6652813582386732,2.480059648602576 0.0023460877
0 1.9514817471936903,-0.06655180727281568,1.0318361483605456,1.9574143105239155,-0.06655180727281568,0.6341604743645121,1.4793368105455675,-0.06655180727281568,0.6270284689871717,1.4734042472153424,-0.06655180727281568,1.0247041429832051,1.9514817471936903,-0.8759585591670036,1.0318361483605456,1.9574143105239155,-0.8759585591670036,0.6341604743645121,1.4793368105455675,-0.8759585591670036,0.6270284689871717,1.4734042472153424,-0.8759585591670036,1.0247041429832051 0.0033390967
0 2.131806038826941,-0.1325215761844158,2.53763763286456,2.13926713197173,-0.1325215761844158,2.1372807513285794,1.6419008741674441,-0.1325215761844158,2.12801178119794,1.634439781022655,-0.1325215761844158,2.5283686627339206,2.131806038826941,-0.9458077485378742,2.53763763286456,2.13926713197173,-0.9458077485378742,2.1372807513285794,1.6419008741674441,-0.9458077485378742,2.12801178119794,1.634439781022655,-0.9458077485378742,2.5283686627339206 0.001303668
0 -0.19513691931106192,-0.07229850814560414,0.7810117583092525,-0.2027199556698478,-0.07229850814560414,0.4716704780214953,-1.2484937760319557,-0.07229850814560414,0.4973060507956669,-1.2409107396731698,-0.07229850814560414,0.8066473310834241,-0.19513691931106192,-0.2753405161120558,0.7810117583092525,-0.2027199556698478,-0.2753405161120558,0.4716704780214953,-1.2484937760319557,-0.2753405161120558,0.4973060507956669,-1.2409107396731698,-0.2753405161120558,0.8066473310834241 0.207241
0 1.1265429881334208,0.08027481764864221,1.0187001251316348,1.1294945083709238,0.08027481764864221,0.41867693893435226,0.3929930302381613,0.08027481764864221,0.41505408057210047,0.3900415100006582,0.08027481764864221,1.015077266769383,1.1265429881334208,-0.11680285364698663,1.0187001251316348,1.1294945083709238,-0.11680285364698663,0.41867693893435226,0.3929930302381613,-0.11680285364698663,0.41505408057210047,0.3900415100006582,-0.11680285364698663,1.015077266769383 0.96393454
0 -0.3012570387781666,-0.11796545045373917,0.9495977388576247,-0.30337678213967306,-0.11796545045373917,0.28986704980829403,-1.0773458235799267,-0.11796545045373917,0.29235384595835434,-1.0752260802184201,-0.11796545045373917,0.952084535007685,-0.3012570387781666,-0.29753444535734175,0.9495977388576247,-0.30337678213967306,-0.29753444535734175,0.28986704980829403,-1.0773458235799267,-0.29753444535734175,0.29235384595835434,-1.0752260802184201,-0.29753444535734175,0.952084535007685 0.58726436
0 1.2391758209490473,0.06294928218088153,1.990233507350688,1.2429827728238207,0.06294928218088153,1.4973784126248282,0.7570073360181157,0.06294928218088153,1.4936246011698198,0.7532003841433423,0.06294928218088153,1.9864796958956796,1.2391758209490473,-0.7918343963738441,1.990233507350688,1.2429827728238207,-0.7918343963738441,1.4973784126248282,0.7570073360181157,-0.7918343963738441,1.4936246011698198,0.7532003841433423,-0.7918343963738441,1.9864796958956796 0.00060103653
0 0.9126381762143823,-0.22760723431744573,-0.6106364745712954,0.9136252852409994,-0.22760723431744573,-0.9723310014829589,0.4878997914675025,-0.22760723431744573,-0.9734928589247983,0.48691268244088537,-0.22760723431744573,-0.6117983320131348,0.9126381762143823,-1.0565914074595928,-0.6106364745712954,0.9136252852409994,-1.0565914074595928,-0.9723310014829589,0.4878997914675025,-1.0565914074595928,-0.9734928589247983,0.48691268244088537,-1.0565914074595928,-0.6117983320131348 0.0064053056
0 -0.34634639142504453,0.15710798097850798,1.1172448964902895,-0.342713236288158,0.15710798097850798,0.4766631002916238,-1.1650470364237715,0.15710798097850798,0.4719991115739806,-1.168680191560658,0.15710798097850798,1.1125809077726463,-0.34634639142504453,-0.06668056739570617,1.1172448964902895,-0.342713236288158,-0.06668056739570617,0.4766631002916238,-1.1650470364237715,-0.06668056739570617,0.4719991115739806,-1.168680191560658,-0.06668056739570617,1.1125809077726463 0.53041965
0 2.0363822744689655,0.014300935965395,0.7860133670503037,2.044467109765777,0.014300935965395,0.38522693593824836,1.60530273453372,0.014300935965395,0.37636792433916166,1.5972178992369088,0.014300935965395,0.777154355451217,2.0363822744689655,-0.8569129640873432,0.7860133670503037,2.044467109765777,-0.8569129640873432,0.38522693593824836,1.60530273453372,-0.8569129640873432,0.37636792433916166,1.5972178992369088,-0.8569129640873432,0.777154355451217 0.00086619216
0 0.554174301379427,-0.25105528517075537,-1.4966812474244424,0.559301273156146,-0.25105528517075537,-2.3228336147882316,0.060609820133939674,-0.25105528517075537,-2.325928415585201,0.055482848357220726,-0.25105528517075537,-1.4997760482214122,0.554174301379427,-0.6015775354354763,-1.4966812474244424,0.559301273156146,-0.6015775354354763,-2.3228336147882316,0.060609820133939674,-0.6015775354354763,-2.325928415585201,0.055482848357220726,-0.6015775354354763,-1.4997760482214122 0.0003355891
0 2.282185021211779,0.1518860944252372,2.724336712324737,2.2894180846680574,0.1518860944252372,2.3209535179369496,1.8424048988321662,0.1518860944252372,2.3129381251691594,1.835171835375888,0.1518860944252372,2.716321319556947,2.282185021211779,-0.6298392899971366,2.724336712324737,2.2894180846680574,-0.6298392899971366,2.3209535179369496,1.8424048988321662,-0.6298392899971366,2.3129381251691594,1.835171835375888,-0.6298392899971366,2.716321319556947 0.0046883496
0 0.1233230223182652,-0.024593990472312574,1.2676093861010023,0.11407195732133879,-0.024593990472312574,0.6030586086197491,-0.5713472952369664,-0.024593990472312574,0.6126001790616564,-0.56209623024004,-0.024593990472312574,1.2771509565429096,0.1233230223182652,-0.22568513807917057,1.2676093861010023,0.11407195732133879,-0.22568513807917057,0.6030586086197491,-0.5713472952369664,-0.22568513807917057,0.6126001790616564,-0.56209623024004,-0.22568513807917057,1.2771509565429096 0.9562552
0 1.000063151645911,-0.06770735320785043,-0.3687307084486666,0.9972153300440867,-0.06770735320785043,-0.8165320853597224,0.4724344307896969,-0.06770735320785043,-0.8131947075440702,0.4752822523915213,-0.06770735320785043,-0.3653933306330144,1.000063151645911,-0.7849060362841844,-0.3687307084486666,0.9972153300440867,-0.7849060362841844,-0.8165320853597224,0.4724344307896969,-0.7849060362841844,-0.8131947075440702,0.4752822523915213,-0.7849060362841844,-0.3653933306330144 0.008851693
0 -0.06276950646033974,0.03781554527657151,1.1826127276792855,-0.0715507694228924,0.03781554527657151,0.4485009618963983,-0.8742883462847164,0.03781554527657151,0.4581031097993523,-0.8655070833221638,0.03781554527657151,1.1922148755822395,-0.06276950646033974,-0.1690823031224501,1.1826127276792855,-0.0715507694228924,-0.1690823031224501,0.4485009618963983,-0.8742883462847164,-0.1690823031224501,0.4581031097993523,-0.8655070833221638,-0.1690823031224501,1.1922148755822395 0.84352124
0 2.2845702462237183,0.10196457530221942,0.8984311154010324,2.294626082392851,0.10196457530221942,0.44654287670985443,1.7921080298382936,0.10196457530221942,0.43536037896847446,1.782052193669161,0.10196457530221942,0.8872486176596523,2.2845702462237183,-0.7059987607117653,0.8984311154010324,2.294626082392851,-0.7059987607117653,0.44654287670985443,1.7921080298382936,-0.7059987607117653,0.43536037896847446,1.782052193669161,-0.7059987607117653,0.8872486176596523 0.002812725
0 1.0451134916245532,-0.06479127571375996,0.9688576590096711,1.0468192454325314,-0.06479127571375996,0.3355137551571944,0.3579005722105908,-0.06479127571375996,0.33365832457187183,0.3561948184026128,-0.06479127571375996,0.9670022284243486,1.0451134916245532,-0.2624408169051823,0.9688576590096711,1.0468192454325314,-0.2624408169051823,0.3355137551571944,0.3579005722105908,-0.2624408169051823,0.33365832457187183,0.3561948184026128,-0.2624408169051823,0.9670022284243486 0.9385599
0 -0.02289061030147385,-0.04520752152345103,-0.7247412481434663,-0.01500383408022618,-0.04520752152345103,-1.082698786526018,-0.44439693013431714,-0.04520752152345103,-1.0921594819895903,-0.4522837063555648,-0.04520752152345103,-0.7342019436070386,-0.02289061030147385,-0.8022802857504137,-0.7247412481434663,-0.01500383408022618,-0.8022802857504137,-1.082698786526018,-0.44439693013431714,-0.8022802857504137,-1.0921594819895903,-0.4522837063555648,-0.8022802857504137,-0.7342019436070386 0.0011459404
0 2.109183240531074,0.015509621303892163,1.1868960150364245,2.1054382708938464,0.015509621303892163,0.7816885357595196,1.6458016151207813,0.015509621303892163,0.7859365455028211,1.6495465847580089,0.015509621303892163,1.191144024779726,2.109183240531074,-0.8144903341945171,1.1868960150364245,2.1054382708938464,-0.8144903341945171,0.7816885357595196,1.6458016151207813,-0.8144903341945171,0.7859365455028211,1.6495465847580089,-0.8144903341945171,1.191144024779726 0.002622133
1 1.4142160214887438,0.02369218791685107,2.124489274716758,1.4225331210119496,0.02369218791685107,1.716295332048276,0.9505810938371839,0.02369218791685107,1.7066791384454736,0.9422639943139781,0.02369218791685107,2.1148730811139553,1.4142160214887438,-0.8751385184641838,2.124489274716758,1.4225331210119496,-0.8751385184641838,1.716295332048276,0.9505810938371839,-0.8751385184641838,1.7066791384454736,0.9422639943139781,-0.8751385184641838,2.1148730811139553 0.0028920255
1 2.272421105511928,0.1402366785969496,2.47834174602562,2.270930663340405,0.1402366785969496,2.0963105906552366,1.830596701494908,0.1402366785969496,2.0980284932321926,1.8320871436664308,0.1402366785969496,2.480059648602576,2.272421105511928,-0.6652813582386732,2.47834174602562,2.270930663340405,-0.6652813582386732,2.0963105906552366,1.830596701494908,-0.6652813582386732,2.0980284932321926,1.8320871436664308,-0.6652813582386732,2.480059648602576 0.0009184569
1 1.9514817471936903,-0.06655180727281568,1.0318361483605456,1.9574143105239155,-0.06655180727281568,0.6341604743645121,1.4793368105455675,-0.06655180727281568,0.6270284689871717,1.4734042472153424,-0.06655180727281568,1.0247041429832051,1.9514817471936903,-0.8759585591670036,1.0318361483605456,1.9574143105239155,-0.8759585591670036,0.6341604743645121,1.4793368105455675,-0.8759585591670036,0.6270284689871717,1.4734042472153424,-0.8759585591670036,1.0247041429832051 0.0013519872
1 2.131806038826941,-0.1325215761844158,2.53763763286456,2.13926713197173,-0.1325215761844158,2.1372807513285794,1.6419008741674441,-0.1325215761844158,2.12801178119794,1.634439781022655,-0.1325215761844158,2.5283686627339206,2.131806038826941,-0.9458077485378742,2.53763763286456,2.13926713197173,-0.9458077485378742,2.1372807513285794,1.6419008741674441,-0.9458077485378742,2.12801178119794,1.634439781022655,-0.9458077485378742,2.5283686627339206 0.0003500616
1 -0.19513691931106192,-0.07229850814560414,0.7810117583092525,-0.2027199556698478,-0.07229850814560414,0.4716704780214953,-1.2484937760319557,-0.07229850814560414,0.4973060507956669,-1.2409107396731698,-0.07229850814560414,0.8066473310834241,-0.19513691931106192,-0.2753405161120558,0.7810117583092525,-0.2027199556698478,-0.2753405161120558,0.4716704780214953,-1.2484937760319557,-0.2753405161120558,0.4973060507956669,-1.2409107396731698,-0.2753405161120558,0.8066473310834241 0.44318756
1 1.1265429881334208,0.08027481764864221,1.0187001251316348,1.1294945083709238,0.08027481764864221,0.41867693893435226,0.3929930302381613,0.08027481764864221,0.41505408057210047,0.3900415100006582,0.08027481764864221,1.015077266769383,1.1265429881334208,-0.11680285364698663,1.0187001251316348,1.1294945083709238,-0.11680285364698663,0.41867693893435226,0.3929930302381613,-0.11680285364698663,0.41505408057210047,0.3900415100006582,-0.11680285364698663,1.015077266769383 0.0013433438
1 -0.3012570387781666,-0.11796545045373917,0.9495977388576247,-0.30337678213967306,-0.11796545045373917,0.28986704980829403,-1.0773458235799267,-0.11796545045373917,0.29235384595835434,-1.0752260802184201,-0.11796545045373917,0.952084535007685,-0.3012570387781666,-0.29753444535734175,0.9495977388576247,-0.30337678213967306,-0.29753444535734175,0.28986704980829403,-1.0773458235799267,-0.29753444535734175,0.29235384595835434,-1.0752260802184201,-0.29753444535734175,0.952084535007685 0.10435427
1 1.2391758209490473,0.06294928218088153,1.990233507350688,1.2429827728238207,0.06294928218088153,1.4973784126248282,0.7570073360181157,0.06294928218088153,1.4936246011698198,0.7532003841433423,0.06294928218088153,1.9864796958956796,1.2391758209490473,-0.7918343963738441,1.990233507350688,1.2429827728238207,-0.7918343963738441,1.4973784126248282,0.7570073360181157,-0.7918343963738441,1.4936246011698198,0.7532003841433423,-0.7918343963738441,1.9864796958956796 0.0001943199
1 0.9126381762143823,-0.22760723431744573,-0.6106364745712954,0.9136252852409994,-0.22760723431744573,-0.9723310014829589,0.4878997914675025,-0.22760723431744573,-0.9734928589247983,0.48691268244088537,-0.22760723431744573,-0.6117983320131348,0.9126381762143823,-1.0565914074595928,-0.6106364745712954,0.9136252852409994,-1.0565914074595928,-0.9723310014829589,0.4878997914675025,-1.0565914074595928,-0.9734928589247983,0.48691268244088537,-1.0565914074595928,-0.6117983320131348 0.0027357049
1 -0.34634639142504453,0.15710798097850798,1.1172448964902895,-0.342713236288158,0.15710798097850798,0.4766631002916238,-1.1650470364237715,0.15710798097850798,0.4719991115739806,-1.168680191560658,0.15710798097850798,1.1125809077726463,-0.34634639142504453,-0.06668056739570617,1.1172448964902895,-0.342713236288158,-0.06668056739570617,0.4766631002916238,-1.1650470364237715,-0.06668056739570617,0.4719991115739806,-1.168680191560658,-0.06668056739570617,1.1125809077726463 0.14791276
1 2.0363822744689655,0.014300935965395,0.7860133670503037,2.044467109765777,0.014300935965395,0.38522693593824836,1.60530273453372,0.014300935965395,0.37636792433916166,1.5972178992369088,0.014300935965395,0.777154355451217,2.0363822744689655,-0.8569129640873432,0.7860133670503037,2.044467109765777,-0.8569129640873432,0.38522693593824836,1.60530273453372,-0.8569129640873432,0.37636792433916166,1.5972178992369088,-0.8569129640873432,0.777154355451217 0.0004611097
1 0.554174301379427,-0.25105528517075537,-1.4966812474244424,0.559301273156146,-0.25105528517075537,-2.3228336147882316,0.060609820133939674,-0.25105528517075537,-2.325928415585201,0.055482848357220726,-0.25105528517075537,-1.4997760482214122,0.554174301379427,-0.6015775354354763,-1.4966812474244424,0.559301273156146,-0.6015775354354763,-2.3228336147882316,0.060609820133939674,-0.6015775354354763,-2.325928415585201,0.055482848357220726,-0.6015775354354763,-1.4997760482214122 0.0011476106
1 2.282185021211779,0.1518860944252372,2.724336712324737,2.2894180846680574,0.1518860944252372,2.3209535179369496,1.8424048988321662,0.1518860944252372,2.3129381251691594,1.835171835375888,0.1518860944252372,2.716321319556947,2.282185021211779,-0.6298392899971366,2.724336712324737,2.2894180846680574,-0.6298392899971366,2.3209535179369496,1.8424048988321662,-0.6298392899971366,2.3129381251691594,1.835171835375888,-0.6298392899971366,2.716321319556947 0.0013902172
1 0.1233230223182652,-0.024593990472312574,1.2676093861010023,0.11407195732133879,-0.024593990472312574,0.6030586086197491,-0.5713472952369664,-0.024593990472312574,0.6126001790616564,-0.56209623024004,-0.024593990472312574,1.2771509565429096,0.1233230223182652,-0.22568513807917057,1.2676093861010023,0.11407195732133879,-0.22568513807917057,0.6030586086197491,-0.5713472952369664,-0.22568513807917057,0.6126001790616564,-0.56209623024004,-0.22568513807917057,1.2771509565429096 0.0018254748
1 1.000063151645911,-0.06770735320785043,-0.3687307084486666,0.9972153300440867,-0.06770735320785043,-0.8165320853597224,0.4724344307896969,-0.06770735320785043,-0.8131947075440702,0.4752822523915213,-0.06770735320785043,-0.3653933306330144,1.000063151645911,-0.7849060362841844,-0.3687307084486666,0.9972153300440867,-0.7849060362841844,-0.8165320853597224,0.4724344307896969,-0.7849060362841844,-0.8131947075440702,0.4752822523915213,-0.7849060362841844,-0.3653933306330144 0.0040115067
1 -0.06276950646033974,0.03781554527657151,1.1826127276792855,-0.0715507694228924,0.03781554527657151,0.4485009618963983,-0.8742883462847164,0.03781554527657151,0.4581031097993523,-0.8655070833221638,0.03781554527657151,1.1922148755822395,-0.06276950646033974,-0.1690823031224501,1.1826127276792855,-0.0715507694228924,-0.1690823031224501,0.4485009618963983,-0.8742883462847164,-0.1690823031224501,0.4581031097993523,-0.8655070833221638,-0.1690823031224501,1.1922148755822395 0.020282568
1 2.2845702462237183,0.10196457530221942,0.8984311154010324,2.294626082392851,0.10196457530221942,0.44654287670985443,1.7921080298382936,0.10196457530221942,0.43536037896847446,1.782052193669161,0.10196457530221942,0.8872486176596523,2.2845702462237183,-0.7059987607117653,0.8984311154010324,2.294626082392851,-0.7059987607117653,0.44654287670985443,1.7921080298382936,-0.7059987607117653,0.43536037896847446,1.782052193669161,-0.7059987607117653,0.8872486176596523 0.0011736897
1 1.0451134916245532,-0.06479127571375996,0.9688576590096711,1.0468192454325314,-0.06479127571375996,0.3355137551571944,0.3579005722105908,-0.06479127571375996,0.33365832457187183,0.3561948184026128,-0.06479127571375996,0.9670022284243486,1.0451134916245532,-0.2624408169051823,0.9688576590096711,1.0468192454325314,-0.2624408169051823,0.3355137551571944,0.3579005722105908,-0.2624408169051823,0.33365832457187183,0.3561948184026128,-0.2624408169051823,0.9670022284243486 0.0020456538
1 -0.02289061030147385,-0.04520752152345103,-0.7247412481434663,-0.01500383408022618,-0.04520752152345103,-1.082698786526018,-0.44439693013431714,-0.04520752152345103,-1.0921594819895903,-0.4522837063555648,-0.04520752152345103,-0.7342019436070386,-0.02289061030147385,-0.8022802857504137,-0.7247412481434663,-0.01500383408022618,-0.8022802857504137,-1.082698786526018,-0.44439693013431714,-0.8022802857504137,-1.0921594819895903,-0.4522837063555648,-0.8022802857504137,-0.7342019436070386 0.00029818958
1 2.109183240531074,0.015509621303892163,1.1868960150364245,2.1054382708938464,0.015509621303892163,0.7816885357595196,1.6458016151207813,0.015509621303892163,0.7859365455028211,1.6495465847580089,0.015509621303892163,1.191144024779726,2.109183240531074,-0.8144903341945171,1.1868960150364245,2.1054382708938464,-0.8144903341945171,0.7816885357595196,1.6458016151207813,-0.8144903341945171,0.7859365455028211,1.6495465847580089,-0.8144903341945171,1.191144024779726 0.0008964864
2 1.4142160214887438,0.02369218791685107,2.124489274716758,1.4225331210119496,0.02369218791685107,1.716295332048276,0.9505810938371839,0.02369218791685107,1.7066791384454736,0.9422639943139781,0.02369218791685107,2.1148730811139553,1.4142160214887438,-0.8751385184641838,2.124489274716758,1.4225331210119496,-0.8751385184641838,1.716295332048276,0.9505810938371839,-0.8751385184641838,1.7066791384454736,0.9422639943139781,-0.8751385184641838,2.1148730811139553 0.7657542
2 2.272421105511928,0.1402366785969496,2.47834174602562,2.270930663340405,0.1402366785969496,2.0963105906552366,1.830596701494908,0.1402366785969496,2.0980284932321926,1.8320871436664308,0.1402366785969496,2.480059648602576,2.272421105511928,-0.6652813582386732,2.47834174602562,2.270930663340405,-0.6652813582386732,2.0963105906552366,1.830596701494908,-0.6652813582386732,2.0980284932321926,1.8320871436664308,-0.6652813582386732,2.480059648602576 0.96294415
2 1.9514817471936903,-0.06655180727281568,1.0318361483605456,1.9574143105239155,-0.06655180727281568,0.6341604743645121,1.4793368105455675,-0.06655180727281568,0.6270284689871717,1.4734042472153424,-0.06655180727281568,1.0247041429832051,1.9514817471936903,-0.8759585591670036,1.0318361483605456,1.9574143105239155,-0.8759585591670036,0.6341604743645121,1.4793368105455675,-0.8759585591670036,0.6270284689871717,1.4734042472153424,-0.8759585591670036,1.0247041429832051 0.94269776
2 2.131806038826941,-0.1325215761844158,2.53763763286456,2.13926713197173,-0.1325215761844158,2.1372807513285794,1.6419008741674441,-0.1325215761844158,2.12801178119794,1.634439781022655,-0.1325215761844158,2.5283686627339206,2.131806038826941,-0.9458077485378742,2.53763763286456,2.13926713197173,-0.9458077485378742,2.1372807513285794,1.6419008741674441,-0.9458077485378742,2.12801178119794,1.634439781022655,-0.9458077485378742,2.5283686627339206 0.9796168
2 -0.19513691931106192,-0.07229850814560414,0.7810117583092525,-0.2027199556698478,-0.07229850814560414,0.4716704780214953,-1.2484937760319557,-0.07229850814560414,0.4973060507956669,-1.2409107396731698,-0.07229850814560414,0.8066473310834241,-0.19513691931106192,-0.2753405161120558,0.7810117583092525,-0.2027199556698478,-0.2753405161120558,0.4716704780214953,-1.2484937760319557,-0.2753405161120558,0.4973060507956669,-1.2409107396731698,-0.2753405161120558,0.8066473310834241 0.009940693
2 1.1265429881334208,0.08027481764864221,1.0187001251316348,1.1294945083709238,0.08027481764864221,0.41867693893435226,0.3929930302381613,0.08027481764864221,0.41505408057210047,0.3900415100006582,0.08027481764864221,1.015077266769383,1.1265429881334208,-0.11680285364698663,1.0187001251316348,1.1294945083709238,-0.11680285364698663,0.41867693893435226,0.3929930302381613,-0.11680285364698663,0.41505408057210047,0.3900415100006582,-0.11680285364698663,1.015077266769383 0.0013685214
2 -0.3012570387781666,-0.11796545045373917,0.9495977388576247,-0.30337678213967306,-0.11796545045373917,0.28986704980829403,-1.0773458235799267,-0.11796545045373917,0.29235384595835434,-1.0752260802184201,-0.11796545045373917,0.952084535007685,-0.3012570387781666,-0.29753444535734175,0.9495977388576247,-0.30337678213967306,-0.29753444535734175,0.28986704980829403,-1.0773458235799267,-0.29753444535734175,0.29235384595835434,-1.0752260802184201,-0.29753444535734175,0.952084535007685 0.009138201
2 1.2391758209490473,0.06294928218088153,1.990233507350688,1.2429827728238207,0.06294928218088153,1.4973784126248282,0.7570073360181157,0.06294928218088153,1.4936246011698198,0.7532003841433423,0.06294928218088153,1.9864796958956796,1.2391758209490473,-0.7918343963738441,1.990233507350688,1.2429827728238207,-0.7918343963738441,1.4973784126248282,0.7570073360181157,-0.7918343963738441,1.4936246011698198,0.7532003841433423,-0.7918343963738441,1.9864796958956796 0.9869326
2 0.9126381762143823,-0.22760723431744573,-0.6106364745712954,0.9136252852409994,-0.22760723431744573,-0.9723310014829589,0.4878997914675025,-0.22760723431744573,-0.9734928589247983,0.48691268244088537,-0.22760723431744573,-0.6117983320131348,0.9126381762143823,-1.0565914074595928,-0.6106364745712954,0.9136252852409994,-1.0565914074595928,-0.9723310014829589,0.4878997914675025,-1.0565914074595928,-0.9734928589247983,0.48691268244088537,-1.0565914074595928,-0.6117983320131348 0.88406956
2 -0.34634639142504453,0.15710798097850798,1.1172448964902895,-0.342713236288158,0.15710798097850798,0.4766631002916238,-1.1650470364237715,0.15710798097850798,0.4719991115739806,-1.168680191560658,0.15710798097850798,1.1125809077726463,-0.34634639142504453,-0.06668056739570617,1.1172448964902895,-0.342713236288158,-0.06668056739570617,0.4766631002916238,-1.1650470364237715,-0.06668056739570617,0.4719991115739806,-1.168680191560658,-0.06668056739570617,1.1125809077726463 0.0123006115
2 2.0363822744689655,0.014300935965395,0.7860133670503037,2.044467109765777,0.014300935965395,0.38522693593824836,1.60530273453372,0.014300935965395,0.37636792433916166,1.5972178992369088,0.014300935965395,0.777154355451217,2.0363822744689655,-0.8569129640873432,0.7860133670503037,2.044467109765777,-0.8569129640873432,0.38522693593824836,1.60530273453372,-0.8569129640873432,0.37636792433916166,1.5972178992369088,-0.8569129640873432,0.777154355451217 0.97948074
2 0.554174301379427,-0.25105528517075537,-1.4966812474244424,0.559301273156146,-0.25105528517075537,-2.3228336147882316,0.060609820133939674,-0.25105528517075537,-2.325928415585201,0.055482848357220726,-0.25105528517075537,-1.4997760482214122,0.554174301379427,-0.6015775354354763,-1.4966812474244424,0.559301273156146,-0.6015775354354763,-2.3228336147882316,0.060609820133939674,-0.6015775354354763,-2.325928415585201,0.055482848357220726,-0.6015775354354763,-1.4997760482214122 0.0029021245
2 2.282185021211779,0.1518860944252372,2.724336712324737,2.2894180846680574,0.1518860944252372,2.3209535179369496,1.8424048988321662,0.1518860944252372,2.3129381251691594,1.835171835375888,0.1518860944252372,2.716321319556947,2.282185021211779,-0.6298392899971366,2.724336712324737,2.2894180846680574,-0.6298392899971366,2.3209535179369496,1.8424048988321662,-0.6298392899971366,2.3129381251691594,1.835171835375888,-0.6298392899971366,2.716321319556947 0.93969935
2 0.1233230223182652,-0.024593990472312574,1.2676093861010023,0.11407195732133879,-0.024593990472312574,0.6030586086197491,-0.5713472952369664,-0.024593990472312574,0.6126001790616564,-0.56209623024004,-0.024593990472312574,1.2771509565429096,0.1233230223182652,-0.22568513807917057,1.2676093861010023,0.11407195732133879,-0.22568513807917057,0.6030586086197491,-0.5713472952369664,-0.22568513807917057,0.6126001790616564,-0.56209623024004,-0.22568513807917057,1.2771509565429096 0.0016005074
2 1.000063151645911,-0.06770735320785043,-0.3687307084486666,0.9972153300440867,-0.06770735320785043,-0.8165320853597224,0.4724344307896969,-0.06770735320785043,-0.8131947075440702,0.4752822523915213,-0.06770735320785043,-0.3653933306330144,1.000063151645911,-0.7849060362841844,-0.3687307084486666,0.9972153300440867,-0.7849060362841844,-0.8165320853597224,0.4724344307896969,-0.7849060362841844,-0.8131947075440702,0.4752822523915213,-0.7849060362841844,-0.3653933306330144 0.8069934
2 -0.06276950646033974,0.03781554527657151,1.1826127276792855,-0.0715507694228924,0.03781554527657151,0.4485009618963983,-0.8742883462847164,0.03781554527657151,0.4581031097993523,-0.8655070833221638,0.03781554527657151,1.1922148755822395,-0.06276950646033974,-0.1690823031224501,1.1826127276792855,-0.0715507694228924,-0.1690823031224501,0.4485009618963983,-0.8742883462847164,-0.1690823031224501,0.4581031097993523,-0.8655070833221638,-0.1690823031224501,1.1922148755822395 0.011602018
2 2.2845702462237183,0.10196457530221942,0.8984311154010324,2.294626082392851,0.10196457530221942,0.44654287670985443,1.7921080298382936,0.10196457530221942,0.43536037896847446,1.782052193669161,0.10196457530221942,0.8872486176596523,2.2845702462237183,-0.7059987607117653,0.8984311154010324,2.294626082392851,-0.7059987607117653,0.44654287670985443,1.7921080298382936,-0.7059987607117653,0.43536037896847446,1.782052193669161,-0.7059987607117653,0.8872486176596523 0.94010544
2 1.0451134916245532,-0.06479127571375996,0.9688576590096711,1.0468192454325314,-0.06479127571375996,0.3355137551571944,0.3579005722105908,-0.06479127571375996,0.33365832457187183,0.3561948184026128,-0.06479127571375996,0.9670022284243486,1.0451134916245532,-0.2624408169051823,0.9688576590096711,1.0468192454325314,-0.2624408169051823,0.3355137551571944,0.3579005722105908,-0.2624408169051823,0.33365832457187183,0.3561948184026128,-0.2624408169051823,0.9670022284243486 0.0020290888
2 -0.02289061030147385,-0.04520752152345103,-0.7247412481434663,-0.01500383408022618,-0.04520752152345103,-1.082698786526018,-0.44439693013431714,-0.04520752152345103,-1.0921594819895903,-0.4522837063555648,-0.04520752152345103,-0.7342019436070386,-0.02289061030147385,-0.8022802857504137,-0.7247412481434663,-0.01500383408022618,-0.8022802857504137,-1.082698786526018,-0.44439693013431714,-0.8022802857504137,-1.0921594819895903,-0.4522837063555648,-0.8022802857504137,-0.7342019436070386 0.9839441
2 2.109183240531074,0.015509621303892163,1.1868960150364245,2.1054382708938464,0.015509621303892163,0.7816885357595196,1.6458016151207813,0.015509621303892163,0.7859365455028211,1.6495465847580089,0.015509621303892163,1.191144024779726,2.109183240531074,-0.8144903341945171,1.1868960150364245,2.1054382708938464,-0.8144903341945171,0.7816885357595196,1.6458016151207813,-0.8144903341945171,0.7859365455028211,1.6495465847580089,-0.8144903341945171,1.191144024779726 0.95992297
3 1.4142160214887438,0.02369218791685107,2.124489274716758,1.4225331210119496,0.02369218791685107,1.716295332048276,0.9505810938371839,0.02369218791685107,1.7066791384454736,0.9422639943139781,0.02369218791685107,2.1148730811139553,1.4142160214887438,-0.8751385184641838,2.124489274716758,1.4225331210119496,-0.8751385184641838,1.716295332048276,0.9505810938371839,-0.8751385184641838,1.7066791384454736,0.9422639943139781,-0.8751385184641838,2.1148730811139553 0.067573205
3 2.272421105511928,0.1402366785969496,2.47834174602562,2.270930663340405,0.1402366785969496,2.0963105906552366,1.830596701494908,0.1402366785969496,2.0980284932321926,1.8320871436664308,0.1402366785969496,2.480059648602576,2.272421105511928,-0.6652813582386732,2.47834174602562,2.270930663340405,-0.6652813582386732,2.0963105906552366,1.830596701494908,-0.6652813582386732,2.0980284932321926,1.8320871436664308,-0.6652813582386732,2.480059648602576 0.0052759848
3 1.9514817471936903,-0.06655180727281568,1.0318361483605456,1.9574143105239155,-0.06655180727281568,0.6341604743645121,1.4793368105455675,-0.06655180727281568,0.6270284689871717,1.4734042472153424,-0.06655180727281568,1.0247041429832051,1.9514817471936903,-0.8759585591670036,1.0318361483605456,1.9574143105239155,-0.8759585591670036,0.6341604743645121,1.4793368105455675,-0.8759585591670036,0.6270284689871717,1.4734042472153424,-0.8759585591670036,1.0247041429832051 0.0046404856
3 2.131806038826941,-0.1325215761844158,2.53763763286456,2.13926713197173,-0.1325215761844158,2.1372807513285794,1.6419008741674441,-0.1325215761844158,2.12801178119794,1.634439781022655,-0.1325215761844158,2.5283686627339206,2.131806038826941,-0.9458077485378742,2.53763763286456,2.13926713197173,-0.9458077485378742,2.1372807513285794,1.6419008741674441,-0.9458077485378742,2.12801178119794,1.634439781022655,-0.9458077485378742,2.5283686627339206 0.0033178222
3 -0.19513691931106192,-0.07229850814560414,0.7810117583092525,-0.2027199556698478,-0.07229850814560414,0.4716704780214953,-1.2484937760319557,-0.07229850814560414,0.4973060507956669,-1.2409107396731698,-0.07229850814560414,0.8066473310834241,-0.19513691931106192,-0.2753405161120558,0.7810117583092525,-0.2027199556698478,-0.2753405161120558,0.4716704780214953,-1.2484937760319557,-0.2753405161120558,0.4973060507956669,-1.2409107396731698,-0.2753405161120558,0.8066473310834241 0.008779588
3 1.1265429881334208,0.08027481764864221,1.0187001251316348,1.1294945083709238,0.08027481764864221,0.41867693893435226,0.3929930302381613,0.08027481764864221,0.41505408057210047,0.3900415100006582,0.08027481764864221,1.015077266769383,1.1265429881334208,-0.11680285364698663,1.0187001251316348,1.1294945083709238,-0.11680285364698663,0.41867693893435226,0.3929930302381613,-0.11680285364698663,0.41505408057210047,0.3900415100006582,-0.11680285364698663,1.015077266769383 0.0020030153
3 -0.3012570387781666,-0.11796545045373917,0.9495977388576247,-0.30337678213967306,-0.11796545045373917,0.28986704980829403,-1.0773458235799267,-0.11796545045373917,0.29235384595835434,-1.0752260802184201,-0.11796545045373917,0.952084535007685,-0.3012570387781666,-0.29753444535734175,0.9495977388576247,-0.30337678213967306,-0.29753444535734175,0.28986704980829403,-1.0773458235799267,-0.29753444535734175,0.29235384595835434,-1.0752260802184201,-0.29753444535734175,0.952084535007685 0.016439823
3 1.2391758209490473,0.06294928218088153,1.990233507350688,1.2429827728238207,0.06294928218088153,1.4973784126248282,0.7570073360181157,0.06294928218088153,1.4936246011698198,0.7532003841433423,0.06294928218088153,1.9864796958956796,1.2391758209490473,-0.7918343963738441,1.990233507350688,1.2429827728238207,-0.7918343963738441,1.4973784126248282,0.7570073360181157,-0.7918343963738441,1.4936246011698198,0.7532003841433423,-0.7918343963738441,1.9864796958956796 0.00088628166
3 0.9126381762143823,-0.22760723431744573,-0.6106364745712954,0.9136252852409994,-0.22760723431744573,-0.9723310014829589,0.4878997914675025,-0.22760723431744573,-0.9734928589247983,0.48691268244088537,-0.22760723431744573,-0.6117983320131348,0.9126381762143823,-1.0565914074595928,-0.6106364745712954,0.9136252852409994,-1.0565914074595928,-0.9723310014829589,0.4878997914675025,-1.0565914074595928,-0.9734928589247983,0.48691268244088537,-1.0565914074595928,-0.6117983320131348 0.019474613
3 -0.34634639142504453,0.15710798097850798,1.1172448964902895,-0.342713236288158,0.15710798097850798,0.4766631002916238,-1.1650470364237715,0.15710798097850798,0.4719991115739806,-1.168680191560658,0.15710798097850798,1.1125809077726463,-0.34634639142504453,-0.06668056739570617,1.1172448964902895,-0.342713236288158,-0.06668056739570617,0.4766631002916238,-1.1650470364237715,-0.06668056739570617,0.4719991115739806,-1.168680191560658,-0.06668056739570617,1.1125809077726463 0.0143577475
3 2.0363822744689655,0.014300935965395,0.7860133670503037,2.044467109765777,0.014300935965395,0.38522693593824836,1.60530273453372,0.014300935965395,0.37636792433916166,1.5972178992369088,0.014300935965395,0.777154355451217,2.0363822744689655,-0.8569129640873432,0.7860133670503037,2.044467109765777,-0.8569129640873432,0.38522693593824836,1.60530273453372,-0.8569129640873432,0.37636792433916166,1.5972178992369088,-0.8569129640873432,0.777154355451217 0.0022773303
3 0.554174301379427,-0.25105528517075537,-1.4966812474244424,0.559301273156146,-0.25105528517075537,-2.3228336147882316,0.060609820133939674,-0.25105528517075537,-2.325928415585201,0.055482848357220726,-0.25105528517075537,-1.4997760482214122,0.554174301379427,-0.6015775354354763,-1.4966812474244424,0.559301273156146,-0.6015775354354763,-2.3228336147882316,0.060609820133939674,-0.6015775354354763,-2.325928415585201,0.055482848357220726,-0.6015775354354763,-1.4997760482214122 0.00023764976
3 2.282185021211779,0.1518860944252372,2.724336712324737,2.2894180846680574,0.1518860944252372,2.3209535179369496,1.8424048988321662,0.1518860944252372,2.3129381251691594,1.835171835375888,0.1518860944252372,2.716321319556947,2.282185021211779,-0.6298392899971366,2.724336712324737,2.2894180846680574,-0.6298392899971366,2.3209535179369496,1.8424048988321662,-0.6298392899971366,2.3129381251691594,1.835171835375888,-0.6298392899971366,2.716321319556947 0.008552217
3 0.1233230223182652,-0.024593990472312574,1.2676093861010023,0.11407195732133879,-0.024593990472312574,0.6030586086197491,-0.5713472952369664,-0.024593990472312574,0.6126001790616564,-0.56209623024004,-0.024593990472312574,1.2771509565429096,0.1233230223182652,-0.22568513807917057,1.2676093861010023,0.11407195732133879,-0.22568513807917057,0.6030586086197491,-0.5713472952369664,-0.22568513807917057,0.6126001790616564,-0.56209623024004,-0.22568513807917057,1.2771509565429096 0.002488835
3 1.000063151645911,-0.06770735320785043,-0.3687307084486666,0.9972153300440867,-0.06770735320785043,-0.8165320853597224,0.4724344307896969,-0.06770735320785043,-0.8131947075440702,0.4752822523915213,-0.06770735320785043,-0.3653933306330144,1.000063151645911,-0.7849060362841844,-0.3687307084486666,0.9972153300440867,-0.7849060362841844,-0.8165320853597224,0.4724344307896969,-0.7849060362841844,-0.8131947075440702,0.4752822523915213,-0.7849060362841844,-0.3653933306330144 0.0069851414
3 -0.06276950646033974,0.03781554527657151,1.1826127276792855,-0.0715507694228924,0.03781554527657151,0.4485009618963983,-0.8742883462847164,0.03781554527657151,0.4581031097993523,-0.8655070833221638,0.03781554527657151,1.1922148755822395,-0.06276950646033974,-0.1690823031224501,1.1826127276792855,-0.0715507694228924,-0.1690823031224501,0.4485009618963983,-0.8742883462847164,-0.1690823031224501,0.4581031097993523,-0.8655070833221638,-0.1690823031224501,1.1922148755822395 0.0043620933
3 2.2845702462237183,0.10196457530221942,0.8984311154010324,2.294626082392851,0.10196457530221942,0.44654287670985443,1.7921080298382936,0.10196457530221942,0.43536037896847446,1.782052193669161,0.10196457530221942,0.8872486176596523,2.2845702462237183,-0.7059987607117653,0.8984311154010324,2.294626082392851,-0.7059987607117653,0.44654287670985443,1.7921080298382936,-0.7059987607117653,0.43536037896847446,1.782052193669161,-0.7059987607117653,0.8872486176596523 0.0034932063
3 1.0451134916245532,-0.06479127571375996,0.9688576590096711,1.0468192454325314,-0.06479127571375996,0.3355137551571944,0.3579005722105908,-0.06479127571375996,0.33365832457187183,0.3561948184026128,-0.06479127571375996,0.9670022284243486,1.0451134916245532,-0.2624408169051823,0.9688576590096711,1.0468192454325314,-0.2624408169051823,0.3355137551571944,0.3579005722105908,-0.2624408169051823,0.33365832457187183,0.3561948184026128,-0.2624408169051823,0.9670022284243486 0.005182651
3 -0.02289061030147385,-0.04520752152345103,-0.7247412481434663,-0.01500383408022618,-0.04520752152345103,-1.082698786526018,-0.44439693013431714,-0.04520752152345103,-1.0921594819895903,-0.4522837063555648,-0.04520752152345103,-0.7342019436070386,-0.02289061030147385,-0.8022802857504137,-0.7247412481434663,-0.01500383408022618,-0.8022802857504137,-1.082698786526018,-0.44439693013431714,-0.8022802857504137,-1.0921594819895903,-0.4522837063555648,-0.8022802857504137,-0.7342019436070386 0.001103882
3 2.109183240531074,0.015509621303892163,1.1868960150364245,2.1054382708938464,0.015509621303892163,0.7816885357595196,1.6458016151207813,0.015509621303892163,0.7859365455028211,1.6495465847580089,0.015509621303892163,1.191144024779726,2.109183240531074,-0.8144903341945171,1.1868960150364245,2.1054382708938464,-0.8144903341945171,0.7816885357595196,1.6458016151207813,-0.8144903341945171,0.7859365455028211,1.6495465847580089,-0.8144903341945171,1.191144024779726 0.002197347
4 1.4142160214887438,0.02369218791685107,2.124489274716758,1.4225331210119496,0.02369218791685107,1.716295332048276,0.9505810938371839,0.02369218791685107,1.7066791384454736,0.9422639943139781,0.02369218791685107,2.1148730811139553,1.4142160214887438,-0.8751385184641838,2.124489274716758,1.4225331210119496,-0.8751385184641838,1.716295332048276,0.9505810938371839,-0.8751385184641838,1.7066791384454736,0.9422639943139781,-0.8751385184641838,2.1148730811139553 0.023809493
4 2.272421105511928,0.1402366785969496,2.47834174602562,2.270930663340405,0.1402366785969496,2.0963105906552366,1.830596701494908,0.1402366785969496,2.0980284932321926,1.8320871436664308,0.1402366785969496,2.480059648602576,2.272421105511928,-0.6652813582386732,2.47834174602562,2.270930663340405,-0.6652813582386732,2.0963105906552366,1.830596701494908,-0.6652813582386732,2.0980284932321926,1.8320871436664308,-0.6652813582386732,2.480059648602576 0.0015498378
4 1.9514817471936903,-0.06655180727281568,1.0318361483605456,1.9574143105239155,-0.06655180727281568,0.6341604743645121,1.4793368105455675,-0.06655180727281568,0.6270284689871717,1.4734042472153424,-0.06655180727281568,1.0247041429832051,1.9514817471936903,-0.8759585591670036,1.0318361483605456,1.9574143105239155,-0.8759585591670036,0.6341604743645121,1.4793368105455675,-0.8759585591670036,0.6270284689871717,1.4734042472153424,-0.8759585591670036,1.0247041429832051 0.0018154976
4 2.131806038826941,-0.1325215761844158,2.53763763286456,2.13926713197173,-0.1325215761844158,2.1372807513285794,1.6419008741674441,-0.1325215761844158,2.12801178119794,1.634439781022655,-0.1325215761844158,2.5283686627339206,2.131806038826941,-0.9458077485378742,2.53763763286456,2.13926713197173,-0.9458077485378742,2.1372807513285794,1.6419008741674441,-0.9458077485378742,2.12801178119794,1.634439781022655,-0.9458077485378742,2.5283686627339206 0.00078566035
4 -0.19513691931106192,-0.07229850814560414,0.7810117583092525,-0.2027199556698478,-0.07229850814560414,0.4716704780214953,-1.2484937760319557,-0.07229850814560414,0.4973060507956669,-1.2409107396731698,-0.07229850814560414,0.8066473310834241,-0.19513691931106192,-0.2753405161120558,0.7810117583092525,-0.2027199556698478,-0.2753405161120558,0.4716704780214953,-1.2484937760319557,-0.2753405161120558,0.4973060507956669,-1.2409107396731698,-0.2753405161120558,0.8066473310834241 0.014409908
4 1.1265429881334208,0.08027481764864221,1.0187001251316348,1.1294945083709238,0.08027481764864221,0.41867693893435226,0.3929930302381613,0.08027481764864221,0.41505408057210047,0.3900415100006582,0.08027481764864221,1.015077266769383,1.1265429881334208,-0.11680285364698663,1.0187001251316348,1.1294945083709238,-0.11680285364698663,0.41867693893435226,0.3929930302381613,-0.11680285364698663,0.41505408057210047,0.3900415100006582,-0.11680285364698663,1.015077266769383 0.0022889273
4 -0.3012570387781666,-0.11796545045373917,0.9495977388576247,-0.30337678213967306,-0.11796545045373917,0.28986704980829403,-1.0773458235799267,-0.11796545045373917,0.29235384595835434,-1.0752260802184201,-0.11796545045373917,0.952084535007685,-0.3012570387781666,-0.29753444535734175,0.9495977388576247,-0.30337678213967306,-0.29753444535734175,0.28986704980829403,-1.0773458235799267,-0.29753444535734175,0.29235384595835434,-1.0752260802184201,-0.29753444535734175,0.952084535007685 0.01881282
4 1.2391758209490473,0.06294928218088153,1.990233507350688,1.2429827728238207,0.06294928218088153,1.4973784126248282,0.7570073360181157,0.06294928218088153,1.4936246011698198,0.7532003841433423,0.06294928218088153,1.9864796958956796,1.2391758209490473,-0.7918343963738441,1.990233507350688,1.2429827728238207,-0.7918343963738441,1.4973784126248282,0.7570073360181157,-0.7918343963738441,1.4936246011698198,0.7532003841433423,-0.7918343963738441,1.9864796958956796 0.00027820896
4 0.9126381762143823,-0.22760723431744573,-0.6106364745712954,0.9136252852409994,-0.22760723431744573,-0.9723310014829589,0.4878997914675025,-0.22760723431744573,-0.9734928589247983,0.48691268244088537,-0.22760723431744573,-0.6117983320131348,0.9126381762143823,-1.0565914074595928,-0.6106364745712954,0.9136252852409994,-1.0565914074595928,-0.9723310014829589,0.4878997914675025,-1.0565914074595928,-0.9734928589247983,0.48691268244088537,-1.0565914074595928,-0.6117983320131348 0.0061523365
4 -0.34634639142504453,0.15710798097850798,1.1172448964902895,-0.342713236288158,0.15710798097850798,0.4766631002916238,-1.1650470364237715,0.15710798097850798,0.4719991115739806,-1.168680191560658,0.15710798097850798,1.1125809077726463,-0.34634639142504453,-0.06668056739570617,1.1172448964902895,-0.342713236288158,-0.06668056739570617,0.4766631002916238,-1.1650470364237715,-0.06668056739570617,0.4719991115739806,-1.168680191560658,-0.06668056739570617,1.1125809077726463 0.016906906
4 2.0363822744689655,0.014300935965395,0.7860133670503037,2.044467109765777,0.014300935965395,0.38522693593824836,1.60530273453372,0.014300935965395,0.37636792433916166,1.5972178992369088,0.014300935965395,0.777154355451217,2.0363822744689655,-0.8569129640873432,0.7860133670503037,2.044467109765777,-0.8569129640873432,0.38522693593824836,1.60530273453372,-0.8569129640873432,0.37636792433916166,1.5972178992369088,-0.8569129640873432,0.777154355451217 0.00051551324
4 0.554174301379427,-0.25105528517075537,-1.4966812474244424,0.559301273156146,-0.25105528517075537,-2.3228336147882316,0.060609820133939674,-0.25105528517075537,-2.325928415585201,0.055482848357220726,-0.25105528517075537,-1.4997760482214122,0.554174301379427,-0.6015775354354763,-1.4966812474244424,0.559301273156146,-0.6015775354354763,-2.3228336147882316,0.060609820133939674,-0.6015775354354763,-2.325928415585201,0.055482848357220726,-0.6015775354354763,-1.4997760482214122 0.00015630404
4 2.282185021211779,0.1518860944252372,2.724336712324737,2.2894180846680574,0.1518860944252372,2.3209535179369496,1.8424048988321662,0.1518860944252372,2.3129381251691594,1.835171835375888,0.1518860944252372,2.716321319556947,2.282185021211779,-0.6298392899971366,2.724336712324737,2.2894180846680574,-0.6298392899971366,2.3209535179369496,1.8424048988321662,-0.6298392899971366,2.3129381251691594,1.835171835375888,-0.6298392899971366,2.716321319556947 0.0023823155
4 0.1233230223182652,-0.024593990472312574,1.2676093861010023,0.11407195732133879,-0.024593990472312574,0.6030586086197491,-0.5713472952369664,-0.024593990472312574,0.6126001790616564,-0.56209623024004,-0.024593990472312574,1.2771509565429096,0.1233230223182652,-0.22568513807917057,1.2676093861010023,0.11407195732133879,-0.22568513807917057,0.6030586086197491,-0.5713472952369664,-0.22568513807917057,0.6126001790616564,-0.56209623024004,-0.22568513807917057,1.2771509565429096 0.0034029603
4 1.000063151645911,-0.06770735320785043,-0.3687307084486666,0.9972153300440867,-0.06770735320785043,-0.8165320853597224,0.4724344307896969,-0.06770735320785043,-0.8131947075440702,0.4752822523915213,-0.06770735320785043,-0.3653933306330144,1.000063151645911,-0.7849060362841844,-0.3687307084486666,0.9972153300440867,-0.7849060362841844,-0.8165320853597224,0.4724344307896969,-0.7849060362841844,-0.8131947075440702,0.4752822523915213,-0.7849060362841844,-0.3653933306330144 0.004251715
4 -0.06276950646033974,0.03781554527657151,1.1826127276792855,-0.0715507694228924,0.03781554527657151,0.4485009618963983,-0.8742883462847164,0.03781554527657151,0.4581031097993523,-0.8655070833221638,0.03781554527657151,1.1922148755822395,-0.06276950646033974,-0.1690823031224501,1.1826127276792855,-0.0715507694228924,-0.1690823031224501,0.4485009618963983,-0.8742883462847164,-0.1690823031224501,0.4581031097993523,-0.8655070833221638,-0.1690823031224501,1.1922148755822395 0.005580742
4 2.2845702462237183,0.10196457530221942,0.8984311154010324,2.294626082392851,0.10196457530221942,0.44654287670985443,1.7921080298382936,0.10196457530221942,0.43536037896847446,1.782052193669161,0.10196457530221942,0.8872486176596523,2.2845702462237183,-0.7059987607117653,0.8984311154010324,2.294626082392851,-0.7059987607117653,0.44654287670985443,1.7921080298382936,-0.7059987607117653,0.43536037896847446,1.782052193669161,-0.7059987607117653,0.8872486176596523 0.0019214056
4 1.0451134916245532,-0.06479127571375996,0.9688576590096711,1.0468192454325314,-0.06479127571375996,0.3355137551571944,0.3579005722105908,-0.06479127571375996,0.33365832457187183,0.3561948184026128,-0.06479127571375996,0.9670022284243486,1.0451134916245532,-0.2624408169051823,0.9688576590096711,1.0468192454325314,-0.2624408169051823,0.3355137551571944,0.3579005722105908,-0.2624408169051823,0.33365832457187183,0.3561948184026128,-0.2624408169051823,0.9670022284243486 0.0060624275
4 -0.02289061030147385,-0.04520752152345103,-0.7247412481434663,-0.01500383408022618,-0.04520752152345103,-1.082698786526018,-0.44439693013431714,-0.04520752152345103,-1.0921594819895903,-0.4522837063555648,-0.04520752152345103,-0.7342019436070386,-0.02289061030147385,-0.8022802857504137,-0.7247412481434663,-0.01500383408022618,-0.8022802857504137,-1.082698786526018,-0.44439693013431714,-0.8022802857504137,-1.0921594819895903,-0.4522837063555648,-0.8022802857504137,-0.7342019436070386 0.00043452994
4 2.109183240531074,0.015509621303892163,1.1868960150364245,2.1054382708938464,0.015509621303892163,0.7816885357595196,1.6458016151207813,0.015509621303892163,0.7859365455028211,1.6495465847580089,0.015509621303892163,1.191144024779726,2.109183240531074,-0.8144903341945171,1.1868960150364245,2.1054382708938464,-0.8144903341945171,0.7816885357595196,1.6458016151207813,-0.8144903341945171,0.7859365455028211,1.6495465847580089,-0.8144903341945171,1.191144024779726 0.001103855
5 1.4142160214887438,0.02369218791685107,2.124489274716758,1.4225331210119496,0.02369218791685107,1.716295332048276,0.9505810938371839,0.02369218791685107,1.7066791384454736,0.9422639943139781,0.02369218791685107,2.1148730811139553,1.4142160214887438,-0.8751385184641838,2.124489274716758,1.4225331210119496,-0.8751385184641838,1.716295332048276,0.9505810938371839,-0.8751385184641838,1.7066791384454736,0.9422639943139781,-0.8751385184641838,2.1148730811139553 0.083879165
5 2.272421105511928,0.1402366785969496,2.47834174602562,2.270930663340405,0.1402366785969496,2.0963105906552366,1.830596701494908,0.1402366785969496,2.0980284932321926,1.8320871436664308,0.1402366785969496,2.480059648602576,2.272421105511928,-0.6652813582386732,2.47834174602562,2.270930663340405,-0.6652813582386732,2.0963105906552366,1.830596701494908,-0.6652813582386732,2.0980284932321926,1.8320871436664308,-0.6652813582386732,2.480059648602576 0.010452031
5 1.9514817471936903,-0.06655180727281568,1.0318361483605456,1.9574143105239155,-0.06655180727281568,0.6341604743645121,1.4793368105455675,-0.06655180727281568,0.6270284689871717,1.4734042472153424,-0.06655180727281568,1.0247041429832051,1.9514817471936903,-0.8759585591670036,1.0318361483605456,1.9574143105239155,-0.8759585591670036,0.6341604743645121,1.4793368105455675,-0.8759585591670036,0.6270284689871717,1.4734042472153424,-0.8759585591670036,1.0247041429832051 0.015056689
5 2.131806038826941,-0.1325215761844158,2.53763763286456,2.13926713197173,-0.1325215761844158,2.1372807513285794,1.6419008741674441,-0.1325215761844158,2.12801178119794,1.634439781022655,-0.1325215761844158,2.5283686627339206,2.131806038826941,-0.9458077485378742,2.53763763286456,2.13926713197173,-0.9458077485378742,2.1372807513285794,1.6419008741674441,-0.9458077485378742,2.12801178119794,1.634439781022655,-0.9458077485378742,2.5283686627339206 0.0070890086
5 -0.19513691931106192,-0.07229850814560414,0.7810117583092525,-0.2027199556698478,-0.07229850814560414,0.4716704780214953,-1.2484937760319557,-0.07229850814560414,0.4973060507956669,-1.2409107396731698,-0.07229850814560414,0.8066473310834241,-0.19513691931106192,-0.2753405161120558,0.7810117583092525,-0.2027199556698478,-0.2753405161120558,0.4716704780214953,-1.2484937760319557,-0.2753405161120558,0.4973060507956669,-1.2409107396731698,-0.2753405161120558,0.8066473310834241 0.08793764
5 1.1265429881334208,0.08027481764864221,1.0187001251316348,1.1294945083709238,0.08027481764864221,0.41867693893435226,0.3929930302381613,0.08027481764864221,0.41505408057210047,0.3900415100006582,0.08027481764864221,1.015077266769383,1.1265429881334208,-0.11680285364698663,1.0187001251316348,1.1294945083709238,-0.11680285364698663,0.41867693893435226,0.3929930302381613,-0.11680285364698663,0.41505408057210047,0.3900415100006582,-0.11680285364698663,1.015077266769383 0.015515176
5 -0.3012570387781666,-0.11796545045373917,0.9495977388576247,-0.30337678213967306,-0.11796545045373917,0.28986704980829403,-1.0773458235799267,-0.11796545045373917,0.29235384595835434,-1.0752260802184201,-0.11796545045373917,0.952084535007685,-0.3012570387781666,-0.29753444535734175,0.9495977388576247,-0.30337678213967306,-0.29753444535734175,0.28986704980829403,-1.0773458235799267,-0.29753444535734175,0.29235384595835434,-1.0752260802184201,-0.29753444535734175,0.952084535007685 0.10590984
5 1.2391758209490473,0.06294928218088153,1.990233507350688,1.2429827728238207,0.06294928218088153,1.4973784126248282,0.7570073360181157,0.06294928218088153,1.4936246011698198,0.7532003841433423,0.06294928218088153,1.9864796958956796,1.2391758209490473,-0.7918343963738441,1.990233507350688,1.2429827728238207,-0.7918343963738441,1.4973784126248282,0.7570073360181157,-0.7918343963738441,1.4936246011698198,0.7532003841433423,-0.7918343963738441,1.9864796958956796 0.0030903115
5 0.9126381762143823,-0.22760723431744573,-0.6106364745712954,0.9136252852409994,-0.22760723431744573,-0.9723310014829589,0.4878997914675025,-0.22760723431744573,-0.9734928589247983,0.48691268244088537,-0.22760723431744573,-0.6117983320131348,0.9126381762143823,-1.0565914074595928,-0.6106364745712954,0.9136252852409994,-1.0565914074595928,-0.9723310014829589,0.4878997914675025,-1.0565914074595928,-0.9734928589247983,0.48691268244088537,-1.0565914074595928,-0.6117983320131348 0.040907796
5 -0.34634639142504453,0.15710798097850798,1.1172448964902895,-0.342713236288158,0.15710798097850798,0.4766631002916238,-1.1650470364237715,0.15710798097850798,0.4719991115739806,-1.168680191560658,0.15710798097850798,1.1125809077726463,-0.34634639142504453,-0.06668056739570617,1.1172448964902895,-0.342713236288158,-0.06668056739570617,0.4766631002916238,-1.1650470364237715,-0.06668056739570617,0.4719991115739806,-1.168680191560658,-0.06668056739570617,1.1125809077726463 0.12586072
5 2.0363822744689655,0.014300935965395,0.7860133670503037,2.044467109765777,0.014300935965395,0.38522693593824836,1.60530273453372,0.014300935965395,0.37636792433916166,1.5972178992369088,0.014300935965395,0.777154355451217,2.0363822744689655,-0.8569129640873432,0.7860133670503037,2.044467109765777,-0.8569129640873432,0.38522693593824836,1.60530273453372,-0.8569129640873432,0.37636792433916166,1.5972178992369088,-0.8569129640873432,0.777154355451217 0.005792355
5 0.554174301379427,-0.25105528517075537,-1.4966812474244424,0.559301273156146,-0.25105528517075537,-2.3228336147882316,0.060609820133939674,-0.25105528517075537,-2.325928415585201,0.055482848357220726,-0.25105528517075537,-1.4997760482214122,0.554174301379427,-0.6015775354354763,-1.4966812474244424,0.559301273156146,-0.6015775354354763,-2.3228336147882316,0.060609820133939674,-0.6015775354354763,-2.325928415585201,0.055482848357220726,-0.6015775354354763,-1.4997760482214122 0.0019077332
5 2.282185021211779,0.1518860944252372,2.724336712324737,2.2894180846680574,0.1518860944252372,2.3209535179369496,1.8424048988321662,0.1518860944252372,2.3129381251691594,1.835171835375888,0.1518860944252372,2.716321319556947,2.282185021211779,-0.6298392899971366,2.724336712324737,2.2894180846680574,-0.6298392899971366,2.3209535179369496,1.8424048988321662,-0.6298392899971366,2.3129381251691594,1.835171835375888,-0.6298392899971366,2.716321319556947 0.016785134
5 0.1233230223182652,-0.024593990472312574,1.2676093861010023,0.11407195732133879,-0.024593990472312574,0.6030586086197491,-0.5713472952369664,-0.024593990472312574,0.6126001790616564,-0.56209623024004,-0.024593990472312574,1.2771509565429096,0.1233230223182652,-0.22568513807917057,1.2676093861010023,0.11407195732133879,-0.22568513807917057,0.6030586086197491,-0.5713472952369664,-0.22568513807917057,0.6126001790616564,-0.56209623024004,-0.22568513807917057,1.2771509565429096 0.019497454
5 1.000063151645911,-0.06770735320785043,-0.3687307084486666,0.9972153300440867,-0.06770735320785043,-0.8165320853597224,0.4724344307896969,-0.06770735320785043,-0.8131947075440702,0.4752822523915213,-0.06770735320785043,-0.3653933306330144,1.000063151645911,-0.7849060362841844,-0.3687307084486666,0.9972153300440867,-0.7849060362841844,-0.8165320853597224,0.4724344307896969,-0.7849060362841844,-0.8131947075440702,0.4752822523915213,-0.7849060362841844,-0.3653933306330144 0.031431668
5 -0.06276950646033974,0.03781554527657151,1.1826127276792855,-0.0715507694228924,0.03781554527657151,0.4485009618963983,-0.8742883462847164,0.03781554527657151,0.4581031097993523,-0.8655070833221638,0.03781554527657151,1.1922148755822395,-0.06276950646033974,-0.1690823031224501,1.1826127276792855,-0.0715507694228924,-0.1690823031224501,0.4485009618963983,-0.8742883462847164,-0.1690823031224501,0.4581031097993523,-0.8655070833221638,-0.1690823031224501,1.1922148755822395 0.044026174
5 2.2845702462237183,0.10196457530221942,0.8984311154010324,2.294626082392851,0.10196457530221942,0.44654287670985443,1.7921080298382936,0.10196457530221942,0.43536037896847446,1.782052193669161,0.10196457530221942,0.8872486176596523,2.2845702462237183,-0.7059987607117653,0.8984311154010324,2.294626082392851,-0.7059987607117653,0.44654287670985443,1.7921080298382936,-0.7059987607117653,0.43536037896847446,1.782052193669161,-0.7059987607117653,0.8872486176596523 0.012910834
5 1.0451134916245532,-0.06479127571375996,0.9688576590096711,1.0468192454325314,-0.06479127571375996,0.3355137551571944,0.3579005722105908,-0.06479127571375996,0.33365832457187183,0.3561948184026128,-0.06479127571375996,0.9670022284243486,1.0451134916245532,-0.2624408169051823,0.9688576590096711,1.0468192454325314,-0.2624408169051823,0.3355137551571944,0.3579005722105908,-0.2624408169051823,0.33365832457187183,0.3561948184026128,-0.2624408169051823,0.9670022284243486 0.02914018
5 -0.02289061030147385,-0.04520752152345103,-0.7247412481434663,-0.01500383408022618,-0.04520752152345103,-1.082698786526018,-0.44439693013431714,-0.04520752152345103,-1.0921594819895903,-0.4522837063555648,-0.04520752152345103,-0.7342019436070386,-0.02289061030147385,-0.8022802857504137,-0.7247412481434663,-0.01500383408022618,-0.8022802857504137,-1.082698786526018,-0.44439693013431714,-0.8022802857504137,-1.0921594819895903,-0.4522837063555648,-0.8022802857504137,-0.7342019436070386 0.00466269
5 2.109183240531074,0.015509621303892163,1.1868960150364245,2.1054382708938464,0.015509621303892163,0.7816885357595196,1.6458016151207813,0.015509621303892163,0.7859365455028211,1.6495465847580089,0.015509621303892163,1.191144024779726,2.109183240531074,-0.8144903341945171,1.1868960150364245,2.1054382708938464,-0.8144903341945171,0.7816885357595196,1.6458016151207813,-0.8144903341945171,0.7859365455028211,1.6495465847580089,-0.8144903341945171,1.191144024779726 0.010110973
6 1.4142160214887438,0.02369218791685107,2.124489274716758,1.4225331210119496,0.02369218791685107,1.716295332048276,0.9505810938371839,0.02369218791685107,1.7066791384454736,0.9422639943139781,0.02369218791685107,2.1148730811139553,1.4142160214887438,-0.8751385184641838,2.124489274716758,1.4225331210119496,-0.8751385184641838,1.716295332048276,0.9505810938371839,-0.8751385184641838,1.7066791384454736,0.9422639943139781,-0.8751385184641838,2.1148730811139553 0.007853719
6 2.272421105511928,0.1402366785969496,2.47834174602562,2.270930663340405,0.1402366785969496,2.0963105906552366,1.830596701494908,0.1402366785969496,2.0980284932321926,1.8320871436664308,0.1402366785969496,2.480059648602576,2.272421105511928,-0.6652813582386732,2.47834174602562,2.270930663340405,-0.6652813582386732,2.0963105906552366,1.830596701494908,-0.6652813582386732,2.0980284932321926,1.8320871436664308,-0.6652813582386732,2.480059648602576 0.002907673
6 1.9514817471936903,-0.06655180727281568,1.0318361483605456,1.9574143105239155,-0.06655180727281568,0.6341604743645121,1.4793368105455675,-0.06655180727281568,0.6270284689871717,1.4734042472153424,-0.06655180727281568,1.0247041429832051,1.9514817471936903,-0.8759585591670036,1.0318361483605456,1.9574143105239155,-0.8759585591670036,0.6341604743645121,1.4793368105455675,-0.8759585591670036,0.6270284689871717,1.4734042472153424,-0.8759585591670036,1.0247041429832051 0.005735973
6 2.131806038826941,-0.1325215761844158,2.53763763286456,2.13926713197173,-0.1325215761844158,2.1372807513285794,1.6419008741674441,-0.1325215761844158,2.12801178119794,1.634439781022655,-0.1325215761844158,2.5283686627339206,2.131806038826941,-0.9458077485378742,2.53763763286456,2.13926713197173,-0.9458077485378742,2.1372807513285794,1.6419008741674441,-0.9458077485378742,2.12801178119794,1.634439781022655,-0.9458077485378742,2.5283686627339206 0.0016820587
6 -0.19513691931106192,-0.07229850814560414,0.7810117583092525,-0.2027199556698478,-0.07229850814560414,0.4716704780214953,-1.2484937760319557,-0.07229850814560414,0.4973060507956669,-1.2409107396731698,-0.07229850814560414,0.8066473310834241,-0.19513691931106192,-0.2753405161120558,0.7810117583092525,-0.2027199556698478,-0.2753405161120558,0.4716704780214953,-1.2484937760319557,-0.2753405161120558,0.4973060507956669,-1.2409107396731698,-0.2753405161120558,0.8066473310834241 0.012356939
6 1.1265429881334208,0.08027481764864221,1.0187001251316348,1.1294945083709238,0.08027481764864221,0.41867693893435226,0.3929930302381613,0.08027481764864221,0.41505408057210047,0.3900415100006582,0.08027481764864221,1.015077266769383,1.1265429881334208,-0.11680285364698663,1.0187001251316348,1.1294945083709238,-0.11680285364698663,0.41867693893435226,0.3929930302381613,-0.11680285364698663,0.41505408057210047,0.3900415100006582,-0.11680285364698663,1.015077266769383 0.00051108823
6 -0.3012570387781666,-0.11796545045373917,0.9495977388576247,-0.30337678213967306,-0.11796545045373917,0.28986704980829403,-1.0773458235799267,-0.11796545045373917,0.29235384595835434,-1.0752260802184201,-0.11796545045373917,0.952084535007685,-0.3012570387781666,-0.29753444535734175,0.9495977388576247,-0.30337678213967306,-0.29753444535734175,0.28986704980829403,-1.0773458235799267,-0.29753444535734175,0.29235384595835434,-1.0752260802184201,-0.29753444535734175,0.952084535007685 0.0063049765
6 1.2391758209490473,0.06294928218088153,1.990233507350688,1.2429827728238207,0.06294928218088153,1.4973784126248282,0.7570073360181157,0.06294928218088153,1.4936246011698198,0.7532003841433423,0.06294928218088153,1.9864796958956796,1.2391758209490473,-0.7918343963738441,1.990233507350688,1.2429827728238207,-0.7918343963738441,1.4973784126248282,0.7570073360181157,-0.7918343963738441,1.4936246011698198,0.7532003841433423,-0.7918343963738441,1.9864796958956796 0.0011815106
6 0.9126381762143823,-0.22760723431744573,-0.6106364745712954,0.9136252852409994,-0.22760723431744573,-0.9723310014829589,0.4878997914675025,-0.22760723431744573,-0.9734928589247983,0.48691268244088537,-0.22760723431744573,-0.6117983320131348,0.9126381762143823,-1.0565914074595928,-0.6106364745712954,0.9136252852409994,-1.0565914074595928,-0.9723310014829589,0.4878997914675025,-1.0565914074595928,-0.9734928589247983,0.48691268244088537,-1.0565914074595928,-0.6117983320131348 0.010638611
6 -0.34634639142504453,0.15710798097850798,1.1172448964902895,-0.342713236288158,0.15710798097850798,0.4766631002916238,-1.1650470364237715,0.15710798097850798,0.4719991115739806,-1.168680191560658,0.15710798097850798,1.1125809077726463,-0.34634639142504453,-0.06668056739570617,1.1172448964902895,-0.342713236288158,-0.06668056739570617,0.4766631002916238,-1.1650470364237715,-0.06668056739570617,0.4719991115739806,-1.168680191560658,-0.06668056739570617,1.1125809077726463 0.010723261
6 2.0363822744689655,0.014300935965395,0.7860133670503037,2.044467109765777,0.014300935965395,0.38522693593824836,1.60530273453372,0.014300935965395,0.37636792433916166,1.5972178992369088,0.014300935965395,0.777154355451217,2.0363822744689655,-0.8569129640873432,0.7860133670503037,2.044467109765777,-0.8569129640873432,0.38522693593824836,1.60530273453372,-0.8569129640873432,0.37636792433916166,1.5972178992369088,-0.8569129640873432,0.777154355451217 0.0018533821
6 0.554174301379427,-0.25105528517075537,-1.4966812474244424,0.559301273156146,-0.25105528517075537,-2.3228336147882316,0.060609820133939674,-0.25105528517075537,-2.325928415585201,0.055482848357220726,-0.25105528517075537,-1.4997760482214122,0.554174301379427,-0.6015775354354763,-1.4966812474244424,0.559301273156146,-0.6015775354354763,-2.3228336147882316,0.060609820133939674,-0.6015775354354763,-2.325928415585201,0.055482848357220726,-0.6015775354354763,-1.4997760482214122 0.0016881458
6 2.282185021211779,0.1518860944252372,2.724336712324737,2.2894180846680574,0.1518860944252372,2.3209535179369496,1.8424048988321662,0.1518860944252372,2.3129381251691594,1.835171835375888,0.1518860944252372,2.716321319556947,2.282185021211779,-0.6298392899971366,2.724336712324737,2.2894180846680574,-0.6298392899971366,2.3209535179369496,1.8424048988321662,-0.6298392899971366,2.3129381251691594,1.835171835375888,-0.6298392899971366,2.716321319556947 0.004866869
6 0.1233230223182652,-0.024593990472312574,1.2676093861010023,0.11407195732133879,-0.024593990472312574,0.6030586086197491,-0.5713472952369664,-0.024593990472312574,0.6126001790616564,-0.56209623024004,-0.024593990472312574,1.2771509565429096,0.1233230223182652,-0.22568513807917057,1.2676093861010023,0.11407195732133879,-0.22568513807917057,0.6030586086197491,-0.5713472952369664,-0.22568513807917057,0.6126001790616564,-0.56209623024004,-0.22568513807917057,1.2771509565429096 0.00054650044
6 1.000063151645911,-0.06770735320785043,-0.3687307084486666,0.9972153300440867,-0.06770735320785043,-0.8165320853597224,0.4724344307896969,-0.06770735320785043,-0.8131947075440702,0.4752822523915213,-0.06770735320785043,-0.3653933306330144,1.000063151645911,-0.7849060362841844,-0.3687307084486666,0.9972153300440867,-0.7849060362841844,-0.8165320853597224,0.4724344307896969,-0.7849060362841844,-0.8131947075440702,0.4752822523915213,-0.7849060362841844,-0.3653933306330144 0.015310588
6 -0.06276950646033974,0.03781554527657151,1.1826127276792855,-0.0715507694228924,0.03781554527657151,0.4485009618963983,-0.8742883462847164,0.03781554527657151,0.4581031097993523,-0.8655070833221638,0.03781554527657151,1.1922148755822395,-0.06276950646033974,-0.1690823031224501,1.1826127276792855,-0.0715507694228924,-0.1690823031224501,0.4485009618963983,-0.8742883462847164,-0.1690823031224501,0.4581031097993523,-0.8655070833221638,-0.1690823031224501,1.1922148755822395 0.0051699053
6 2.2845702462237183,0.10196457530221942,0.8984311154010324,2.294626082392851,0.10196457530221942,0.44654287670985443,1.7921080298382936,0.10196457530221942,0.43536037896847446,1.782052193669161,0.10196457530221942,0.8872486176596523,2.2845702462237183,-0.7059987607117653,0.8984311154010324,2.294626082392851,-0.7059987607117653,0.44654287670985443,1.7921080298382936,-0.7059987607117653,0.43536037896847446,1.782052193669161,-0.7059987607117653,0.8872486176596523 0.005151092
6 1.0451134916245532,-0.06479127571375996,0.9688576590096711,1.0468192454325314,-0.06479127571375996,0.3355137551571944,0.3579005722105908,-0.06479127571375996,0.33365832457187183,0.3561948184026128,-0.06479127571375996,0.9670022284243486,1.0451134916245532,-0.2624408169051823,0.9688576590096711,1.0468192454325314,-0.2624408169051823,0.3355137551571944,0.3579005722105908,-0.2624408169051823,0.33365832457187183,0.3561948184026128,-0.2624408169051823,0.9670022284243486 0.0007358249
6 -0.02289061030147385,-0.04520752152345103,-0.7247412481434663,-0.01500383408022618,-0.04520752152345103,-1.082698786526018,-0.44439693013431714,-0.04520752152345103,-1.0921594819895903,-0.4522837063555648,-0.04520752152345103,-0.7342019436070386,-0.02289061030147385,-0.8022802857504137,-0.7247412481434663,-0.01500383408022618,-0.8022802857504137,-1.082698786526018,-0.44439693013431714,-0.8022802857504137,-1.0921594819895903,-0.4522837063555648,-0.8022802857504137,-0.7342019436070386 0.0014681017
6 2.109183240531074,0.015509621303892163,1.1868960150364245,2.1054382708938464,0.015509621303892163,0.7816885357595196,1.6458016151207813,0.015509621303892163,0.7859365455028211,1.6495465847580089,0.015509621303892163,1.191144024779726,2.109183240531074,-0.8144903341945171,1.1868960150364245,2.1054382708938464,-0.8144903341945171,0.7816885357595196,1.6458016151207813,-0.8144903341945171,0.7859365455028211,1.6495465847580089,-0.8144903341945171,1.191144024779726 0.003969231
7 1.4142160214887438,0.02369218791685107,2.124489274716758,1.4225331210119496,0.02369218791685107,1.716295332048276,0.9505810938371839,0.02369218791685107,1.7066791384454736,0.9422639943139781,0.02369218791685107,2.1148730811139553,1.4142160214887438,-0.8751385184641838,2.124489274716758,1.4225331210119496,-0.8751385184641838,1.716295332048276,0.9505810938371839,-0.8751385184641838,1.7066791384454736,0.9422639943139781,-0.8751385184641838,2.1148730811139553 0.008532036
7 2.272421105511928,0.1402366785969496,2.47834174602562,2.270930663340405,0.1402366785969496,2.0963105906552366,1.830596701494908,0.1402366785969496,2.0980284932321926,1.8320871436664308,0.1402366785969496,2.480059648602576,2.272421105511928,-0.6652813582386732,2.47834174602562,2.270930663340405,-0.6652813582386732,2.0963105906552366,1.830596701494908,-0.6652813582386732,2.0980284932321926,1.8320871436664308,-0.6652813582386732,2.480059648602576 0.0013131588
7 1.9514817471936903,-0.06655180727281568,1.0318361483605456,1.9574143105239155,-0.06655180727281568,0.6341604743645121,1.4793368105455675,-0.06655180727281568,0.6270284689871717,1.4734042472153424,-0.06655180727281568,1.0247041429832051,1.9514817471936903,-0.8759585591670036,1.0318361483605456,1.9574143105239155,-0.8759585591670036,0.6341604743645121,1.4793368105455675,-0.8759585591670036,0.6270284689871717,1.4734042472153424,-0.8759585591670036,1.0247041429832051 0.0017156687
7 2.131806038826941,-0.1325215761844158,2.53763763286456,2.13926713197173,-0.1325215761844158,2.1372807513285794,1.6419008741674441,-0.1325215761844158,2.12801178119794,1.634439781022655,-0.1325215761844158,2.5283686627339206,2.131806038826941,-0.9458077485378742,2.53763763286456,2.13926713197173,-0.9458077485378742,2.1372807513285794,1.6419008741674441,-0.9458077485378742,2.12801178119794,1.634439781022655,-0.9458077485378742,2.5283686627339206 0.0005487085
7 -0.19513691931106192,-0.07229850814560414,0.7810117583092525,-0.2027199556698478,-0.07229850814560414,0.4716704780214953,-1.2484937760319557,-0.07229850814560414,0.4973060507956669,-1.2409107396731698,-0.07229850814560414,0.8066473310834241,-0.19513691931106192,-0.2753405161120558,0.7810117583092525,-0.2027199556698478,-0.2753405161120558,0.4716704780214953,-1.2484937760319557,-0.2753405161120558,0.4973060507956669,-1.2409107396731698,-0.2753405161120558,0.8066473310834241 0.01886505
7 1.1265429881334208,0.08027481764864221,1.0187001251316348,1.1294945083709238,0.08027481764864221,0.41867693893435226,0.3929930302381613,0.08027481764864221,0.41505408057210047,0.3900415100006582,0.08027481764864221,1.015077266769383,1.1265429881334208,-0.11680285364698663,1.0187001251316348,1.1294945083709238,-0.11680285364698663,0.41867693893435226,0.3929930302381613,-0.11680285364698663,0.41505408057210047,0.3900415100006582,-0.11680285364698663,1.015077266769383 0.00077779894
7 -0.3012570387781666,-0.11796545045373917,0.9495977388576247,-0.30337678213967306,-0.11796545045373917,0.28986704980829403,-1.0773458235799267,-0.11796545045373917,0.29235384595835434,-1.0752260802184201,-0.11796545045373917,0.952084535007685,-0.3012570387781666,-0.29753444535734175,0.9495977388576247,-0.30337678213967306,-0.29753444535734175,0.28986704980829403,-1.0773458235799267,-0.29753444535734175,0.29235384595835434,-1.0752260802184201,-0.29753444535734175,0.952084535007685 0.022536835
7 1.2391758209490473,0.06294928218088153,1.990233507350688,1.2429827728238207,0.06294928218088153,1.4973784126248282,0.7570073360181157,0.06294928218088153,1.4936246011698198,0.7532003841433423,0.06294928218088153,1.9864796958956796,1.2391758209490473,-0.7918343963738441,1.990233507350688,1.2429827728238207,-0.7918343963738441,1.4973784126248282,0.7570073360181157,-0.7918343963738441,1.4936246011698198,0.7532003841433423,-0.7918343963738441,1.9864796958956796 0.00024080792
7 0.9126381762143823,-0.22760723431744573,-0.6106364745712954,0.9136252852409994,-0.22760723431744573,-0.9723310014829589,0.4878997914675025,-0.22760723431744573,-0.9734928589247983,0.48691268244088537,-0.22760723431744573,-0.6117983320131348,0.9126381762143823,-1.0565914074595928,-0.6106364745712954,0.9136252852409994,-1.0565914074595928,-0.9723310014829589,0.4878997914675025,-1.0565914074595928,-0.9734928589247983,0.48691268244088537,-1.0565914074595928,-0.6117983320131348 0.005597265
7 -0.34634639142504453,0.15710798097850798,1.1172448964902895,-0.342713236288158,0.15710798097850798,0.4766631002916238,-1.1650470364237715,0.15710798097850798,0.4719991115739806,-1.168680191560658,0.15710798097850798,1.1125809077726463,-0.34634639142504453,-0.06668056739570617,1.1172448964902895,-0.342713236288158,-0.06668056739570617,0.4766631002916238,-1.1650470364237715,-0.06668056739570617,0.4719991115739806,-1.168680191560658,-0.06668056739570617,1.1125809077726463 0.030223634
7 2.0363822744689655,0.014300935965395,0.7860133670503037,2.044467109765777,0.014300935965395,0.38522693593824836,1.60530273453372,0.014300935965395,0.37636792433916166,1.5972178992369088,0.014300935965395,0.777154355451217,2.0363822744689655,-0.8569129640873432,0.7860133670503037,2.044467109765777,-0.8569129640873432,0.38522693593824836,1.60530273453372,-0.8569129640873432,0.37636792433916166,1.5972178992369088,-0.8569129640873432,0.777154355451217 0.0005245024
7 0.554174301379427,-0.25105528517075537,-1.4966812474244424,0.559301273156146,-0.25105528517075537,-2.3228336147882316,0.060609820133939674,-0.25105528517075537,-2.325928415585201,0.055482848357220726,-0.25105528517075537,-1.4997760482214122,0.554174301379427,-0.6015775354354763,-1.4966812474244424,0.559301273156146,-0.6015775354354763,-2.3228336147882316,0.060609820133939674,-0.6015775354354763,-2.325928415585201,0.055482848357220726,-0.6015775354354763,-1.4997760482214122 0.00018016085
7 2.282185021211779,0.1518860944252372,2.724336712324737,2.2894180846680574,0.1518860944252372,2.3209535179369496,1.8424048988321662,0.1518860944252372,2.3129381251691594,1.835171835375888,0.1518860944252372,2.716321319556947,2.282185021211779,-0.6298392899971366,2.724336712324737,2.2894180846680574,-0.6298392899971366,2.3209535179369496,1.8424048988321662,-0.6298392899971366,2.3129381251691594,1.835171835375888,-0.6298392899971366,2.716321319556947 0.0019390461
7 0.1233230223182652,-0.024593990472312574,1.2676093861010023,0.11407195732133879,-0.024593990472312574,0.6030586086197491,-0.5713472952369664,-0.024593990472312574,0.6126001790616564,-0.56209623024004,-0.024593990472312574,1.2771509565429096,0.1233230223182652,-0.22568513807917057,1.2676093861010023,0.11407195732133879,-0.22568513807917057,0.6030586086197491,-0.5713472952369664,-0.22568513807917057,0.6126001790616564,-0.56209623024004,-0.22568513807917057,1.2771509565429096 0.0014579083
7 1.000063151645911,-0.06770735320785043,-0.3687307084486666,0.9972153300440867,-0.06770735320785043,-0.8165320853597224,0.4724344307896969,-0.06770735320785043,-0.8131947075440702,0.4752822523915213,-0.06770735320785043,-0.3653933306330144,1.000063151645911,-0.7849060362841844,-0.3687307084486666,0.9972153300440867,-0.7849060362841844,-0.8165320853597224,0.4724344307896969,-0.7849060362841844,-0.8131947075440702,0.4752822523915213,-0.7849060362841844,-0.3653933306330144 0.005530264
7 -0.06276950646033974,0.03781554527657151,1.1826127276792855,-0.0715507694228924,0.03781554527657151,0.4485009618963983,-0.8742883462847164,0.03781554527657151,0.4581031097993523,-0.8655070833221638,0.03781554527657151,1.1922148755822395,-0.06276950646033974,-0.1690823031224501,1.1826127276792855,-0.0715507694228924,-0.1690823031224501,0.4485009618963983,-0.8742883462847164,-0.1690823031224501,0.4581031097993523,-0.8655070833221638,-0.1690823031224501,1.1922148755822395 0.0101854
7 2.2845702462237183,0.10196457530221942,0.8984311154010324,2.294626082392851,0.10196457530221942,0.44654287670985443,1.7921080298382936,0.10196457530221942,0.43536037896847446,1.782052193669161,0.10196457530221942,0.8872486176596523,2.2845702462237183,-0.7059987607117653,0.8984311154010324,2.294626082392851,-0.7059987607117653,0.44654287670985443,1.7921080298382936,-0.7059987607117653,0.43536037896847446,1.782052193669161,-0.7059987607117653,0.8872486176596523 0.0014980565
7 1.0451134916245532,-0.06479127571375996,0.9688576590096711,1.0468192454325314,-0.06479127571375996,0.3355137551571944,0.3579005722105908,-0.06479127571375996,0.33365832457187183,0.3561948184026128,-0.06479127571375996,0.9670022284243486,1.0451134916245532,-0.2624408169051823,0.9688576590096711,1.0468192454325314,-0.2624408169051823,0.3355137551571944,0.3579005722105908,-0.2624408169051823,0.33365832457187183,0.3561948184026128,-0.2624408169051823,0.9670022284243486 0.0018300724
7 -0.02289061030147385,-0.04520752152345103,-0.7247412481434663,-0.01500383408022618,-0.04520752152345103,-1.082698786526018,-0.44439693013431714,-0.04520752152345103,-1.0921594819895903,-0.4522837063555648,-0.04520752152345103,-0.7342019436070386,-0.02289061030147385,-0.8022802857504137,-0.7247412481434663,-0.01500383408022618,-0.8022802857504137,-1.082698786526018,-0.44439693013431714,-0.8022802857504137,-1.0921594819895903,-0.4522837063555648,-0.8022802857504137,-0.7342019436070386 0.00034072914
7 2.109183240531074,0.015509621303892163,1.1868960150364245,2.1054382708938464,0.015509621303892163,0.7816885357595196,1.6458016151207813,0.015509621303892163,0.7859365455028211,1.6495465847580089,0.015509621303892163,1.191144024779726,2.109183240531074,-0.8144903341945171,1.1868960150364245,2.1054382708938464,-0.8144903341945171,0.7816885357595196,1.6458016151207813,-0.8144903341945171,0.7859365455028211,1.6495465847580089,-0.8144903341945171,1.191144024779726 0.0010520614
8 1.4142160214887438,0.02369218791685107,2.124489274716758,1.4225331210119496,0.02369218791685107,1.716295332048276,0.9505810938371839,0.02369218791685107,1.7066791384454736,0.9422639943139781,0.02369218791685107,2.1148730811139553,1.4142160214887438,-0.8751385184641838,2.124489274716758,1.4225331210119496,-0.8751385184641838,1.716295332048276,0.9505810938371839,-0.8751385184641838,1.7066791384454736,0.9422639943139781,-0.8751385184641838,2.1148730811139553 0.0041477783
8 2.272421105511928,0.1402366785969496,2.47834174602562,2.270930663340405,0.1402366785969496,2.0963105906552366,1.830596701494908,0.1402366785969496,2.0980284932321926,1.8320871436664308,0.1402366785969496,2.480059648602576,2.272421105511928,-0.6652813582386732,2.47834174602562,2.270930663340405,-0.6652813582386732,2.0963105906552366,1.830596701494908,-0.6652813582386732,2.0980284932321926,1.8320871436664308,-0.6652813582386732,2.480059648602576 0.00054267776
8 1.9514817471936903,-0.06655180727281568,1.0318361483605456,1.9574143105239155,-0.06655180727281568,0.6341604743645121,1.4793368105455675,-0.06655180727281568,0.6270284689871717,1.4734042472153424,-0.06655180727281568,1.0247041429832051,1.9514817471936903,-0.8759585591670036,1.0318361483605456,1.9574143105239155,-0.8759585591670036,0.6341604743645121,1.4793368105455675,-0.8759585591670036,0.6270284689871717,1.4734042472153424,-0.8759585591670036,1.0247041429832051 0.0008194943
8 2.131806038826941,-0.1325215761844158,2.53763763286456,2.13926713197173,-0.1325215761844158,2.1372807513285794,1.6419008741674441,-0.1325215761844158,2.12801178119794,1.634439781022655,-0.1325215761844158,2.5283686627339206,2.131806038826941,-0.9458077485378742,2.53763763286456,2.13926713197173,-0.9458077485378742,2.1372807513285794,1.6419008741674441,-0.9458077485378742,2.12801178119794,1.634439781022655,-0.9458077485378742,2.5283686627339206 0.00025924837
8 -0.19513691931106192,-0.07229850814560414,0.7810117583092525,-0.2027199556698478,-0.07229850814560414,0.4716704780214953,-1.2484937760319557,-0.07229850814560414,0.4973060507956669,-1.2409107396731698,-0.07229850814560414,0.8066473310834241,-0.19513691931106192,-0.2753405161120558,0.7810117583092525,-0.2027199556698478,-0.2753405161120558,0.4716704780214953,-1.2484937760319557,-0.2753405161120558,0.4973060507956669,-1.2409107396731698,-0.2753405161120558,0.8066473310834241 0.06891732
8 1.1265429881334208,0.08027481764864221,1.0187001251316348,1.1294945083709238,0.08027481764864221,0.41867693893435226,0.3929930302381613,0.08027481764864221,0.41505408057210047,0.3900415100006582,0.08027481764864221,1.015077266769383,1.1265429881334208,-0.11680285364698663,1.0187001251316348,1.1294945083709238,-0.11680285364698663,0.41867693893435226,0.3929930302381613,-0.11680285364698663,0.41505408057210047,0.3900415100006582,-0.11680285364698663,1.015077266769383 0.0027845534
8 -0.3012570387781666,-0.11796545045373917,0.9495977388576247,-0.30337678213967306,-0.11796545045373917,0.28986704980829403,-1.0773458235799267,-0.11796545045373917,0.29235384595835434,-1.0752260802184201,-0.11796545045373917,0.952084535007685,-0.3012570387781666,-0.29753444535734175,0.9495977388576247,-0.30337678213967306,-0.29753444535734175,0.28986704980829403,-1.0773458235799267,-0.29753444535734175,0.29235384595835434,-1.0752260802184201,-0.29753444535734175,0.952084535007685 0.05158308
8 1.2391758209490473,0.06294928218088153,1.990233507350688,1.2429827728238207,0.06294928218088153,1.4973784126248282,0.7570073360181157,0.06294928218088153,1.4936246011698198,0.7532003841433423,0.06294928218088153,1.9864796958956796,1.2391758209490473,-0.7918343963738441,1.990233507350688,1.2429827728238207,-0.7918343963738441,1.4973784126248282,0.7570073360181157,-0.7918343963738441,1.4936246011698198,0.7532003841433423,-0.7918343963738441,1.9864796958956796 0.00010483512
8 0.9126381762143823,-0.22760723431744573,-0.6106364745712954,0.9136252852409994,-0.22760723431744573,-0.9723310014829589,0.4878997914675025,-0.22760723431744573,-0.9734928589247983,0.48691268244088537,-0.22760723431744573,-0.6117983320131348,0.9126381762143823,-1.0565914074595928,-0.6106364745712954,0.9136252852409994,-1.0565914074595928,-0.9723310014829589,0.4878997914675025,-1.0565914074595928,-0.9734928589247983,0.48691268244088537,-1.0565914074595928,-0.6117983320131348 0.0020873009
8 -0.34634639142504453,0.15710798097850798,1.1172448964902895,-0.342713236288158,0.15710798097850798,0.4766631002916238,-1.1650470364237715,0.15710798097850798,0.4719991115739806,-1.168680191560658,0.15710798097850798,1.1125809077726463,-0.34634639142504453,-0.06668056739570617,1.1172448964902895,-0.342713236288158,-0.06668056739570617,0.4766631002916238,-1.1650470364237715,-0.06668056739570617,0.4719991115739806,-1.168680191560658,-0.06668056739570617,1.1125809077726463 0.049815107
8 2.0363822744689655,0.014300935965395,0.7860133670503037,2.044467109765777,0.014300935965395,0.38522693593824836,1.60530273453372,0.014300935965395,0.37636792433916166,1.5972178992369088,0.014300935965395,0.777154355451217,2.0363822744689655,-0.8569129640873432,0.7860133670503037,2.044467109765777,-0.8569129640873432,0.38522693593824836,1.60530273453372,-0.8569129640873432,0.37636792433916166,1.5972178992369088,-0.8569129640873432,0.777154355451217 0.00018513927
8 0.554174301379427,-0.25105528517075537,-1.4966812474244424,0.559301273156146,-0.25105528517075537,-2.3228336147882316,0.060609820133939674,-0.25105528517075537,-2.325928415585201,0.055482848357220726,-0.25105528517075537,-1.4997760482214122,0.554174301379427,-0.6015775354354763,-1.4966812474244424,0.559301273156146,-0.6015775354354763,-2.3228336147882316,0.060609820133939674,-0.6015775354354763,-2.325928415585201,0.055482848357220726,-0.6015775354354763,-1.4997760482214122 0.00040255082
8 2.282185021211779,0.1518860944252372,2.724336712324737,2.2894180846680574,0.1518860944252372,2.3209535179369496,1.8424048988321662,0.1518860944252372,2.3129381251691594,1.835171835375888,0.1518860944252372,2.716321319556947,2.282185021211779,-0.6298392899971366,2.724336712324737,2.2894180846680574,-0.6298392899971366,2.3209535179369496,1.8424048988321662,-0.6298392899971366,2.3129381251691594,1.835171835375888,-0.6298392899971366,2.716321319556947 0.0010884565
8 0.1233230223182652,-0.024593990472312574,1.2676093861010023,0.11407195732133879,-0.024593990472312574,0.6030586086197491,-0.5713472952369664,-0.024593990472312574,0.6126001790616564,-0.56209623024004,-0.024593990472312574,1.2771509565429096,0.1233230223182652,-0.22568513807917057,1.2676093861010023,0.11407195732133879,-0.22568513807917057,0.6030586086197491,-0.5713472952369664,-0.22568513807917057,0.6126001790616564,-0.56209623024004,-0.22568513807917057,1.2771509565429096 0.0033880223
8 1.000063151645911,-0.06770735320785043,-0.3687307084486666,0.9972153300440867,-0.06770735320785043,-0.8165320853597224,0.4724344307896969,-0.06770735320785043,-0.8131947075440702,0.4752822523915213,-0.06770735320785043,-0.3653933306330144,1.000063151645911,-0.7849060362841844,-0.3687307084486666,0.9972153300440867,-0.7849060362841844,-0.8165320853597224,0.4724344307896969,-0.7849060362841844,-0.8131947075440702,0.4752822523915213,-0.7849060362841844,-0.3653933306330144 0.0028885915
8 -0.06276950646033974,0.03781554527657151,1.1826127276792855,-0.0715507694228924,0.03781554527657151,0.4485009618963983,-0.8742883462847164,0.03781554527657151,0.4581031097993523,-0.8655070833221638,0.03781554527657151,1.1922148755822395,-0.06276950646033974,-0.1690823031224501,1.1826127276792855,-0.0715507694228924,-0.1690823031224501,0.4485009618963983,-0.8742883462847164,-0.1690823031224501,0.4581031097993523,-0.8655070833221638,-0.1690823031224501,1.1922148755822395 0.017961932
8 2.2845702462237183,0.10196457530221942,0.8984311154010324,2.294626082392851,0.10196457530221942,0.44654287670985443,1.7921080298382936,0.10196457530221942,0.43536037896847446,1.782052193669161,0.10196457530221942,0.8872486176596523,2.2845702462237183,-0.7059987607117653,0.8984311154010324,2.294626082392851,-0.7059987607117653,0.44654287670985443,1.7921080298382936,-0.7059987607117653,0.43536037896847446,1.782052193669161,-0.7059987607117653,0.8872486176596523 0.0007657704
8 1.0451134916245532,-0.06479127571375996,0.9688576590096711,1.0468192454325314,-0.06479127571375996,0.3355137551571944,0.3579005722105908,-0.06479127571375996,0.33365832457187183,0.3561948184026128,-0.06479127571375996,0.9670022284243486,1.0451134916245532,-0.2624408169051823,0.9688576590096711,1.0468192454325314,-0.2624408169051823,0.3355137551571944,0.3579005722105908,-0.2624408169051823,0.33365832457187183,0.3561948184026128,-0.2624408169051823,0.9670022284243486 0.0045326613
8 -0.02289061030147385,-0.04520752152345103,-0.7247412481434663,-0.01500383408022618,-0.04520752152345103,-1.082698786526018,-0.44439693013431714,-0.04520752152345103,-1.0921594819895903,-0.4522837063555648,-0.04520752152345103,-0.7342019436070386,-0.02289061030147385,-0.8022802857504137,-0.7247412481434663,-0.01500383408022618,-0.8022802857504137,-1.082698786526018,-0.44439693013431714,-0.8022802857504137,-1.0921594819895903,-0.4522837063555648,-0.8022802857504137,-0.7342019436070386 0.00018453316
8 2.109183240531074,0.015509621303892163,1.1868960150364245,2.1054382708938464,0.015509621303892163,0.7816885357595196,1.6458016151207813,0.015509621303892163,0.7859365455028211,1.6495465847580089,0.015509621303892163,1.191144024779726,2.109183240531074,-0.8144903341945171,1.1868960150364245,2.1054382708938464,-0.8144903341945171,0.7816885357595196,1.6458016151207813,-0.8144903341945171,0.7859365455028211,1.6495465847580089,-0.8144903341945171,1.191144024779726 0.0005343105
9 1.4142160214887438,0.02369218791685107,2.124489274716758,1.4225331210119496,0.02369218791685107,1.716295332048276,0.9505810938371839,0.02369218791685107,1.7066791384454736,0.9422639943139781,0.02369218791685107,2.1148730811139553,1.4142160214887438,-0.8751385184641838,2.124489274716758,1.4225331210119496,-0.8751385184641838,1.716295332048276,0.9505810938371839,-0.8751385184641838,1.7066791384454736,0.9422639943139781,-0.8751385184641838,2.1148730811139553 0.018945748
9 2.272421105511928,0.1402366785969496,2.47834174602562,2.270930663340405,0.1402366785969496,2.0963105906552366,1.830596701494908,0.1402366785969496,2.0980284932321926,1.8320871436664308,0.1402366785969496,2.480059648602576,2.272421105511928,-0.6652813582386732,2.47834174602562,2.270930663340405,-0.6652813582386732,2.0963105906552366,1.830596701494908,-0.6652813582386732,2.0980284932321926,1.8320871436664308,-0.6652813582386732,2.480059648602576 0.008241785
9 1.9514817471936903,-0.06655180727281568,1.0318361483605456,1.9574143105239155,-0.06655180727281568,0.6341604743645121,1.4793368105455675,-0.06655180727281568,0.6270284689871717,1.4734042472153424,-0.06655180727281568,1.0247041429832051,1.9514817471936903,-0.8759585591670036,1.0318361483605456,1.9574143105239155,-0.8759585591670036,0.6341604743645121,1.4793368105455675,-0.8759585591670036,0.6270284689871717,1.4734042472153424,-0.8759585591670036,1.0247041429832051 0.019905215
9 2.131806038826941,-0.1325215761844158,2.53763763286456,2.13926713197173,-0.1325215761844158,2.1372807513285794,1.6419008741674441,-0.1325215761844158,2.12801178119794,1.634439781022655,-0.1325215761844158,2.5283686627339206,2.131806038826941,-0.9458077485378742,2.53763763286456,2.13926713197173,-0.9458077485378742,2.1372807513285794,1.6419008741674441,-0.9458077485378742,2.12801178119794,1.634439781022655,-0.9458077485378742,2.5283686627339206 0.0035944933
9 -0.19513691931106192,-0.07229850814560414,0.7810117583092525,-0.2027199556698478,-0.07229850814560414,0.4716704780214953,-1.2484937760319557,-0.07229850814560414,0.4973060507956669,-1.2409107396731698,-0.07229850814560414,0.8066473310834241,-0.19513691931106192,-0.2753405161120558,0.7810117583092525,-0.2027199556698478,-0.2753405161120558,0.4716704780214953,-1.2484937760319557,-0.2753405161120558,0.4973060507956669,-1.2409107396731698,-0.2753405161120558,0.8066473310834241 0.11414647
9 1.1265429881334208,0.08027481764864221,1.0187001251316348,1.1294945083709238,0.08027481764864221,0.41867693893435226,0.3929930302381613,0.08027481764864221,0.41505408057210047,0.3900415100006582,0.08027481764864221,1.015077266769383,1.1265429881334208,-0.11680285364698663,1.0187001251316348,1.1294945083709238,-0.11680285364698663,0.41867693893435226,0.3929930302381613,-0.11680285364698663,0.41505408057210047,0.3900415100006582,-0.11680285364698663,1.015077266769383 0.007197746
9 -0.3012570387781666,-0.11796545045373917,0.9495977388576247,-0.30337678213967306,-0.11796545045373917,0.28986704980829403,-1.0773458235799267,-0.11796545045373917,0.29235384595835434,-1.0752260802184201,-0.11796545045373917,0.952084535007685,-0.3012570387781666,-0.29753444535734175,0.9495977388576247,-0.30337678213967306,-0.29753444535734175,0.28986704980829403,-1.0773458235799267,-0.29753444535734175,0.29235384595835434,-1.0752260802184201,-0.29753444535734175,0.952084535007685 0.07215857
9 1.2391758209490473,0.06294928218088153,1.990233507350688,1.2429827728238207,0.06294928218088153,1.4973784126248282,0.7570073360181157,0.06294928218088153,1.4936246011698198,0.7532003841433423,0.06294928218088153,1.9864796958956796,1.2391758209490473,-0.7918343963738441,1.990233507350688,1.2429827728238207,-0.7918343963738441,1.4973784126248282,0.7570073360181157,-0.7918343963738441,1.4936246011698198,0.7532003841433423,-0.7918343963738441,1.9864796958956796 0.005621514
9 0.9126381762143823,-0.22760723431744573,-0.6106364745712954,0.9136252852409994,-0.22760723431744573,-0.9723310014829589,0.4878997914675025,-0.22760723431744573,-0.9734928589247983,0.48691268244088537,-0.22760723431744573,-0.6117983320131348,0.9126381762143823,-1.0565914074595928,-0.6106364745712954,0.9136252852409994,-1.0565914074595928,-0.9723310014829589,0.4878997914675025,-1.0565914074595928,-0.9734928589247983,0.48691268244088537,-1.0565914074595928,-0.6117983320131348 0.012977816
9 -0.34634639142504453,0.15710798097850798,1.1172448964902895,-0.342713236288158,0.15710798097850798,0.4766631002916238,-1.1650470364237715,0.15710798097850798,0.4719991115739806,-1.168680191560658,0.15710798097850798,1.1125809077726463,-0.34634639142504453,-0.06668056739570617,1.1172448964902895,-0.342713236288158,-0.06668056739570617,0.4766631002916238,-1.1650470364237715,-0.06668056739570617,0.4719991115739806,-1.168680191560658,-0.06668056739570617,1.1125809077726463 0.055589933
9 2.0363822744689655,0.014300935965395,0.7860133670503037,2.044467109765777,0.014300935965395,0.38522693593824836,1.60530273453372,0.014300935965395,0.37636792433916166,1.5972178992369088,0.014300935965395,0.777154355451217,2.0363822744689655,-0.8569129640873432,0.7860133670503037,2.044467109765777,-0.8569129640873432,0.38522693593824836,1.60530273453372,-0.8569129640873432,0.37636792433916166,1.5972178992369088,-0.8569129640873432,0.777154355451217 0.006720624
9 0.554174301379427,-0.25105528517075537,-1.4966812474244424,0.559301273156146,-0.25105528517075537,-2.3228336147882316,0.060609820133939674,-0.25105528517075537,-2.325928415585201,0.055482848357220726,-0.25105528517075537,-1.4997760482214122,0.554174301379427,-0.6015775354354763,-1.4966812474244424,0.559301273156146,-0.6015775354354763,-2.3228336147882316,0.060609820133939674,-0.6015775354354763,-2.325928415585201,0.055482848357220726,-0.6015775354354763,-1.4997760482214122 0.990532
9 2.282185021211779,0.1518860944252372,2.724336712324737,2.2894180846680574,0.1518860944252372,2.3209535179369496,1.8424048988321662,0.1518860944252372,2.3129381251691594,1.835171835375888,0.1518860944252372,2.716321319556947,2.282185021211779,-0.6298392899971366,2.724336712324737,2.2894180846680574,-0.6298392899971366,2.3209535179369496,1.8424048988321662,-0.6298392899971366,2.3129381251691594,1.835171835375888,-0.6298392899971366,2.716321319556947 0.010965953
9 0.1233230223182652,-0.024593990472312574,1.2676093861010023,0.11407195732133879,-0.024593990472312574,0.6030586086197491,-0.5713472952369664,-0.024593990472312574,0.6126001790616564,-0.56209623024004,-0.024593990472312574,1.2771509565429096,0.1233230223182652,-0.22568513807917057,1.2676093861010023,0.11407195732133879,-0.22568513807917057,0.6030586086197491,-0.5713472952369664,-0.22568513807917057,0.6126001790616564,-0.56209623024004,-0.22568513807917057,1.2771509565429096 0.007542529
9 1.000063151645911,-0.06770735320785043,-0.3687307084486666,0.9972153300440867,-0.06770735320785043,-0.8165320853597224,0.4724344307896969,-0.06770735320785043,-0.8131947075440702,0.4752822523915213,-0.06770735320785043,-0.3653933306330144,1.000063151645911,-0.7849060362841844,-0.3687307084486666,0.9972153300440867,-0.7849060362841844,-0.8165320853597224,0.4724344307896969,-0.7849060362841844,-0.8131947075440702,0.4752822523915213,-0.7849060362841844,-0.3653933306330144 0.109950446
9 -0.06276950646033974,0.03781554527657151,1.1826127276792855,-0.0715507694228924,0.03781554527657151,0.4485009618963983,-0.8742883462847164,0.03781554527657151,0.4581031097993523,-0.8655070833221638,0.03781554527657151,1.1922148755822395,-0.06276950646033974,-0.1690823031224501,1.1826127276792855,-0.0715507694228924,-0.1690823031224501,0.4485009618963983,-0.8742883462847164,-0.1690823031224501,0.4581031097993523,-0.8655070833221638,-0.1690823031224501,1.1922148755822395 0.033556208
9 2.2845702462237183,0.10196457530221942,0.8984311154010324,2.294626082392851,0.10196457530221942,0.44654287670985443,1.7921080298382936,0.10196457530221942,0.43536037896847446,1.782052193669161,0.10196457530221942,0.8872486176596523,2.2845702462237183,-0.7059987607117653,0.8984311154010324,2.294626082392851,-0.7059987607117653,0.44654287670985443,1.7921080298382936,-0.7059987607117653,0.43536037896847446,1.782052193669161,-0.7059987607117653,0.8872486176596523 0.02783229
9 1.0451134916245532,-0.06479127571375996,0.9688576590096711,1.0468192454325314,-0.06479127571375996,0.3355137551571944,0.3579005722105908,-0.06479127571375996,0.33365832457187183,0.3561948184026128,-0.06479127571375996,0.9670022284243486,1.0451134916245532,-0.2624408169051823,0.9688576590096711,1.0468192454325314,-0.2624408169051823,0.3355137551571944,0.3579005722105908,-0.2624408169051823,0.33365832457187183,0.3561948184026128,-0.2624408169051823,0.9670022284243486 0.0073579615
9 -0.02289061030147385,-0.04520752152345103,-0.7247412481434663,-0.01500383408022618,-0.04520752152345103,-1.082698786526018,-0.44439693013431714,-0.04520752152345103,-1.0921594819895903,-0.4522837063555648,-0.04520752152345103,-0.7342019436070386,-0.02289061030147385,-0.8022802857504137,-0.7247412481434663,-0.01500383408022618,-0.8022802857504137,-1.082698786526018,-0.44439693013431714,-0.8022802857504137,-1.0921594819895903,-0.4522837063555648,-0.8022802857504137,-0.7342019436070386 0.005096535
9 2.109183240531074,0.015509621303892163,1.1868960150364245,2.1054382708938464,0.015509621303892163,0.7816885357595196,1.6458016151207813,0.015509621303892163,0.7859365455028211,1.6495465847580089,0.015509621303892163,1.191144024779726,2.109183240531074,-0.8144903341945171,1.1868960150364245,2.1054382708938464,-0.8144903341945171,0.7816885357595196,1.6458016151207813,-0.8144903341945171,0.7859365455028211,1.6495465847580089,-0.8144903341945171,1.191144024779726 0.015330303
