0 0.40763372498164435,0.041916227812709816,1.0543607238309267,0.41034339089289706,0.041916227812709816,0.7190151490714614,0.007004496282241146,0.041916227812709816,0.7157560821993466,0.004294830370988434,0.041916227812709816,1.051101656958812,0.40763372498164435,-0.9246076111745263,1.0543607238309267,0.41034339089289706,-0.9246076111745263,0.7190151490714614,0.007004496282241146,-0.9246076111745263,0.7157560821993466,0.004294830370988434,-0.9246076111745263,1.051101656958812 0.029498355
0 -0.347961402168727,0.062214346892033215,1.0502047383814508,-0.3486293589589084,0.062214346892033215,0.39969377839250847,-1.087776565322423,0.062214346892033215,0.4004527485341376,-1.0871086085322414,0.062214346892033215,1.0509637085230799,-0.347961402168727,-0.13967167056242047,1.0502047383814508,-0.3486293589589084,-0.13967167056242047,0.39969377839250847,-1.087776565322423,-0.13967167056242047,0.4004527485341376,-1.0871086085322414,-0.13967167056242047,1.0509637085230799 0.93964046
0 0.39798044389449627,-0.14329555918758868,1.4935152244844057,0.3985310425849584,-0.14329555918758868,1.157719001130872,0.12017882639206376,-0.14329555918758868,1.1572625922880553,0.11962822770160167,-0.14329555918758868,1.493058815641589,0.39798044389449627,-0.844637361268344,1.4935152244844057,0.3985310425849584,-0.844637361268344,1.157719001130872,0.12017882639206376,-0.844637361268344,1.1572625922880553,0.11962822770160167,-0.844637361268344,1.493058815641589 0.02003617
0 1.062367427504587,-0.17215824772753713,-1.598677555708587,1.068253164881844,-0.17215824772753713,-1.939793683929722,0.5815883992547516,-0.17215824772753713,-1.948190768571198,0.5757026618774943,-0.17215824772753713,-1.607074640350063,1.062367427504587,-0.8413400585468769,-1.598677555708587,1.068253164881844,-0.8413400585468769,-1.939793683929722,0.5815883992547516,-0.8413400585468769,-1.948190768571198,0.5757026618774943,-0.8413400585468769,-1.607074640350063 0.032892972
0 -0.4155612720825433,-0.07918698305886195,0.8486640099987994,-0.4155601689308425,-0.07918698305886195,0.19027387083127983,-1.1710468993804695,-0.07918698305886195,0.190272604991435,-1.1710480025321701,-0.07918698305886195,0.8486627441589545,-0.4155612720825433,-0.2764494646092136,0.8486640099987994,-0.4155601689308425,-0.2764494646092136,0.19027387083127983,-1.1710468993804695,-0.2764494646092136,0.190272604991435,-1.1710480025321701,-0.2764494646092136,0.8486627441589545 0.9407722
0 0.5618372895053083,0.0031214333776295455,-0.9070186061853525,0.559335986795697,0.0031214333776295455,-1.3369353544187035,0.06939163429229914,0.0031214333776295455,-1.3340848045354727,0.07189293700191049,0.0031214333776295455,-0.9041680563021217,0.5618372895053083,-0.7612009025815785,-0.9070186061853525,0.559335986795697,-0.7612009025815785,-1.3369353544187035,0.06939163429229914,-0.7612009025815785,-1.3340848045354727,0.07189293700191049,-0.7612009025815785,-0.9041680563021217 0.00029815012
0 0.8720393986104535,0.09783223417437675,-1.5258443382092108,0.8797281474702221,0.09783223417437675,-1.9837156947784944,0.4259832292200519,0.09783223417437675,-1.9913351509265313,0.4182944803602832,0.09783223417437675,-1.5334637943572478,0.8720393986104535,-0.6533786371055901,-1.5258443382092108,0.8797281474702221,-0.6533786371055901,-1.9837156947784944,0.4259832292200519,-0.6533786371055901,-1.9913351509265313,0.4182944803602832,-0.6533786371055901,-1.5334637943572478 0.00045351096
0 0.370321892738532,-0.013245740060863487,1.2749668464773847,0.3746018703290287,-0.013245740060863487,0.8986743136042354,0.08902511692028148,-0.013245740060863487,0.89542614363492,0.08474513932978478,-0.013245740060863487,1.2717186765080692,0.370321892738532,-0.8413621996592904,1.2749668464773847,0.3746018703290287,-0.8413621996592904,0.8986743136042354,0.08902511692028148,-0.8413621996592904,0.89542614363492,0.08474513932978478,-0.8413621996592904,1.2717186765080692 0.013933451
0 0.41743972476999486,-0.014742842811727497,1.1352338028785005,0.4135099885724528,-0.014742842811727497,0.7913893704378178,0.019604806336953995,-0.014742842811727497,0.7958912419441924,0.02353454253449605,-0.014742842811727497,1.139735674384875,0.41743972476999486,-0.8148509348448276,1.1352338028785005,0.4135099885724528,-0.8148509348448276,0.7913893704378178,0.019604806336953995,-0.8148509348448276,0.7958912419441924,0.02353454253449605,-0.8148509348448276,1.139735674384875 0.016069895
1 0.40763372498164435,0.041916227812709816,1.0543607238309267,0.41034339089289706,0.041916227812709816,0.7190151490714614,0.007004496282241146,0.041916227812709816,0.7157560821993466,0.004294830370988434,0.041916227812709816,1.051101656958812,0.40763372498164435,-0.9246076111745263,1.0543607238309267,0.41034339089289706,-0.9246076111745263,0.7190151490714614,0.007004496282241146,-0.9246076111745263,0.7157560821993466,0.004294830370988434,-0.9246076111745263,1.051101656958812 0.024766404
1 -0.347961402168727,0.062214346892033215,1.0502047383814508,-0.3486293589589084,0.062214346892033215,0.39969377839250847,-1.087776565322423,0.062214346892033215,0.4004527485341376,-1.0871086085322414,0.062214346892033215,1.0509637085230799,-0.347961402168727,-0.13967167056242047,1.0502047383814508,-0.3486293589589084,-0.13967167056242047,0.39969377839250847,-1.087776565322423,-0.13967167056242047,0.4004527485341376,-1.0871086085322414,-0.13967167056242047,1.0509637085230799 0.02079039
1 0.39798044389449627,-0.14329555918758868,1.4935152244844057,0.3985310425849584,-0.14329555918758868,1.157719001130872,0.12017882639206376,-0.14329555918758868,1.1572625922880553,0.11962822770160167,-0.14329555918758868,1.493058815641589,0.39798044389449627,-0.844637361268344,1.4935152244844057,0.3985310425849584,-0.844637361268344,1.157719001130872,0.12017882639206376,-0.844637361268344,1.1572625922880553,0.11962822770160167,-0.844637361268344,1.493058815641589 0.0945032
1 1.062367427504587,-0.17215824772753713,-1.598677555708587,1.068253164881844,-0.17215824772753713,-1.939793683929722,0.5815883992547516,-0.17215824772753713,-1.948190768571198,0.5757026618774943,-0.17215824772753713,-1.607074640350063,1.062367427504587,-0.8413400585468769,-1.598677555708587,1.068253164881844,-0.8413400585468769,-1.939793683929722,0.5815883992547516,-0.8413400585468769,-1.948190768571198,0.5757026618774943,-0.8413400585468769,-1.607074640350063 0.046669018
1 -0.4155612720825433,-0.07918698305886195,0.8486640099987994,-0.4155601689308425,-0.07918698305886195,0.19027387083127983,-1.1710468993804695,-0.07918698305886195,0.190272604991435,-1.1710480025321701,-0.07918698305886195,0.8486627441589545,-0.4155612720825433,-0.2764494646092136,0.8486640099987994,-0.4155601689308425,-0.2764494646092136,0.19027387083127983,-1.1710468993804695,-0.2764494646092136,0.190272604991435,-1.1710480025321701,-0.2764494646092136,0.8486627441589545 0.017035695
1 0.5618372895053083,0.0031214333776295455,-0.9070186061853525,0.559335986795697,0.0031214333776295455,-1.3369353544187035,0.06939163429229914,0.0031214333776295455,-1.3340848045354727,0.07189293700191049,0.0031214333776295455,-0.9041680563021217,0.5618372895053083,-0.7612009025815785,-0.9070186061853525,0.559335986795697,-0.7612009025815785,-1.3369353544187035,0.06939163429229914,-0.7612009025815785,-1.3340848045354727,0.07189293700191049,-0.7612009025815785,-0.9041680563021217 0.00014143875
1 0.8720393986104535,0.09783223417437675,-1.5258443382092108,0.8797281474702221,0.09783223417437675,-1.9837156947784944,0.4259832292200519,0.09783223417437675,-1.9913351509265313,0.4182944803602832,0.09783223417437675,-1.5334637943572478,0.8720393986104535,-0.6533786371055901,-1.5258443382092108,0.8797281474702221,-0.6533786371055901,-1.9837156947784944,0.4259832292200519,-0.6533786371055901,-1.9913351509265313,0.4182944803602832,-0.6533786371055901,-1.5334637943572478 0.00024656035
1 0.370321892738532,-0.013245740060863487,1.2749668464773847,0.3746018703290287,-0.013245740060863487,0.8986743136042354,0.08902511692028148,-0.013245740060863487,0.89542614363492,0.08474513932978478,-0.013245740060863487,1.2717186765080692,0.370321892738532,-0.8413621996592904,1.2749668464773847,0.3746018703290287,-0.8413621996592904,0.8986743136042354,0.08902511692028148,-0.8413621996592904,0.89542614363492,0.08474513932978478,-0.8413621996592904,1.2717186765080692 0.058952518
1 0.41743972476999486,-0.014742842811727497,1.1352338028785005,0.4135099885724528,-0.014742842811727497,0.7913893704378178,0.019604806336953995,-0.014742842811727497,0.7958912419441924,0.02353454253449605,-0.014742842811727497,1.139735674384875,0.41743972476999486,-0.8148509348448276,1.1352338028785005,0.4135099885724528,-0.8148509348448276,0.7913893704378178,0.019604806336953995,-0.8148509348448276,0.7958912419441924,0.02353454253449605,-0.8148509348448276,1.139735674384875 0.016791955
2 0.40763372498164435,0.041916227812709816,1.0543607238309267,0.41034339089289706,0.041916227812709816,0.7190151490714614,0.007004496282241146,0.041916227812709816,0.7157560821993466,0.004294830370988434,0.041916227812709816,1.051101656958812,0.40763372498164435,-0.9246076111745263,1.0543607238309267,0.41034339089289706,-0.9246076111745263,0.7190151490714614,0.007004496282241146,-0.9246076111745263,0.7157560821993466,0.004294830370988434,-0.9246076111745263,1.051101656958812 0.11931999
2 -0.347961402168727,0.062214346892033215,1.0502047383814508,-0.3486293589589084,0.062214346892033215,0.39969377839250847,-1.087776565322423,0.062214346892033215,0.4004527485341376,-1.0871086085322414,0.062214346892033215,1.0509637085230799,-0.347961402168727,-0.13967167056242047,1.0502047383814508,-0.3486293589589084,-0.13967167056242047,0.39969377839250847,-1.087776565322423,-0.13967167056242047,0.4004527485341376,-1.0871086085322414,-0.13967167056242047,1.0509637085230799 0.001175295
2 0.39798044389449627,-0.14329555918758868,1.4935152244844057,0.3985310425849584,-0.14329555918758868,1.157719001130872,0.12017882639206376,-0.14329555918758868,1.1572625922880553,0.11962822770160167,-0.14329555918758868,1.493058815641589,0.39798044389449627,-0.844637361268344,1.4935152244844057,0.3985310425849584,-0.844637361268344,1.157719001130872,0.12017882639206376,-0.844637361268344,1.1572625922880553,0.11962822770160167,-0.844637361268344,1.493058815641589 0.049218614
2 1.062367427504587,-0.17215824772753713,-1.598677555708587,1.068253164881844,-0.17215824772753713,-1.939793683929722,0.5815883992547516,-0.17215824772753713,-1.948190768571198,0.5757026618774943,-0.17215824772753713,-1.607074640350063,1.062367427504587,-0.8413400585468769,-1.598677555708587,1.068253164881844,-0.8413400585468769,-1.939793683929722,0.5815883992547516,-0.8413400585468769,-1.948190768571198,0.5757026618774943,-0.8413400585468769,-1.607074640350063 0.44730666
2 -0.4155612720825433,-0.07918698305886195,0.8486640099987994,-0.4155601689308425,-0.07918698305886195,0.19027387083127983,-1.1710468993804695,-0.07918698305886195,0.190272604991435,-1.1710480025321701,-0.07918698305886195,0.8486627441589545,-0.4155612720825433,-0.2764494646092136,0.8486640099987994,-0.4155601689308425,-0.2764494646092136,0.19027387083127983,-1.1710468993804695,-0.2764494646092136,0.190272604991435,-1.1710480025321701,-0.2764494646092136,0.8486627441589545 0.0014898574
2 0.5618372895053083,0.0031214333776295455,-0.9070186061853525,0.559335986795697,0.0031214333776295455,-1.3369353544187035,0.06939163429229914,0.0031214333776295455,-1.3340848045354727,0.07189293700191049,0.0031214333776295455,-0.9041680563021217,0.5618372895053083,-0.7612009025815785,-0.9070186061853525,0.559335986795697,-0.7612009025815785,-1.3369353544187035,0.06939163429229914,-0.7612009025815785,-1.3340848045354727,0.07189293700191049,-0.7612009025815785,-0.9041680563021217 0.98916596
2 0.8720393986104535,0.09783223417437675,-1.5258443382092108,0.8797281474702221,0.09783223417437675,-1.9837156947784944,0.4259832292200519,0.09783223417437675,-1.9913351509265313,0.4182944803602832,0.09783223417437675,-1.5334637943572478,0.8720393986104535,-0.6533786371055901,-1.5258443382092108,0.8797281474702221,-0.6533786371055901,-1.9837156947784944,0.4259832292200519,-0.6533786371055901,-1.9913351509265313,0.4182944803602832,-0.6533786371055901,-1.5334637943572478 0.9838239
2 0.370321892738532,-0.013245740060863487,1.2749668464773847,0.3746018703290287,-0.013245740060863487,0.8986743136042354,0.08902511692028148,-0.013245740060863487,0.89542614363492,0.08474513932978478,-0.013245740060863487,1.2717186765080692,0.370321892738532,-0.8413621996592904,1.2749668464773847,0.3746018703290287,-0.8413621996592904,0.8986743136042354,0.08902511692028148,-0.8413621996592904,0.89542614363492,0.08474513932978478,-0.8413621996592904,1.2717186765080692 0.10098709
2 0.41743972476999486,-0.014742842811727497,1.1352338028785005,0.4135099885724528,-0.014742842811727497,0.7913893704378178,0.019604806336953995,-0.014742842811727497,0.7958912419441924,0.02353454253449605,-0.014742842811727497,1.139735674384875,0.41743972476999486,-0.8148509348448276,1.1352338028785005,0.4135099885724528,-0.8148509348448276,0.7913893704378178,0.019604806336953995,-0.8148509348448276,0.7958912419441924,0.02353454253449605,-0.8148509348448276,1.139735674384875 0.422731
3 0.40763372498164435,0.041916227812709816,1.0543607238309267,0.41034339089289706,0.041916227812709816,0.7190151490714614,0.007004496282241146,0.041916227812709816,0.7157560821993466,0.004294830370988434,0.041916227812709816,1.051101656958812,0.40763372498164435,-0.9246076111745263,1.0543607238309267,0.41034339089289706,-0.9246076111745263,0.7190151490714614,0.007004496282241146,-0.9246076111745263,0.7157560821993466,0.004294830370988434,-0.9246076111745263,1.051101656958812 0.17871574
3 -0.347961402168727,0.062214346892033215,1.0502047383814508,-0.3486293589589084,0.062214346892033215,0.39969377839250847,-1.087776565322423,0.062214346892033215,0.4004527485341376,-1.0871086085322414,0.062214346892033215,1.0509637085230799,-0.347961402168727,-0.13967167056242047,1.0502047383814508,-0.3486293589589084,-0.13967167056242047,0.39969377839250847,-1.087776565322423,-0.13967167056242047,0.4004527485341376,-1.0871086085322414,-0.13967167056242047,1.0509637085230799 0.006687471
3 0.39798044389449627,-0.14329555918758868,1.4935152244844057,0.3985310425849584,-0.14329555918758868,1.157719001130872,0.12017882639206376,-0.14329555918758868,1.1572625922880553,0.11962822770160167,-0.14329555918758868,1.493058815641589,0.39798044389449627,-0.844637361268344,1.4935152244844057,0.3985310425849584,-0.844637361268344,1.157719001130872,0.12017882639206376,-0.844637361268344,1.1572625922880553,0.11962822770160167,-0.844637361268344,1.493058815641589 0.1615198
3 1.062367427504587,-0.17215824772753713,-1.598677555708587,1.068253164881844,-0.17215824772753713,-1.939793683929722,0.5815883992547516,-0.17215824772753713,-1.948190768571198,0.5757026618774943,-0.17215824772753713,-1.607074640350063,1.062367427504587,-0.8413400585468769,-1.598677555708587,1.068253164881844,-0.8413400585468769,-1.939793683929722,0.5815883992547516,-0.8413400585468769,-1.948190768571198,0.5757026618774943,-0.8413400585468769,-1.607074640350063 0.055797108
3 -0.4155612720825433,-0.07918698305886195,0.8486640099987994,-0.4155601689308425,-0.07918698305886195,0.19027387083127983,-1.1710468993804695,-0.07918698305886195,0.190272604991435,-1.1710480025321701,-0.07918698305886195,0.8486627441589545,-0.4155612720825433,-0.2764494646092136,0.8486640099987994,-0.4155601689308425,-0.2764494646092136,0.19027387083127983,-1.1710468993804695,-0.2764494646092136,0.190272604991435,-1.1710480025321701,-0.2764494646092136,0.8486627441589545 0.0073728343
3 0.5618372895053083,0.0031214333776295455,-0.9070186061853525,0.559335986795697,0.0031214333776295455,-1.3369353544187035,0.06939163429229914,0.0031214333776295455,-1.3340848045354727,0.07189293700191049,0.0031214333776295455,-0.9041680563021217,0.5618372895053083,-0.7612009025815785,-0.9070186061853525,0.559335986795697,-0.7612009025815785,-1.3369353544187035,0.06939163429229914,-0.7612009025815785,-1.3340848045354727,0.07189293700191049,-0.7612009025815785,-0.9041680563021217 0.00027848245
3 0.8720393986104535,0.09783223417437675,-1.5258443382092108,0.8797281474702221,0.09783223417437675,-1.9837156947784944,0.4259832292200519,0.09783223417437675,-1.9913351509265313,0.4182944803602832,0.09783223417437675,-1.5334637943572478,0.8720393986104535,-0.6533786371055901,-1.5258443382092108,0.8797281474702221,-0.6533786371055901,-1.9837156947784944,0.4259832292200519,-0.6533786371055901,-1.9913351509265313,0.4182944803602832,-0.6533786371055901,-1.5334637943572478 0.00040018858
3 0.370321892738532,-0.013245740060863487,1.2749668464773847,0.3746018703290287,-0.013245740060863487,0.8986743136042354,0.08902511692028148,-0.013245740060863487,0.89542614363492,0.08474513932978478,-0.013245740060863487,1.2717186765080692,0.370321892738532,-0.8413621996592904,1.2749668464773847,0.3746018703290287,-0.8413621996592904,0.8986743136042354,0.08902511692028148,-0.8413621996592904,0.89542614363492,0.08474513932978478,-0.8413621996592904,1.2717186765080692 0.10514346
3 0.41743972476999486,-0.014742842811727497,1.1352338028785005,0.4135099885724528,-0.014742842811727497,0.7913893704378178,0.019604806336953995,-0.014742842811727497,0.7958912419441924,0.02353454253449605,-0.014742842811727497,1.139735674384875,0.41743972476999486,-0.8148509348448276,1.1352338028785005,0.4135099885724528,-0.8148509348448276,0.7913893704378178,0.019604806336953995,-0.8148509348448276,0.7958912419441924,0.02353454253449605,-0.8148509348448276,1.139735674384875 0.06747307
4 0.40763372498164435,0.041916227812709816,1.0543607238309267,0.41034339089289706,0.041916227812709816,0.7190151490714614,0.007004496282241146,0.041916227812709816,0.7157560821993466,0.004294830370988434,0.041916227812709816,1.051101656958812,0.40763372498164435,-0.9246076111745263,1.0543607238309267,0.41034339089289706,-0.9246076111745263,0.7190151490714614,0.007004496282241146,-0.9246076111745263,0.7157560821993466,0.004294830370988434,-0.9246076111745263,1.051101656958812 0.0578483
4 -0.347961402168727,0.062214346892033215,1.0502047383814508,-0.3486293589589084,0.062214346892033215,0.39969377839250847,-1.087776565322423,0.062214346892033215,0.4004527485341376,-1.0871086085322414,0.062214346892033215,1.0509637085230799,-0.347961402168727,-0.13967167056242047,1.0502047383814508,-0.3486293589589084,-0.13967167056242047,0.39969377839250847,-1.087776565322423,-0.13967167056242047,0.4004527485341376,-1.0871086085322414,-0.13967167056242047,1.0509637085230799 0.0021828872
4 0.39798044389449627,-0.14329555918758868,1.4935152244844057,0.3985310425849584,-0.14329555918758868,1.157719001130872,0.12017882639206376,-0.14329555918758868,1.1572625922880553,0.11962822770160167,-0.14329555918758868,1.493058815641589,0.39798044389449627,-0.844637361268344,1.4935152244844057,0.3985310425849584,-0.844637361268344,1.157719001130872,0.12017882639206376,-0.844637361268344,1.1572625922880553,0.11962822770160167,-0.844637361268344,1.493058815641589 0.08143987
4 1.062367427504587,-0.17215824772753713,-1.598677555708587,1.068253164881844,-0.17215824772753713,-1.939793683929722,0.5815883992547516,-0.17215824772753713,-1.948190768571198,0.5757026618774943,-0.17215824772753713,-1.607074640350063,1.062367427504587,-0.8413400585468769,-1.598677555708587,1.068253164881844,-0.8413400585468769,-1.939793683929722,0.5815883992547516,-0.8413400585468769,-1.948190768571198,0.5757026618774943,-0.8413400585468769,-1.607074640350063 0.0607676
4 -0.4155612720825433,-0.07918698305886195,0.8486640099987994,-0.4155601689308425,-0.07918698305886195,0.19027387083127983,-1.1710468993804695,-0.07918698305886195,0.190272604991435,-1.1710480025321701,-0.07918698305886195,0.8486627441589545,-0.4155612720825433,-0.2764494646092136,0.8486640099987994,-0.4155601689308425,-0.2764494646092136,0.19027387083127983,-1.1710468993804695,-0.2764494646092136,0.190272604991435,-1.1710480025321701,-0.2764494646092136,0.8486627441589545 0.002588914
4 0.5618372895053083,0.0031214333776295455,-0.9070186061853525,0.559335986795697,0.0031214333776295455,-1.3369353544187035,0.06939163429229914,0.0031214333776295455,-1.3340848045354727,0.07189293700191049,0.0031214333776295455,-0.9041680563021217,0.5618372895053083,-0.7612009025815785,-0.9070186061853525,0.559335986795697,-0.7612009025815785,-1.3369353544187035,0.06939163429229914,-0.7612009025815785,-1.3340848045354727,0.07189293700191049,-0.7612009025815785,-0.9041680563021217 0.00017928006
4 0.8720393986104535,0.09783223417437675,-1.5258443382092108,0.8797281474702221,0.09783223417437675,-1.9837156947784944,0.4259832292200519,0.09783223417437675,-1.9913351509265313,0.4182944803602832,0.09783223417437675,-1.5334637943572478,0.8720393986104535,-0.6533786371055901,-1.5258443382092108,0.8797281474702221,-0.6533786371055901,-1.9837156947784944,0.4259832292200519,-0.6533786371055901,-1.9913351509265313,0.4182944803602832,-0.6533786371055901,-1.5334637943572478 0.0003394164
4 0.370321892738532,-0.013245740060863487,1.2749668464773847,0.3746018703290287,-0.013245740060863487,0.8986743136042354,0.08902511692028148,-0.013245740060863487,0.89542614363492,0.08474513932978478,-0.013245740060863487,1.2717186765080692,0.370321892738532,-0.8413621996592904,1.2749668464773847,0.3746018703290287,-0.8413621996592904,0.8986743136042354,0.08902511692028148,-0.8413621996592904,0.89542614363492,0.08474513932978478,-0.8413621996592904,1.2717186765080692 0.07065579
4 0.41743972476999486,-0.014742842811727497,1.1352338028785005,0.4135099885724528,-0.014742842811727497,0.7913893704378178,0.019604806336953995,-0.014742842811727497,0.7958912419441924,0.02353454253449605,-0.014742842811727497,1.139735674384875,0.41743972476999486,-0.8148509348448276,1.1352338028785005,0.4135099885724528,-0.8148509348448276,0.7913893704378178,0.019604806336953995,-0.8148509348448276,0.7958912419441924,0.02353454253449605,-0.8148509348448276,1.139735674384875 0.04560657
5 0.40763372498164435,0.041916227812709816,1.0543607238309267,0.41034339089289706,0.041916227812709816,0.7190151490714614,0.007004496282241146,0.041916227812709816,0.7157560821993466,0.004294830370988434,0.041916227812709816,1.051101656958812,0.40763372498164435,-0.9246076111745263,1.0543607238309267,0.41034339089289706,-0.9246076111745263,0.7190151490714614,0.007004496282241146,-0.9246076111745263,0.7157560821993466,0.004294830370988434,-0.9246076111745263,1.051101656958812 0.48758227
5 -0.347961402168727,0.062214346892033215,1.0502047383814508,-0.3486293589589084,0.062214346892033215,0.39969377839250847,-1.087776565322423,0.062214346892033215,0.4004527485341376,-1.0871086085322414,0.062214346892033215,1.0509637085230799,-0.347961402168727,-0.13967167056242047,1.0502047383814508,-0.3486293589589084,-0.13967167056242047,0.39969377839250847,-1.087776565322423,-0.13967167056242047,0.4004527485341376,-1.0871086085322414,-0.13967167056242047,1.0509637085230799 0.014219037
5 0.39798044389449627,-0.14329555918758868,1.4935152244844057,0.3985310425849584,-0.14329555918758868,1.157719001130872,0.12017882639206376,-0.14329555918758868,1.1572625922880553,0.11962822770160167,-0.14329555918758868,1.493058815641589,0.39798044389449627,-0.844637361268344,1.4935152244844057,0.3985310425849584,-0.844637361268344,1.157719001130872,0.12017882639206376,-0.844637361268344,1.1572625922880553,0.11962822770160167,-0.844637361268344,1.493058815641589 0.47966382
5 1.062367427504587,-0.17215824772753713,-1.598677555708587,1.068253164881844,-0.17215824772753713,-1.939793683929722,0.5815883992547516,-0.17215824772753713,-1.948190768571198,0.5757026618774943,-0.17215824772753713,-1.607074640350063,1.062367427504587,-0.8413400585468769,-1.598677555708587,1.068253164881844,-0.8413400585468769,-1.939793683929722,0.5815883992547516,-0.8413400585468769,-1.948190768571198,0.5757026618774943,-0.8413400585468769,-1.607074640350063 0.16479525
5 -0.4155612720825433,-0.07918698305886195,0.8486640099987994,-0.4155601689308425,-0.07918698305886195,0.19027387083127983,-1.1710468993804695,-0.07918698305886195,0.190272604991435,-1.1710480025321701,-0.07918698305886195,0.8486627441589545,-0.4155612720825433,-0.2764494646092136,0.8486640099987994,-0.4155601689308425,-0.2764494646092136,0.19027387083127983,-1.1710468993804695,-0.2764494646092136,0.190272604991435,-1.1710480025321701,-0.2764494646092136,0.8486627441589545 0.012972316
5 0.5618372895053083,0.0031214333776295455,-0.9070186061853525,0.559335986795697,0.0031214333776295455,-1.3369353544187035,0.06939163429229914,0.0031214333776295455,-1.3340848045354727,0.07189293700191049,0.0031214333776295455,-0.9041680563021217,0.5618372895053083,-0.7612009025815785,-0.9070186061853525,0.559335986795697,-0.7612009025815785,-1.3369353544187035,0.06939163429229914,-0.7612009025815785,-1.3340848045354727,0.07189293700191049,-0.7612009025815785,-0.9041680563021217 0.0016553085
5 0.8720393986104535,0.09783223417437675,-1.5258443382092108,0.8797281474702221,0.09783223417437675,-1.9837156947784944,0.4259832292200519,0.09783223417437675,-1.9913351509265313,0.4182944803602832,0.09783223417437675,-1.5334637943572478,0.8720393986104535,-0.6533786371055901,-1.5258443382092108,0.8797281474702221,-0.6533786371055901,-1.9837156947784944,0.4259832292200519,-0.6533786371055901,-1.9913351509265313,0.4182944803602832,-0.6533786371055901,-1.5334637943572478 0.0035701431
5 0.370321892738532,-0.013245740060863487,1.2749668464773847,0.3746018703290287,-0.013245740060863487,0.8986743136042354,0.08902511692028148,-0.013245740060863487,0.89542614363492,0.08474513932978478,-0.013245740060863487,1.2717186765080692,0.370321892738532,-0.8413621996592904,1.2749668464773847,0.3746018703290287,-0.8413621996592904,0.8986743136042354,0.08902511692028148,-0.8413621996592904,0.89542614363492,0.08474513932978478,-0.8413621996592904,1.2717186765080692 0.534025
5 0.41743972476999486,-0.014742842811727497,1.1352338028785005,0.4135099885724528,-0.014742842811727497,0.7913893704378178,0.019604806336953995,-0.014742842811727497,0.7958912419441924,0.02353454253449605,-0.014742842811727497,1.139735674384875,0.41743972476999486,-0.8148509348448276,1.1352338028785005,0.4135099885724528,-0.8148509348448276,0.7913893704378178,0.019604806336953995,-0.8148509348448276,0.7958912419441924,0.02353454253449605,-0.8148509348448276,1.139735674384875 0.29289225
6 0.40763372498164435,0.041916227812709816,1.0543607238309267,0.41034339089289706,0.041916227812709816,0.7190151490714614,0.007004496282241146,0.041916227812709816,0.7157560821993466,0.004294830370988434,0.041916227812709816,1.051101656958812,0.40763372498164435,-0.9246076111745263,1.0543607238309267,0.41034339089289706,-0.9246076111745263,0.7190151490714614,0.007004496282241146,-0.9246076111745263,0.7157560821993466,0.004294830370988434,-0.9246076111745263,1.051101656958812 0.016647374
6 -0.347961402168727,0.062214346892033215,1.0502047383814508,-0.3486293589589084,0.062214346892033215,0.39969377839250847,-1.087776565322423,0.062214346892033215,0.4004527485341376,-1.0871086085322414,0.062214346892033215,1.0509637085230799,-0.347961402168727,-0.13967167056242047,1.0502047383814508,-0.3486293589589084,-0.13967167056242047,0.39969377839250847,-1.087776565322423,-0.13967167056242047,0.4004527485341376,-1.0871086085322414,-0.13967167056242047,1.0509637085230799 0.007868053
6 0.39798044389449627,-0.14329555918758868,1.4935152244844057,0.3985310425849584,-0.14329555918758868,1.157719001130872,0.12017882639206376,-0.14329555918758868,1.1572625922880553,0.11962822770160167,-0.14329555918758868,1.493058815641589,0.39798044389449627,-0.844637361268344,1.4935152244844057,0.3985310425849584,-0.844637361268344,1.157719001130872,0.12017882639206376,-0.844637361268344,1.1572625922880553,0.11962822770160167,-0.844637361268344,1.493058815641589 0.017320473
6 1.062367427504587,-0.17215824772753713,-1.598677555708587,1.068253164881844,-0.17215824772753713,-1.939793683929722,0.5815883992547516,-0.17215824772753713,-1.948190768571198,0.5757026618774943,-0.17215824772753713,-1.607074640350063,1.062367427504587,-0.8413400585468769,-1.598677555708587,1.068253164881844,-0.8413400585468769,-1.939793683929722,0.5815883992547516,-0.8413400585468769,-1.948190768571198,0.5757026618774943,-0.8413400585468769,-1.607074640350063 0.014069377
6 -0.4155612720825433,-0.07918698305886195,0.8486640099987994,-0.4155601689308425,-0.07918698305886195,0.19027387083127983,-1.1710468993804695,-0.07918698305886195,0.190272604991435,-1.1710480025321701,-0.07918698305886195,0.8486627441589545,-0.4155612720825433,-0.2764494646092136,0.8486640099987994,-0.4155601689308425,-0.2764494646092136,0.19027387083127983,-1.1710468993804695,-0.2764494646092136,0.190272604991435,-1.1710480025321701,-0.2764494646092136,0.8486627441589545 0.008813849
6 0.5618372895053083,0.0031214333776295455,-0.9070186061853525,0.559335986795697,0.0031214333776295455,-1.3369353544187035,0.06939163429229914,0.0031214333776295455,-1.3340848045354727,0.07189293700191049,0.0031214333776295455,-0.9041680563021217,0.5618372895053083,-0.7612009025815785,-0.9070186061853525,0.559335986795697,-0.7612009025815785,-1.3369353544187035,0.06939163429229914,-0.7612009025815785,-1.3340848045354727,0.07189293700191049,-0.7612009025815785,-0.9041680563021217 0.00011952539
6 0.8720393986104535,0.09783223417437675,-1.5258443382092108,0.8797281474702221,0.09783223417437675,-1.9837156947784944,0.4259832292200519,0.09783223417437675,-1.9913351509265313,0.4182944803602832,0.09783223417437675,-1.5334637943572478,0.8720393986104535,-0.6533786371055901,-1.5258443382092108,0.8797281474702221,-0.6533786371055901,-1.9837156947784944,0.4259832292200519,-0.6533786371055901,-1.9913351509265313,0.4182944803602832,-0.6533786371055901,-1.5334637943572478 0.00020044182
6 0.370321892738532,-0.013245740060863487,1.2749668464773847,0.3746018703290287,-0.013245740060863487,0.8986743136042354,0.08902511692028148,-0.013245740060863487,0.89542614363492,0.08474513932978478,-0.013245740060863487,1.2717186765080692,0.370321892738532,-0.8413621996592904,1.2749668464773847,0.3746018703290287,-0.8413621996592904,0.8986743136042354,0.08902511692028148,-0.8413621996592904,0.89542614363492,0.08474513932978478,-0.8413621996592904,1.2717186765080692 0.015113351
6 0.41743972476999486,-0.014742842811727497,1.1352338028785005,0.4135099885724528,-0.014742842811727497,0.7913893704378178,0.019604806336953995,-0.014742842811727497,0.7958912419441924,0.02353454253449605,-0.014742842811727497,1.139735674384875,0.41743972476999486,-0.8148509348448276,1.1352338028785005,0.4135099885724528,-0.8148509348448276,0.7913893704378178,0.019604806336953995,-0.8148509348448276,0.7958912419441924,0.02353454253449605,-0.8148509348448276,1.139735674384875 0.015078521
7 0.40763372498164435,0.041916227812709816,1.0543607238309267,0.41034339089289706,0.041916227812709816,0.7190151490714614,0.007004496282241146,0.041916227812709816,0.7157560821993466,0.004294830370988434,0.041916227812709816,1.051101656958812,0.40763372498164435,-0.9246076111745263,1.0543607238309267,0.41034339089289706,-0.9246076111745263,0.7190151490714614,0.007004496282241146,-0.9246076111745263,0.7157560821993466,0.004294830370988434,-0.9246076111745263,1.051101656958812 0.016602535
7 -0.347961402168727,0.062214346892033215,1.0502047383814508,-0.3486293589589084,0.062214346892033215,0.39969377839250847,-1.087776565322423,0.062214346892033215,0.4004527485341376,-1.0871086085322414,0.062214346892033215,1.0509637085230799,-0.347961402168727,-0.13967167056242047,1.0502047383814508,-0.3486293589589084,-0.13967167056242047,0.39969377839250847,-1.087776565322423,-0.13967167056242047,0.4004527485341376,-1.0871086085322414,-0.13967167056242047,1.0509637085230799 0.0012993199
7 0.39798044389449627,-0.14329555918758868,1.4935152244844057,0.3985310425849584,-0.14329555918758868,1.157719001130872,0.12017882639206376,-0.14329555918758868,1.1572625922880553,0.11962822770160167,-0.14329555918758868,1.493058815641589,0.39798044389449627,-0.844637361268344,1.4935152244844057,0.3985310425849584,-0.844637361268344,1.157719001130872,0.12017882639206376,-0.844637361268344,1.1572625922880553,0.11962822770160167,-0.844637361268344,1.493058815641589 0.013961407
7 1.062367427504587,-0.17215824772753713,-1.598677555708587,1.068253164881844,-0.17215824772753713,-1.939793683929722,0.5815883992547516,-0.17215824772753713,-1.948190768571198,0.5757026618774943,-0.17215824772753713,-1.607074640350063,1.062367427504587,-0.8413400585468769,-1.598677555708587,1.068253164881844,-0.8413400585468769,-1.939793683929722,0.5815883992547516,-0.8413400585468769,-1.948190768571198,0.5757026618774943,-0.8413400585468769,-1.607074640350063 0.025238661
7 -0.4155612720825433,-0.07918698305886195,0.8486640099987994,-0.4155601689308425,-0.07918698305886195,0.19027387083127983,-1.1710468993804695,-0.07918698305886195,0.190272604991435,-1.1710480025321701,-0.07918698305886195,0.8486627441589545,-0.4155612720825433,-0.2764494646092136,0.8486640099987994,-0.4155601689308425,-0.2764494646092136,0.19027387083127983,-1.1710468993804695,-0.2764494646092136,0.190272604991435,-1.1710480025321701,-0.2764494646092136,0.8486627441589545 0.0014052028
7 0.5618372895053083,0.0031214333776295455,-0.9070186061853525,0.559335986795697,0.0031214333776295455,-1.3369353544187035,0.06939163429229914,0.0031214333776295455,-1.3340848045354727,0.07189293700191049,0.0031214333776295455,-0.9041680563021217,0.5618372895053083,-0.7612009025815785,-0.9070186061853525,0.559335986795697,-0.7612009025815785,-1.3369353544187035,0.06939163429229914,-0.7612009025815785,-1.3340848045354727,0.07189293700191049,-0.7612009025815785,-0.9041680563021217 0.00012718014
7 0.8720393986104535,0.09783223417437675,-1.5258443382092108,0.8797281474702221,0.09783223417437675,-1.9837156947784944,0.4259832292200519,0.09783223417437675,-1.9913351509265313,0.4182944803602832,0.09783223417437675,-1.5334637943572478,0.8720393986104535,-0.6533786371055901,-1.5258443382092108,0.8797281474702221,-0.6533786371055901,-1.9837156947784944,0.4259832292200519,-0.6533786371055901,-1.9913351509265313,0.4182944803602832,-0.6533786371055901,-1.5334637943572478 0.00024162894
7 0.370321892738532,-0.013245740060863487,1.2749668464773847,0.3746018703290287,-0.013245740060863487,0.8986743136042354,0.08902511692028148,-0.013245740060863487,0.89542614363492,0.08474513932978478,-0.013245740060863487,1.2717186765080692,0.370321892738532,-0.8413621996592904,1.2749668464773847,0.3746018703290287,-0.8413621996592904,0.8986743136042354,0.08902511692028148,-0.8413621996592904,0.89542614363492,0.08474513932978478,-0.8413621996592904,1.2717186765080692 0.010817768
7 0.41743972476999486,-0.014742842811727497,1.1352338028785005,0.4135099885724528,-0.014742842811727497,0.7913893704378178,0.019604806336953995,-0.014742842811727497,0.7958912419441924,0.02353454253449605,-0.014742842811727497,1.139735674384875,0.41743972476999486,-0.8148509348448276,1.1352338028785005,0.4135099885724528,-0.8148509348448276,0.7913893704378178,0.019604806336953995,-0.8148509348448276,0.7958912419441924,0.02353454253449605,-0.8148509348448276,1.139735674384875 0.015559719
8 0.40763372498164435,0.041916227812709816,1.0543607238309267,0.41034339089289706,0.041916227812709816,0.7190151490714614,0.007004496282241146,0.041916227812709816,0.7157560821993466,0.004294830370988434,0.041916227812709816,1.051101656958812,0.40763372498164435,-0.9246076111745263,1.0543607238309267,0.41034339089289706,-0.9246076111745263,0.7190151490714614,0.007004496282241146,-0.9246076111745263,0.7157560821993466,0.004294830370988434,-0.9246076111745263,1.051101656958812 0.013450373
8 -0.347961402168727,0.062214346892033215,1.0502047383814508,-0.3486293589589084,0.062214346892033215,0.39969377839250847,-1.087776565322423,0.062214346892033215,0.4004527485341376,-1.0871086085322414,0.062214346892033215,1.0509637085230799,-0.347961402168727,-0.13967167056242047,1.0502047383814508,-0.3486293589589084,-0.13967167056242047,0.39969377839250847,-1.087776565322423,-0.13967167056242047,0.4004527485341376,-1.0871086085322414,-0.13967167056242047,1.0509637085230799 0.00061150215
8 0.39798044389449627,-0.14329555918758868,1.4935152244844057,0.3985310425849584,-0.14329555918758868,1.157719001130872,0.12017882639206376,-0.14329555918758868,1.1572625922880553,0.11962822770160167,-0.14329555918758868,1.493058815641589,0.39798044389449627,-0.844637361268344,1.4935152244844057,0.3985310425849584,-0.844637361268344,1.157719001130872,0.12017882639206376,-0.844637361268344,1.1572625922880553,0.11962822770160167,-0.844637361268344,1.493058815641589 0.022708599
8 1.062367427504587,-0.17215824772753713,-1.598677555708587,1.068253164881844,-0.17215824772753713,-1.939793683929722,0.5815883992547516,-0.17215824772753713,-1.948190768571198,0.5757026618774943,-0.17215824772753713,-1.607074640350063,1.062367427504587,-0.8413400585468769,-1.598677555708587,1.068253164881844,-0.8413400585468769,-1.939793683929722,0.5815883992547516,-0.8413400585468769,-1.948190768571198,0.5757026618774943,-0.8413400585468769,-1.607074640350063 0.02835952
8 -0.4155612720825433,-0.07918698305886195,0.8486640099987994,-0.4155601689308425,-0.07918698305886195,0.19027387083127983,-1.1710468993804695,-0.07918698305886195,0.190272604991435,-1.1710480025321701,-0.07918698305886195,0.8486627441589545,-0.4155612720825433,-0.2764494646092136,0.8486640099987994,-0.4155601689308425,-0.2764494646092136,0.19027387083127983,-1.1710468993804695,-0.2764494646092136,0.190272604991435,-1.1710480025321701,-0.2764494646092136,0.8486627441589545 0.0007268333
8 0.5618372895053083,0.0031214333776295455,-0.9070186061853525,0.559335986795697,0.0031214333776295455,-1.3369353544187035,0.06939163429229914,0.0031214333776295455,-1.3340848045354727,0.07189293700191049,0.0031214333776295455,-0.9041680563021217,0.5618372895053083,-0.7612009025815785,-0.9070186061853525,0.559335986795697,-0.7612009025815785,-1.3369353544187035,0.06939163429229914,-0.7612009025815785,-1.3340848045354727,0.07189293700191049,-0.7612009025815785,-0.9041680563021217 0.00023252261
8 0.8720393986104535,0.09783223417437675,-1.5258443382092108,0.8797281474702221,0.09783223417437675,-1.9837156947784944,0.4259832292200519,0.09783223417437675,-1.9913351509265313,0.4182944803602832,0.09783223417437675,-1.5334637943572478,0.8720393986104535,-0.6533786371055901,-1.5258443382092108,0.8797281474702221,-0.6533786371055901,-1.9837156947784944,0.4259832292200519,-0.6533786371055901,-1.9913351509265313,0.4182944803602832,-0.6533786371055901,-1.5334637943572478 0.00044711164
8 0.370321892738532,-0.013245740060863487,1.2749668464773847,0.3746018703290287,-0.013245740060863487,0.8986743136042354,0.08902511692028148,-0.013245740060863487,0.89542614363492,0.08474513932978478,-0.013245740060863487,1.2717186765080692,0.370321892738532,-0.8413621996592904,1.2749668464773847,0.3746018703290287,-0.8413621996592904,0.8986743136042354,0.08902511692028148,-0.8413621996592904,0.89542614363492,0.08474513932978478,-0.8413621996592904,1.2717186765080692 0.023306917
8 0.41743972476999486,-0.014742842811727497,1.1352338028785005,0.4135099885724528,-0.014742842811727497,0.7913893704378178,0.019604806336953995,-0.014742842811727497,0.7958912419441924,0.02353454253449605,-0.014742842811727497,1.139735674384875,0.41743972476999486,-0.8148509348448276,1.1352338028785005,0.4135099885724528,-0.8148509348448276,0.7913893704378178,0.019604806336953995,-0.8148509348448276,0.7958912419441924,0.02353454253449605,-0.8148509348448276,1.139735674384875 0.026866686
9 0.40763372498164435,0.041916227812709816,1.0543607238309267,0.41034339089289706,0.041916227812709816,0.7190151490714614,0.007004496282241146,0.041916227812709816,0.7157560821993466,0.004294830370988434,0.041916227812709816,1.051101656958812,0.40763372498164435,-0.9246076111745263,1.0543607238309267,0.41034339089289706,-0.9246076111745263,0.7190151490714614,0.007004496282241146,-0.9246076111745263,0.7157560821993466,0.004294830370988434,-0.9246076111745263,1.051101656958812 0.04593667
9 -0.347961402168727,0.062214346892033215,1.0502047383814508,-0.3486293589589084,0.062214346892033215,0.39969377839250847,-1.087776565322423,0.062214346892033215,0.4004527485341376,-1.0871086085322414,0.062214346892033215,1.0509637085230799,-0.347961402168727,-0.13967167056242047,1.0502047383814508,-0.3486293589589084,-0.13967167056242047,0.39969377839250847,-1.087776565322423,-0.13967167056242047,0.4004527485341376,-1.0871086085322414,-0.13967167056242047,1.0509637085230799 0.004536636
9 0.39798044389449627,-0.14329555918758868,1.4935152244844057,0.3985310425849584,-0.14329555918758868,1.157719001130872,0.12017882639206376,-0.14329555918758868,1.1572625922880553,0.11962822770160167,-0.14329555918758868,1.493058815641589,0.39798044389449627,-0.844637361268344,1.4935152244844057,0.3985310425849584,-0.844637361268344,1.157719001130872,0.12017882639206376,-0.844637361268344,1.1572625922880553,0.11962822770160167,-0.844637361268344,1.493058815641589 0.048125386
9 1.062367427504587,-0.17215824772753713,-1.598677555708587,1.068253164881844,-0.17215824772753713,-1.939793683929722,0.5815883992547516,-0.17215824772753713,-1.948190768571198,0.5757026618774943,-0.17215824772753713,-1.607074640350063,1.062367427504587,-0.8413400585468769,-1.598677555708587,1.068253164881844,-0.8413400585468769,-1.939793683929722,0.5815883992547516,-0.8413400585468769,-1.948190768571198,0.5757026618774943,-0.8413400585468769,-1.607074640350063 0.104824536
9 -0.4155612720825433,-0.07918698305886195,0.8486640099987994,-0.4155601689308425,-0.07918698305886195,0.19027387083127983,-1.1710468993804695,-0.07918698305886195,0.190272604991435,-1.1710480025321701,-0.07918698305886195,0.8486627441589545,-0.4155612720825433,-0.2764494646092136,0.8486640099987994,-0.4155601689308425,-0.2764494646092136,0.19027387083127983,-1.1710468993804695,-0.2764494646092136,0.190272604991435,-1.1710480025321701,-0.2764494646092136,0.8486627441589545 0.0051306006
9 0.5618372895053083,0.0031214333776295455,-0.9070186061853525,0.559335986795697,0.0031214333776295455,-1.3369353544187035,0.06939163429229914,0.0031214333776295455,-1.3340848045354727,0.07189293700191049,0.0031214333776295455,-0.9041680563021217,0.5618372895053083,-0.7612009025815785,-0.9070186061853525,0.559335986795697,-0.7612009025815785,-1.3369353544187035,0.06939163429229914,-0.7612009025815785,-1.3340848045354727,0.07189293700191049,-0.7612009025815785,-0.9041680563021217 0.00762736
9 0.8720393986104535,0.09783223417437675,-1.5258443382092108,0.8797281474702221,0.09783223417437675,-1.9837156947784944,0.4259832292200519,0.09783223417437675,-1.9913351509265313,0.4182944803602832,0.09783223417437675,-1.5334637943572478,0.8720393986104535,-0.6533786371055901,-1.5258443382092108,0.8797281474702221,-0.6533786371055901,-1.9837156947784944,0.4259832292200519,-0.6533786371055901,-1.9913351509265313,0.4182944803602832,-0.6533786371055901,-1.5334637943572478 0.009905612
9 0.370321892738532,-0.013245740060863487,1.2749668464773847,0.3746018703290287,-0.013245740060863487,0.8986743136042354,0.08902511692028148,-0.013245740060863487,0.89542614363492,0.08474513932978478,-0.013245740060863487,1.2717186765080692,0.370321892738532,-0.8413621996592904,1.2749668464773847,0.3746018703290287,-0.8413621996592904,0.8986743136042354,0.08902511692028148,-0.8413621996592904,0.89542614363492,0.08474513932978478,-0.8413621996592904,1.2717186765080692 0.058885355
9 0.41743972476999486,-0.014742842811727497,1.1352338028785005,0.4135099885724528,-0.014742842811727497,0.7913893704378178,0.019604806336953995,-0.014742842811727497,0.7958912419441924,0.02353454253449605,-0.014742842811727497,1.139735674384875,0.41743972476999486,-0.8148509348448276,1.1352338028785005,0.4135099885724528,-0.8148509348448276,0.7913893704378178,0.019604806336953995,-0.8148509348448276,0.7958912419441924,0.02353454253449605,-0.8148509348448276,1.139735674384875 0.06807615
