0 -0.5075927385583954,-0.11670453457542421,1.472473785385378,-0.514536309090337,-0.11670453457542421,0.6957177050224607,-1.0112802377447052,-0.11670453457542421,0.7001581936032695,-1.0043366672127636,-0.11670453457542421,1.476914273966187,-0.5075927385583954,-0.6093556174784088,1.472473785385378,-0.514536309090337,-0.6093556174784088,0.6957177050224607,-1.0112802377447052,-0.6093556174784088,0.7001581936032695,-1.0043366672127636,-0.6093556174784088,1.476914273966187 0.023648866
0 0.5916415837984437,-0.1510267322964406,1.129915631803792,0.5896221147366247,-0.1510267322964406,0.7847024902012609,-0.27436379468253796,-0.1510267322964406,0.7897567381531784,-0.27234432562071903,-0.1510267322964406,1.1349698797557093,0.5916415837984437,-0.37358152213623763,1.129915631803792,0.5896221147366247,-0.37358152213623763,0.7847024902012609,-0.27436379468253796,-0.37358152213623763,0.7897567381531784,-0.27234432562071903,-0.37358152213623763,1.1349698797557093 0.025633795
0 -0.3242095231601674,-0.12924638560422422,1.3036153808116142,-0.3200610974838636,-0.12924638560422422,0.5573422674244216,-0.799166846316151,-0.12924638560422422,0.554678986978608,-0.8033152719924548,-0.12924638560422422,1.3009521003658007,-0.3242095231601674,-0.4726116342245722,1.3036153808116142,-0.3200610974838636,-0.4726116342245722,0.5573422674244216,-0.799166846316151,-0.4726116342245722,0.554678986978608,-0.8033152719924548,-0.4726116342245722,1.3009521003658007 0.0024025512
0 0.6697030321828281,0.19518325057929398,1.0384452108563416,0.6780517286191161,0.19518325057929398,0.7180581161928354,-0.053677345918789976,0.19518325057929398,0.6989906068621643,-0.06202604235507808,0.19518325057929398,1.0193777015256704,0.6697030321828281,-0.0565701755613649,1.0384452108563416,0.6780517286191161,-0.0565701755613649,0.7180581161928354,-0.053677345918789976,-0.0565701755613649,0.6989906068621643,-0.06202604235507808,-0.0565701755613649,1.0193777015256704 0.04740789
0 -0.9691287821350054,-0.09349509964146377,1.9585761502323311,-0.9637100428124212,-0.09349509964146377,1.1816743027481535,-1.4129419976654096,-0.09349509964146377,1.1785409972133476,-1.4183607369879938,-0.09349509964146377,1.9554428446975252,-0.9691287821350054,-0.4463706325515294,1.9585761502323311,-0.9637100428124212,-0.4463706325515294,1.1816743027481535,-1.4129419976654096,-0.4463706325515294,1.1785409972133476,-1.4183607369879938,-0.4463706325515294,1.9554428446975252 0.0021195246
0 0.5692559995627929,0.02603026397177964,1.0975011644800952,0.5737700606501498,0.02603026397177964,0.7347862728427328,-0.13949163937335507,0.02603026397177964,0.7259095849553296,-0.14400570046071193,0.02603026397177964,1.088624476592692,0.5692559995627929,-0.21551265485236437,1.0975011644800952,0.5737700606501498,-0.21551265485236437,0.7347862728427328,-0.13949163937335507,-0.21551265485236437,0.7259095849553296,-0.14400570046071193,-0.21551265485236437,1.088624476592692 0.022353308
0 -0.9814095038983908,-0.294548527173779,2.045029291924157,-0.9774720409547593,-0.294548527173779,1.2006434462867484,-1.494032667198411,-0.294548527173779,1.1982346679604867,-1.4979701301420425,-0.294548527173779,2.042620513597895,-0.9814095038983908,-0.6628541193678165,2.045029291924157,-0.9774720409547593,-0.6628541193678165,1.2006434462867484,-1.494032667198411,-0.6628541193678165,1.1982346679604867,-1.4979701301420425,-0.6628541193678165,2.042620513597895 0.006033617
0 -0.4929868538958887,-0.14472487942198276,1.4237051884432563,-0.502368404075099,-0.14472487942198276,1.0564969553261596,-1.2336127201931615,-0.14472487942198276,1.0751790126065484,-1.2242311700139514,-0.14472487942198276,1.442387245723645,-0.4929868538958887,-0.43856075032731534,1.4237051884432563,-0.502368404075099,-0.43856075032731534,1.0564969553261596,-1.2336127201931615,-0.43856075032731534,1.0751790126065484,-1.2242311700139514,-0.43856075032731534,1.442387245723645 0.02962072
0 -0.6337734612771937,0.20143964971119405,1.6351647045537425,-0.6499108831490236,0.20143964971119405,1.182276689500888,-1.113391145770841,0.20143964971119405,1.1987915370539235,-1.0972537238990112,0.20143964971119405,1.651679552106778,-0.6337734612771937,-0.5578753658633853,1.6351647045537425,-0.6499108831490236,-0.5578753658633853,1.182276689500888,-1.113391145770841,-0.5578753658633853,1.1987915370539235,-1.0972537238990112,-0.5578753658633853,1.651679552106778 0.01641503
0 -0.32432200408668543,-0.01793405686655042,-0.6991832001766471,-0.3210439861095209,-0.01793405686655042,-1.103235560159129,-0.7311143686702726,-0.01793405686655042,-1.1065624014774056,-0.7343923866474371,-0.01793405686655042,-0.7025100414949237,-0.32432200408668543,-0.8114769729491234,-0.6991832001766471,-0.3210439861095209,-0.8114769729491234,-1.103235560159129,-0.7311143686702726,-0.8114769729491234,-1.1065624014774056,-0.7343923866474371,-0.8114769729491234,-0.7025100414949237 0.001992701
0 0.46797083517143756,0.11002938649385251,1.1936157699521617,0.4715048410224887,0.11002938649385251,0.9012286557280829,-0.2687856127841237,0.11002938649385251,0.8922809604708121,-0.27231961863517484,0.11002938649385251,1.1846680746948908,0.46797083517143756,-0.1332487185928134,1.1936157699521617,0.4715048410224887,-0.1332487185928134,0.9012286557280829,-0.2687856127841237,-0.1332487185928134,0.8922809604708121,-0.27231961863517484,-0.1332487185928134,1.1846680746948908 0.043674916
0 0.8823781393963214,-0.2168858563608861,1.2262991171759487,0.8704019971917869,-0.2168858563608861,0.8577528020620576,-0.096817829509389,-0.2168858563608861,0.8891832131463169,-0.08484168730485453,-0.2168858563608861,1.257729528260208,0.8823781393963214,-0.433665820389297,1.2262991171759487,0.8704019971917869,-0.433665820389297,0.8577528020620576,-0.096817829509389,-0.433665820389297,0.8891832131463169,-0.08484168730485453,-0.433665820389297,1.257729528260208 0.024159335
0 -0.7025821846762295,0.026866035699763285,1.9394264238931183,-0.6875536130144723,0.026866035699763285,1.1474312426519617,-1.1743329125604038,0.026866035699763285,1.138194320812082,-1.189361484222161,0.026866035699763285,1.9301895020532385,-0.7025821846762295,-0.41388352417937757,1.9394264238931183,-0.6875536130144723,-0.41388352417937757,1.1474312426519617,-1.1743329125604038,-0.41388352417937757,1.138194320812082,-1.189361484222161,-0.41388352417937757,1.9301895020532385 0.010315773
1 -0.5075927385583954,-0.11670453457542421,1.472473785385378,-0.514536309090337,-0.11670453457542421,0.6957177050224607,-1.0112802377447052,-0.11670453457542421,0.7001581936032695,-1.0043366672127636,-0.11670453457542421,1.476914273966187,-0.5075927385583954,-0.6093556174784088,1.472473785385378,-0.514536309090337,-0.6093556174784088,0.6957177050224607,-1.0112802377447052,-0.6093556174784088,0.7001581936032695,-1.0043366672127636,-0.6093556174784088,1.476914273966187 0.11506613
1 0.5916415837984437,-0.1510267322964406,1.129915631803792,0.5896221147366247,-0.1510267322964406,0.7847024902012609,-0.27436379468253796,-0.1510267322964406,0.7897567381531784,-0.27234432562071903,-0.1510267322964406,1.1349698797557093,0.5916415837984437,-0.37358152213623763,1.129915631803792,0.5896221147366247,-0.37358152213623763,0.7847024902012609,-0.27436379468253796,-0.37358152213623763,0.7897567381531784,-0.27234432562071903,-0.37358152213623763,1.1349698797557093 0.8254053
1 -0.3242095231601674,-0.12924638560422422,1.3036153808116142,-0.3200610974838636,-0.12924638560422422,0.5573422674244216,-0.799166846316151,-0.12924638560422422,0.554678986978608,-0.8033152719924548,-0.12924638560422422,1.3009521003658007,-0.3242095231601674,-0.4726116342245722,1.3036153808116142,-0.3200610974838636,-0.4726116342245722,0.5573422674244216,-0.799166846316151,-0.4726116342245722,0.554678986978608,-0.8033152719924548,-0.4726116342245722,1.3009521003658007 0.0074548214
1 0.6697030321828281,0.19518325057929398,1.0384452108563416,0.6780517286191161,0.19518325057929398,0.7180581161928354,-0.053677345918789976,0.19518325057929398,0.6989906068621643,-0.06202604235507808,0.19518325057929398,1.0193777015256704,0.6697030321828281,-0.0565701755613649,1.0384452108563416,0.6780517286191161,-0.0565701755613649,0.7180581161928354,-0.053677345918789976,-0.0565701755613649,0.6989906068621643,-0.06202604235507808,-0.0565701755613649,1.0193777015256704 0.4115591
1 -0.9691287821350054,-0.09349509964146377,1.9585761502323311,-0.9637100428124212,-0.09349509964146377,1.1816743027481535,-1.4129419976654096,-0.09349509964146377,1.1785409972133476,-1.4183607369879938,-0.09349509964146377,1.9554428446975252,-0.9691287821350054,-0.4463706325515294,1.9585761502323311,-0.9637100428124212,-0.4463706325515294,1.1816743027481535,-1.4129419976654096,-0.4463706325515294,1.1785409972133476,-1.4183607369879938,-0.4463706325515294,1.9554428446975252 0.0047769756
1 0.5692559995627929,0.02603026397177964,1.0975011644800952,0.5737700606501498,0.02603026397177964,0.7347862728427328,-0.13949163937335507,0.02603026397177964,0.7259095849553296,-0.14400570046071193,0.02603026397177964,1.088624476592692,0.5692559995627929,-0.21551265485236437,1.0975011644800952,0.5737700606501498,-0.21551265485236437,0.7347862728427328,-0.13949163937335507,-0.21551265485236437,0.7259095849553296,-0.14400570046071193,-0.21551265485236437,1.088624476592692 0.75018644
1 -0.9814095038983908,-0.294548527173779,2.045029291924157,-0.9774720409547593,-0.294548527173779,1.2006434462867484,-1.494032667198411,-0.294548527173779,1.1982346679604867,-1.4979701301420425,-0.294548527173779,2.042620513597895,-0.9814095038983908,-0.6628541193678165,2.045029291924157,-0.9774720409547593,-0.6628541193678165,1.2006434462867484,-1.494032667198411,-0.6628541193678165,1.1982346679604867,-1.4979701301420425,-0.6628541193678165,2.042620513597895 0.013762308
1 -0.4929868538958887,-0.14472487942198276,1.4237051884432563,-0.502368404075099,-0.14472487942198276,1.0564969553261596,-1.2336127201931615,-0.14472487942198276,1.0751790126065484,-1.2242311700139514,-0.14472487942198276,1.442387245723645,-0.4929868538958887,-0.43856075032731534,1.4237051884432563,-0.502368404075099,-0.43856075032731534,1.0564969553261596,-1.2336127201931615,-0.43856075032731534,1.0751790126065484,-1.2242311700139514,-0.43856075032731534,1.442387245723645 0.29846466
1 -0.6337734612771937,0.20143964971119405,1.6351647045537425,-0.6499108831490236,0.20143964971119405,1.182276689500888,-1.113391145770841,0.20143964971119405,1.1987915370539235,-1.0972537238990112,0.20143964971119405,1.651679552106778,-0.6337734612771937,-0.5578753658633853,1.6351647045537425,-0.6499108831490236,-0.5578753658633853,1.182276689500888,-1.113391145770841,-0.5578753658633853,1.1987915370539235,-1.0972537238990112,-0.5578753658633853,1.651679552106778 0.15377256
1 -0.32432200408668543,-0.01793405686655042,-0.6991832001766471,-0.3210439861095209,-0.01793405686655042,-1.103235560159129,-0.7311143686702726,-0.01793405686655042,-1.1065624014774056,-0.7343923866474371,-0.01793405686655042,-0.7025100414949237,-0.32432200408668543,-0.8114769729491234,-0.6991832001766471,-0.3210439861095209,-0.8114769729491234,-1.103235560159129,-0.7311143686702726,-0.8114769729491234,-1.1065624014774056,-0.7343923866474371,-0.8114769729491234,-0.7025100414949237 0.0013090163
1 0.46797083517143756,0.11002938649385251,1.1936157699521617,0.4715048410224887,0.11002938649385251,0.9012286557280829,-0.2687856127841237,0.11002938649385251,0.8922809604708121,-0.27231961863517484,0.11002938649385251,1.1846680746948908,0.46797083517143756,-0.1332487185928134,1.1936157699521617,0.4715048410224887,-0.1332487185928134,0.9012286557280829,-0.2687856127841237,-0.1332487185928134,0.8922809604708121,-0.27231961863517484,-0.1332487185928134,1.1846680746948908 0.5533674
1 0.8823781393963214,-0.2168858563608861,1.2262991171759487,0.8704019971917869,-0.2168858563608861,0.8577528020620576,-0.096817829509389,-0.2168858563608861,0.8891832131463169,-0.08484168730485453,-0.2168858563608861,1.257729528260208,0.8823781393963214,-0.433665820389297,1.2262991171759487,0.8704019971917869,-0.433665820389297,0.8577528020620576,-0.096817829509389,-0.433665820389297,0.8891832131463169,-0.08484168730485453,-0.433665820389297,1.257729528260208 0.7388776
1 -0.7025821846762295,0.026866035699763285,1.9394264238931183,-0.6875536130144723,0.026866035699763285,1.1474312426519617,-1.1743329125604038,0.026866035699763285,1.138194320812082,-1.189361484222161,0.026866035699763285,1.9301895020532385,-0.7025821846762295,-0.41388352417937757,1.9394264238931183,-0.6875536130144723,-0.41388352417937757,1.1474312426519617,-1.1743329125604038,-0.41388352417937757,1.138194320812082,-1.189361484222161,-0.41388352417937757,1.9301895020532385 0.039330944
2 -0.5075927385583954,-0.11670453457542421,1.472473785385378,-0.514536309090337,-0.11670453457542421,0.6957177050224607,-1.0112802377447052,-0.11670453457542421,0.7001581936032695,-1.0043366672127636,-0.11670453457542421,1.476914273966187,-0.5075927385583954,-0.6093556174784088,1.472473785385378,-0.514536309090337,-0.6093556174784088,0.6957177050224607,-1.0112802377447052,-0.6093556174784088,0.7001581936032695,-1.0043366672127636,-0.6093556174784088,1.476914273966187 0.17907399
2 0.5916415837984437,-0.1510267322964406,1.129915631803792,0.5896221147366247,-0.1510267322964406,0.7847024902012609,-0.27436379468253796,-0.1510267322964406,0.7897567381531784,-0.27234432562071903,-0.1510267322964406,1.1349698797557093,0.5916415837984437,-0.37358152213623763,1.129915631803792,0.5896221147366247,-0.37358152213623763,0.7847024902012609,-0.27436379468253796,-0.37358152213623763,0.7897567381531784,-0.27234432562071903,-0.37358152213623763,1.1349698797557093 0.0076234853
2 -0.3242095231601674,-0.12924638560422422,1.3036153808116142,-0.3200610974838636,-0.12924638560422422,0.5573422674244216,-0.799166846316151,-0.12924638560422422,0.554678986978608,-0.8033152719924548,-0.12924638560422422,1.3009521003658007,-0.3242095231601674,-0.4726116342245722,1.3036153808116142,-0.3200610974838636,-0.4726116342245722,0.5573422674244216,-0.799166846316151,-0.4726116342245722,0.554678986978608,-0.8033152719924548,-0.4726116342245722,1.3009521003658007 0.03950781
2 0.6697030321828281,0.19518325057929398,1.0384452108563416,0.6780517286191161,0.19518325057929398,0.7180581161928354,-0.053677345918789976,0.19518325057929398,0.6989906068621643,-0.06202604235507808,0.19518325057929398,1.0193777015256704,0.6697030321828281,-0.0565701755613649,1.0384452108563416,0.6780517286191161,-0.0565701755613649,0.7180581161928354,-0.053677345918789976,-0.0565701755613649,0.6989906068621643,-0.06202604235507808,-0.0565701755613649,1.0193777015256704 0.07953287
2 -0.9691287821350054,-0.09349509964146377,1.9585761502323311,-0.9637100428124212,-0.09349509964146377,1.1816743027481535,-1.4129419976654096,-0.09349509964146377,1.1785409972133476,-1.4183607369879938,-0.09349509964146377,1.9554428446975252,-0.9691287821350054,-0.4463706325515294,1.9585761502323311,-0.9637100428124212,-0.4463706325515294,1.1816743027481535,-1.4129419976654096,-0.4463706325515294,1.1785409972133476,-1.4183607369879938,-0.4463706325515294,1.9554428446975252 0.064032376
2 0.5692559995627929,0.02603026397177964,1.0975011644800952,0.5737700606501498,0.02603026397177964,0.7347862728427328,-0.13949163937335507,0.02603026397177964,0.7259095849553296,-0.14400570046071193,0.02603026397177964,1.088624476592692,0.5692559995627929,-0.21551265485236437,1.0975011644800952,0.5737700606501498,-0.21551265485236437,0.7347862728427328,-0.13949163937335507,-0.21551265485236437,0.7259095849553296,-0.14400570046071193,-0.21551265485236437,1.088624476592692 0.009341569
2 -0.9814095038983908,-0.294548527173779,2.045029291924157,-0.9774720409547593,-0.294548527173779,1.2006434462867484,-1.494032667198411,-0.294548527173779,1.1982346679604867,-1.4979701301420425,-0.294548527173779,2.042620513597895,-0.9814095038983908,-0.6628541193678165,2.045029291924157,-0.9774720409547593,-0.6628541193678165,1.2006434462867484,-1.494032667198411,-0.6628541193678165,1.1982346679604867,-1.4979701301420425,-0.6628541193678165,2.042620513597895 0.071099386
2 -0.4929868538958887,-0.14472487942198276,1.4237051884432563,-0.502368404075099,-0.14472487942198276,1.0564969553261596,-1.2336127201931615,-0.14472487942198276,1.0751790126065484,-1.2242311700139514,-0.14472487942198276,1.442387245723645,-0.4929868538958887,-0.43856075032731534,1.4237051884432563,-0.502368404075099,-0.43856075032731534,1.0564969553261596,-1.2336127201931615,-0.43856075032731534,1.0751790126065484,-1.2242311700139514,-0.43856075032731534,1.442387245723645 0.04379567
2 -0.6337734612771937,0.20143964971119405,1.6351647045537425,-0.6499108831490236,0.20143964971119405,1.182276689500888,-1.113391145770841,0.20143964971119405,1.1987915370539235,-1.0972537238990112,0.20143964971119405,1.651679552106778,-0.6337734612771937,-0.5578753658633853,1.6351647045537425,-0.6499108831490236,-0.5578753658633853,1.182276689500888,-1.113391145770841,-0.5578753658633853,1.1987915370539235,-1.0972537238990112,-0.5578753658633853,1.651679552106778 0.09163942
2 -0.32432200408668543,-0.01793405686655042,-0.6991832001766471,-0.3210439861095209,-0.01793405686655042,-1.103235560159129,-0.7311143686702726,-0.01793405686655042,-1.1065624014774056,-0.7343923866474371,-0.01793405686655042,-0.7025100414949237,-0.32432200408668543,-0.8114769729491234,-0.6991832001766471,-0.3210439861095209,-0.8114769729491234,-1.103235560159129,-0.7311143686702726,-0.8114769729491234,-1.1065624014774056,-0.7343923866474371,-0.8114769729491234,-0.7025100414949237 0.9241672
2 0.46797083517143756,0.11002938649385251,1.1936157699521617,0.4715048410224887,0.11002938649385251,0.9012286557280829,-0.2687856127841237,0.11002938649385251,0.8922809604708121,-0.27231961863517484,0.11002938649385251,1.1846680746948908,0.46797083517143756,-0.1332487185928134,1.1936157699521617,0.4715048410224887,-0.1332487185928134,0.9012286557280829,-0.2687856127841237,-0.1332487185928134,0.8922809604708121,-0.27231961863517484,-0.1332487185928134,1.1846680746948908 0.051530994
2 0.8823781393963214,-0.2168858563608861,1.2262991171759487,0.8704019971917869,-0.2168858563608861,0.8577528020620576,-0.096817829509389,-0.2168858563608861,0.8891832131463169,-0.08484168730485453,-0.2168858563608861,1.257729528260208,0.8823781393963214,-0.433665820389297,1.2262991171759487,0.8704019971917869,-0.433665820389297,0.8577528020620576,-0.096817829509389,-0.433665820389297,0.8891832131463169,-0.08484168730485453,-0.433665820389297,1.257729528260208 0.011737951
2 -0.7025821846762295,0.026866035699763285,1.9394264238931183,-0.6875536130144723,0.026866035699763285,1.1474312426519617,-1.1743329125604038,0.026866035699763285,1.138194320812082,-1.189361484222161,0.026866035699763285,1.9301895020532385,-0.7025821846762295,-0.41388352417937757,1.9394264238931183,-0.6875536130144723,-0.41388352417937757,1.1474312426519617,-1.1743329125604038,-0.41388352417937757,1.138194320812082,-1.189361484222161,-0.41388352417937757,1.9301895020532385 0.192509
3 -0.5075927385583954,-0.11670453457542421,1.472473785385378,-0.514536309090337,-0.11670453457542421,0.6957177050224607,-1.0112802377447052,-0.11670453457542421,0.7001581936032695,-1.0043366672127636,-0.11670453457542421,1.476914273966187,-0.5075927385583954,-0.6093556174784088,1.472473785385378,-0.514536309090337,-0.6093556174784088,0.6957177050224607,-1.0112802377447052,-0.6093556174784088,0.7001581936032695,-1.0043366672127636,-0.6093556174784088,1.476914273966187 0.025898723
3 0.5916415837984437,-0.1510267322964406,1.129915631803792,0.5896221147366247,-0.1510267322964406,0.7847024902012609,-0.27436379468253796,-0.1510267322964406,0.7897567381531784,-0.27234432562071903,-0.1510267322964406,1.1349698797557093,0.5916415837984437,-0.37358152213623763,1.129915631803792,0.5896221147366247,-0.37358152213623763,0.7847024902012609,-0.27436379468253796,-0.37358152213623763,0.7897567381531784,-0.27234432562071903,-0.37358152213623763,1.1349698797557093 0.010582212
3 -0.3242095231601674,-0.12924638560422422,1.3036153808116142,-0.3200610974838636,-0.12924638560422422,0.5573422674244216,-0.799166846316151,-0.12924638560422422,0.554678986978608,-0.8033152719924548,-0.12924638560422422,1.3009521003658007,-0.3242095231601674,-0.4726116342245722,1.3036153808116142,-0.3200610974838636,-0.4726116342245722,0.5573422674244216,-0.799166846316151,-0.4726116342245722,0.554678986978608,-0.8033152719924548,-0.4726116342245722,1.3009521003658007 0.0017697423
3 0.6697030321828281,0.19518325057929398,1.0384452108563416,0.6780517286191161,0.19518325057929398,0.7180581161928354,-0.053677345918789976,0.19518325057929398,0.6989906068621643,-0.06202604235507808,0.19518325057929398,1.0193777015256704,0.6697030321828281,-0.0565701755613649,1.0384452108563416,0.6780517286191161,-0.0565701755613649,0.7180581161928354,-0.053677345918789976,-0.0565701755613649,0.6989906068621643,-0.06202604235507808,-0.0565701755613649,1.0193777015256704 0.028645892
3 -0.9691287821350054,-0.09349509964146377,1.9585761502323311,-0.9637100428124212,-0.09349509964146377,1.1816743027481535,-1.4129419976654096,-0.09349509964146377,1.1785409972133476,-1.4183607369879938,-0.09349509964146377,1.9554428446975252,-0.9691287821350054,-0.4463706325515294,1.9585761502323311,-0.9637100428124212,-0.4463706325515294,1.1816743027481535,-1.4129419976654096,-0.4463706325515294,1.1785409972133476,-1.4183607369879938,-0.4463706325515294,1.9554428446975252 0.0014601863
3 0.5692559995627929,0.02603026397177964,1.0975011644800952,0.5737700606501498,0.02603026397177964,0.7347862728427328,-0.13949163937335507,0.02603026397177964,0.7259095849553296,-0.14400570046071193,0.02603026397177964,1.088624476592692,0.5692559995627929,-0.21551265485236437,1.0975011644800952,0.5737700606501498,-0.21551265485236437,0.7347862728427328,-0.13949163937335507,-0.21551265485236437,0.7259095849553296,-0.14400570046071193,-0.21551265485236437,1.088624476592692 0.014670031
3 -0.9814095038983908,-0.294548527173779,2.045029291924157,-0.9774720409547593,-0.294548527173779,1.2006434462867484,-1.494032667198411,-0.294548527173779,1.1982346679604867,-1.4979701301420425,-0.294548527173779,2.042620513597895,-0.9814095038983908,-0.6628541193678165,2.045029291924157,-0.9774720409547593,-0.6628541193678165,1.2006434462867484,-1.494032667198411,-0.6628541193678165,1.1982346679604867,-1.4979701301420425,-0.6628541193678165,2.042620513597895 0.0057737245
3 -0.4929868538958887,-0.14472487942198276,1.4237051884432563,-0.502368404075099,-0.14472487942198276,1.0564969553261596,-1.2336127201931615,-0.14472487942198276,1.0751790126065484,-1.2242311700139514,-0.14472487942198276,1.442387245723645,-0.4929868538958887,-0.43856075032731534,1.4237051884432563,-0.502368404075099,-0.43856075032731534,1.0564969553261596,-1.2336127201931615,-0.43856075032731534,1.0751790126065484,-1.2242311700139514,-0.43856075032731534,1.442387245723645 0.05358473
3 -0.6337734612771937,0.20143964971119405,1.6351647045537425,-0.6499108831490236,0.20143964971119405,1.182276689500888,-1.113391145770841,0.20143964971119405,1.1987915370539235,-1.0972537238990112,0.20143964971119405,1.651679552106778,-0.6337734612771937,-0.5578753658633853,1.6351647045537425,-0.6499108831490236,-0.5578753658633853,1.182276689500888,-1.113391145770841,-0.5578753658633853,1.1987915370539235,-1.0972537238990112,-0.5578753658633853,1.651679552106778 0.05935981
3 -0.32432200408668543,-0.01793405686655042,-0.6991832001766471,-0.3210439861095209,-0.01793405686655042,-1.103235560159129,-0.7311143686702726,-0.01793405686655042,-1.1065624014774056,-0.7343923866474371,-0.01793405686655042,-0.7025100414949237,-0.32432200408668543,-0.8114769729491234,-0.6991832001766471,-0.3210439861095209,-0.8114769729491234,-1.103235560159129,-0.7311143686702726,-0.8114769729491234,-1.1065624014774056,-0.7343923866474371,-0.8114769729491234,-0.7025100414949237 0.0018009628
3 0.46797083517143756,0.11002938649385251,1.1936157699521617,0.4715048410224887,0.11002938649385251,0.9012286557280829,-0.2687856127841237,0.11002938649385251,0.8922809604708121,-0.27231961863517484,0.11002938649385251,1.1846680746948908,0.46797083517143756,-0.1332487185928134,1.1936157699521617,0.4715048410224887,-0.1332487185928134,0.9012286557280829,-0.2687856127841237,-0.1332487185928134,0.8922809604708121,-0.27231961863517484,-0.1332487185928134,1.1846680746948908 0.019081717
3 0.8823781393963214,-0.2168858563608861,1.2262991171759487,0.8704019971917869,-0.2168858563608861,0.8577528020620576,-0.096817829509389,-0.2168858563608861,0.8891832131463169,-0.08484168730485453,-0.2168858563608861,1.257729528260208,0.8823781393963214,-0.433665820389297,1.2262991171759487,0.8704019971917869,-0.433665820389297,0.8577528020620576,-0.096817829509389,-0.433665820389297,0.8891832131463169,-0.08484168730485453,-0.433665820389297,1.257729528260208 0.01973248
3 -0.7025821846762295,0.026866035699763285,1.9394264238931183,-0.6875536130144723,0.026866035699763285,1.1474312426519617,-1.1743329125604038,0.026866035699763285,1.138194320812082,-1.189361484222161,0.026866035699763285,1.9301895020532385,-0.7025821846762295,-0.41388352417937757,1.9394264238931183,-0.6875536130144723,-0.41388352417937757,1.1474312426519617,-1.1743329125604038,-0.41388352417937757,1.138194320812082,-1.189361484222161,-0.41388352417937757,1.9301895020532385 0.011529095
4 -0.5075927385583954,-0.11670453457542421,1.472473785385378,-0.514536309090337,-0.11670453457542421,0.6957177050224607,-1.0112802377447052,-0.11670453457542421,0.7001581936032695,-1.0043366672127636,-0.11670453457542421,1.476914273966187,-0.5075927385583954,-0.6093556174784088,1.472473785385378,-0.514536309090337,-0.6093556174784088,0.6957177050224607,-1.0112802377447052,-0.6093556174784088,0.7001581936032695,-1.0043366672127636,-0.6093556174784088,1.476914273966187 0.020998327
4 0.5916415837984437,-0.1510267322964406,1.129915631803792,0.5896221147366247,-0.1510267322964406,0.7847024902012609,-0.27436379468253796,-0.1510267322964406,0.7897567381531784,-0.27234432562071903,-0.1510267322964406,1.1349698797557093,0.5916415837984437,-0.37358152213623763,1.129915631803792,0.5896221147366247,-0.37358152213623763,0.7847024902012609,-0.27436379468253796,-0.37358152213623763,0.7897567381531784,-0.27234432562071903,-0.37358152213623763,1.1349698797557093 0.0072140275
4 -0.3242095231601674,-0.12924638560422422,1.3036153808116142,-0.3200610974838636,-0.12924638560422422,0.5573422674244216,-0.799166846316151,-0.12924638560422422,0.554678986978608,-0.8033152719924548,-0.12924638560422422,1.3009521003658007,-0.3242095231601674,-0.4726116342245722,1.3036153808116142,-0.3200610974838636,-0.4726116342245722,0.5573422674244216,-0.799166846316151,-0.4726116342245722,0.554678986978608,-0.8033152719924548,-0.4726116342245722,1.3009521003658007 0.00077695685
4 0.6697030321828281,0.19518325057929398,1.0384452108563416,0.6780517286191161,0.19518325057929398,0.7180581161928354,-0.053677345918789976,0.19518325057929398,0.6989906068621643,-0.06202604235507808,0.19518325057929398,1.0193777015256704,0.6697030321828281,-0.0565701755613649,1.0384452108563416,0.6780517286191161,-0.0565701755613649,0.7180581161928354,-0.053677345918789976,-0.0565701755613649,0.6989906068621643,-0.06202604235507808,-0.0565701755613649,1.0193777015256704 0.03241434
4 -0.9691287821350054,-0.09349509964146377,1.9585761502323311,-0.9637100428124212,-0.09349509964146377,1.1816743027481535,-1.4129419976654096,-0.09349509964146377,1.1785409972133476,-1.4183607369879938,-0.09349509964146377,1.9554428446975252,-0.9691287821350054,-0.4463706325515294,1.9585761502323311,-0.9637100428124212,-0.4463706325515294,1.1816743027481535,-1.4129419976654096,-0.4463706325515294,1.1785409972133476,-1.4183607369879938,-0.4463706325515294,1.9554428446975252 0.0006930938
4 0.5692559995627929,0.02603026397177964,1.0975011644800952,0.5737700606501498,0.02603026397177964,0.7347862728427328,-0.13949163937335507,0.02603026397177964,0.7259095849553296,-0.14400570046071193,0.02603026397177964,1.088624476592692,0.5692559995627929,-0.21551265485236437,1.0975011644800952,0.5737700606501498,-0.21551265485236437,0.7347862728427328,-0.13949163937335507,-0.21551265485236437,0.7259095849553296,-0.14400570046071193,-0.21551265485236437,1.088624476592692 0.008639826
4 -0.9814095038983908,-0.294548527173779,2.045029291924157,-0.9774720409547593,-0.294548527173779,1.2006434462867484,-1.494032667198411,-0.294548527173779,1.1982346679604867,-1.4979701301420425,-0.294548527173779,2.042620513597895,-0.9814095038983908,-0.6628541193678165,2.045029291924157,-0.9774720409547593,-0.6628541193678165,1.2006434462867484,-1.494032667198411,-0.6628541193678165,1.1982346679604867,-1.4979701301420425,-0.6628541193678165,2.042620513597895 0.0027706744
4 -0.4929868538958887,-0.14472487942198276,1.4237051884432563,-0.502368404075099,-0.14472487942198276,1.0564969553261596,-1.2336127201931615,-0.14472487942198276,1.0751790126065484,-1.2242311700139514,-0.14472487942198276,1.442387245723645,-0.4929868538958887,-0.43856075032731534,1.4237051884432563,-0.502368404075099,-0.43856075032731534,1.0564969553261596,-1.2336127201931615,-0.43856075032731534,1.0751790126065484,-1.2242311700139514,-0.43856075032731534,1.442387245723645 0.046278395
4 -0.6337734612771937,0.20143964971119405,1.6351647045537425,-0.6499108831490236,0.20143964971119405,1.182276689500888,-1.113391145770841,0.20143964971119405,1.1987915370539235,-1.0972537238990112,0.20143964971119405,1.651679552106778,-0.6337734612771937,-0.5578753658633853,1.6351647045537425,-0.6499108831490236,-0.5578753658633853,1.182276689500888,-1.113391145770841,-0.5578753658633853,1.1987915370539235,-1.0972537238990112,-0.5578753658633853,1.651679552106778 0.04143128
4 -0.32432200408668543,-0.01793405686655042,-0.6991832001766471,-0.3210439861095209,-0.01793405686655042,-1.103235560159129,-0.7311143686702726,-0.01793405686655042,-1.1065624014774056,-0.7343923866474371,-0.01793405686655042,-0.7025100414949237,-0.32432200408668543,-0.8114769729491234,-0.6991832001766471,-0.3210439861095209,-0.8114769729491234,-1.103235560159129,-0.7311143686702726,-0.8114769729491234,-1.1065624014774056,-0.7343923866474371,-0.8114769729491234,-0.7025100414949237 0.0015377818
4 0.46797083517143756,0.11002938649385251,1.1936157699521617,0.4715048410224887,0.11002938649385251,0.9012286557280829,-0.2687856127841237,0.11002938649385251,0.8922809604708121,-0.27231961863517484,0.11002938649385251,1.1846680746948908,0.46797083517143756,-0.1332487185928134,1.1936157699521617,0.4715048410224887,-0.1332487185928134,0.9012286557280829,-0.2687856127841237,-0.1332487185928134,0.8922809604708121,-0.27231961863517484,-0.1332487185928134,1.1846680746948908 0.017010618
4 0.8823781393963214,-0.2168858563608861,1.2262991171759487,0.8704019971917869,-0.2168858563608861,0.8577528020620576,-0.096817829509389,-0.2168858563608861,0.8891832131463169,-0.08484168730485453,-0.2168858563608861,1.257729528260208,0.8823781393963214,-0.433665820389297,1.2262991171759487,0.8704019971917869,-0.433665820389297,0.8577528020620576,-0.096817829509389,-0.433665820389297,0.8891832131463169,-0.08484168730485453,-0.433665820389297,1.257729528260208 0.018301256
4 -0.7025821846762295,0.026866035699763285,1.9394264238931183,-0.6875536130144723,0.026866035699763285,1.1474312426519617,-1.1743329125604038,0.026866035699763285,1.138194320812082,-1.189361484222161,0.026866035699763285,1.9301895020532385,-0.7025821846762295,-0.41388352417937757,1.9394264238931183,-0.6875536130144723,-0.41388352417937757,1.1474312426519617,-1.1743329125604038,-0.41388352417937757,1.138194320812082,-1.189361484222161,-0.41388352417937757,1.9301895020532385 0.00800361
5 -0.5075927385583954,-0.11670453457542421,1.472473785385378,-0.514536309090337,-0.11670453457542421,0.6957177050224607,-1.0112802377447052,-0.11670453457542421,0.7001581936032695,-1.0043366672127636,-0.11670453457542421,1.476914273966187,-0.5075927385583954,-0.6093556174784088,1.472473785385378,-0.514536309090337,-0.6093556174784088,0.6957177050224607,-1.0112802377447052,-0.6093556174784088,0.7001581936032695,-1.0043366672127636,-0.6093556174784088,1.476914273966187 0.08042449
5 0.5916415837984437,-0.1510267322964406,1.129915631803792,0.5896221147366247,-0.1510267322964406,0.7847024902012609,-0.27436379468253796,-0.1510267322964406,0.7897567381531784,-0.27234432562071903,-0.1510267322964406,1.1349698797557093,0.5916415837984437,-0.37358152213623763,1.129915631803792,0.5896221147366247,-0.37358152213623763,0.7847024902012609,-0.27436379468253796,-0.37358152213623763,0.7897567381531784,-0.27234432562071903,-0.37358152213623763,1.1349698797557093 0.068656445
5 -0.3242095231601674,-0.12924638560422422,1.3036153808116142,-0.3200610974838636,-0.12924638560422422,0.5573422674244216,-0.799166846316151,-0.12924638560422422,0.554678986978608,-0.8033152719924548,-0.12924638560422422,1.3009521003658007,-0.3242095231601674,-0.4726116342245722,1.3036153808116142,-0.3200610974838636,-0.4726116342245722,0.5573422674244216,-0.799166846316151,-0.4726116342245722,0.554678986978608,-0.8033152719924548,-0.4726116342245722,1.3009521003658007 0.004560897
5 0.6697030321828281,0.19518325057929398,1.0384452108563416,0.6780517286191161,0.19518325057929398,0.7180581161928354,-0.053677345918789976,0.19518325057929398,0.6989906068621643,-0.06202604235507808,0.19518325057929398,1.0193777015256704,0.6697030321828281,-0.0565701755613649,1.0384452108563416,0.6780517286191161,-0.0565701755613649,0.7180581161928354,-0.053677345918789976,-0.0565701755613649,0.6989906068621643,-0.06202604235507808,-0.0565701755613649,1.0193777015256704 0.18220122
5 -0.9691287821350054,-0.09349509964146377,1.9585761502323311,-0.9637100428124212,-0.09349509964146377,1.1816743027481535,-1.4129419976654096,-0.09349509964146377,1.1785409972133476,-1.4183607369879938,-0.09349509964146377,1.9554428446975252,-0.9691287821350054,-0.4463706325515294,1.9585761502323311,-0.9637100428124212,-0.4463706325515294,1.1816743027481535,-1.4129419976654096,-0.4463706325515294,1.1785409972133476,-1.4183607369879938,-0.4463706325515294,1.9554428446975252 0.004456627
5 0.5692559995627929,0.02603026397177964,1.0975011644800952,0.5737700606501498,0.02603026397177964,0.7347862728427328,-0.13949163937335507,0.02603026397177964,0.7259095849553296,-0.14400570046071193,0.02603026397177964,1.088624476592692,0.5692559995627929,-0.21551265485236437,1.0975011644800952,0.5737700606501498,-0.21551265485236437,0.7347862728427328,-0.13949163937335507,-0.21551265485236437,0.7259095849553296,-0.14400570046071193,-0.21551265485236437,1.088624476592692 0.14076768
5 -0.9814095038983908,-0.294548527173779,2.045029291924157,-0.9774720409547593,-0.294548527173779,1.2006434462867484,-1.494032667198411,-0.294548527173779,1.1982346679604867,-1.4979701301420425,-0.294548527173779,2.042620513597895,-0.9814095038983908,-0.6628541193678165,2.045029291924157,-0.9774720409547593,-0.6628541193678165,1.2006434462867484,-1.494032667198411,-0.6628541193678165,1.1982346679604867,-1.4979701301420425,-0.6628541193678165,2.042620513597895 0.012113442
5 -0.4929868538958887,-0.14472487942198276,1.4237051884432563,-0.502368404075099,-0.14472487942198276,1.0564969553261596,-1.2336127201931615,-0.14472487942198276,1.0751790126065484,-1.2242311700139514,-0.14472487942198276,1.442387245723645,-0.4929868538958887,-0.43856075032731534,1.4237051884432563,-0.502368404075099,-0.43856075032731534,1.0564969553261596,-1.2336127201931615,-0.43856075032731534,1.0751790126065484,-1.2242311700139514,-0.43856075032731534,1.442387245723645 0.23774447
5 -0.6337734612771937,0.20143964971119405,1.6351647045537425,-0.6499108831490236,0.20143964971119405,1.182276689500888,-1.113391145770841,0.20143964971119405,1.1987915370539235,-1.0972537238990112,0.20143964971119405,1.651679552106778,-0.6337734612771937,-0.5578753658633853,1.6351647045537425,-0.6499108831490236,-0.5578753658633853,1.182276689500888,-1.113391145770841,-0.5578753658633853,1.1987915370539235,-1.0972537238990112,-0.5578753658633853,1.651679552106778 0.32644773
5 -0.32432200408668543,-0.01793405686655042,-0.6991832001766471,-0.3210439861095209,-0.01793405686655042,-1.103235560159129,-0.7311143686702726,-0.01793405686655042,-1.1065624014774056,-0.7343923866474371,-0.01793405686655042,-0.7025100414949237,-0.32432200408668543,-0.8114769729491234,-0.6991832001766471,-0.3210439861095209,-0.8114769729491234,-1.103235560159129,-0.7311143686702726,-0.8114769729491234,-1.1065624014774056,-0.7343923866474371,-0.8114769729491234,-0.7025100414949237 0.01095117
5 0.46797083517143756,0.11002938649385251,1.1936157699521617,0.4715048410224887,0.11002938649385251,0.9012286557280829,-0.2687856127841237,0.11002938649385251,0.8922809604708121,-0.27231961863517484,0.11002938649385251,1.1846680746948908,0.46797083517143756,-0.1332487185928134,1.1936157699521617,0.4715048410224887,-0.1332487185928134,0.9012286557280829,-0.2687856127841237,-0.1332487185928134,0.8922809604708121,-0.27231961863517484,-0.1332487185928134,1.1846680746948908 0.14890276
5 0.8823781393963214,-0.2168858563608861,1.2262991171759487,0.8704019971917869,-0.2168858563608861,0.8577528020620576,-0.096817829509389,-0.2168858563608861,0.8891832131463169,-0.08484168730485453,-0.2168858563608861,1.257729528260208,0.8823781393963214,-0.433665820389297,1.2262991171759487,0.8704019971917869,-0.433665820389297,0.8577528020620576,-0.096817829509389,-0.433665820389297,0.8891832131463169,-0.08484168730485453,-0.433665820389297,1.257729528260208 0.113386706
5 -0.7025821846762295,0.026866035699763285,1.9394264238931183,-0.6875536130144723,0.026866035699763285,1.1474312426519617,-1.1743329125604038,0.026866035699763285,1.138194320812082,-1.189361484222161,0.026866035699763285,1.9301895020532385,-0.7025821846762295,-0.41388352417937757,1.9394264238931183,-0.6875536130144723,-0.41388352417937757,1.1474312426519617,-1.1743329125604038,-0.41388352417937757,1.138194320812082,-1.189361484222161,-0.41388352417937757,1.9301895020532385 0.039812703
6 -0.5075927385583954,-0.11670453457542421,1.472473785385378,-0.514536309090337,-0.11670453457542421,0.6957177050224607,-1.0112802377447052,-0.11670453457542421,0.7001581936032695,-1.0043366672127636,-0.11670453457542421,1.476914273966187,-0.5075927385583954,-0.6093556174784088,1.472473785385378,-0.514536309090337,-0.6093556174784088,0.6957177050224607,-1.0112802377447052,-0.6093556174784088,0.7001581936032695,-1.0043366672127636,-0.6093556174784088,1.476914273966187 0.026995292
6 0.5916415837984437,-0.1510267322964406,1.129915631803792,0.5896221147366247,-0.1510267322964406,0.7847024902012609,-0.27436379468253796,-0.1510267322964406,0.7897567381531784,-0.27234432562071903,-0.1510267322964406,1.1349698797557093,0.5916415837984437,-0.37358152213623763,1.129915631803792,0.5896221147366247,-0.37358152213623763,0.7847024902012609,-0.27436379468253796,-0.37358152213623763,0.7897567381531784,-0.27234432562071903,-0.37358152213623763,1.1349698797557093 0.017631019
6 -0.3242095231601674,-0.12924638560422422,1.3036153808116142,-0.3200610974838636,-0.12924638560422422,0.5573422674244216,-0.799166846316151,-0.12924638560422422,0.554678986978608,-0.8033152719924548,-0.12924638560422422,1.3009521003658007,-0.3242095231601674,-0.4726116342245722,1.3036153808116142,-0.3200610974838636,-0.4726116342245722,0.5573422674244216,-0.799166846316151,-0.4726116342245722,0.554678986978608,-0.8033152719924548,-0.4726116342245722,1.3009521003658007 0.004121284
6 0.6697030321828281,0.19518325057929398,1.0384452108563416,0.6780517286191161,0.19518325057929398,0.7180581161928354,-0.053677345918789976,0.19518325057929398,0.6989906068621643,-0.06202604235507808,0.19518325057929398,1.0193777015256704,0.6697030321828281,-0.0565701755613649,1.0384452108563416,0.6780517286191161,-0.0565701755613649,0.7180581161928354,-0.053677345918789976,-0.0565701755613649,0.6989906068621643,-0.06202604235507808,-0.0565701755613649,1.0193777015256704 0.02730906
6 -0.9691287821350054,-0.09349509964146377,1.9585761502323311,-0.9637100428124212,-0.09349509964146377,1.1816743027481535,-1.4129419976654096,-0.09349509964146377,1.1785409972133476,-1.4183607369879938,-0.09349509964146377,1.9554428446975252,-0.9691287821350054,-0.4463706325515294,1.9585761502323311,-0.9637100428124212,-0.4463706325515294,1.1816743027481535,-1.4129419976654096,-0.4463706325515294,1.1785409972133476,-1.4183607369879938,-0.4463706325515294,1.9554428446975252 0.003663672
6 0.5692559995627929,0.02603026397177964,1.0975011644800952,0.5737700606501498,0.02603026397177964,0.7347862728427328,-0.13949163937335507,0.02603026397177964,0.7259095849553296,-0.14400570046071193,0.02603026397177964,1.088624476592692,0.5692559995627929,-0.21551265485236437,1.0975011644800952,0.5737700606501498,-0.21551265485236437,0.7347862728427328,-0.13949163937335507,-0.21551265485236437,0.7259095849553296,-0.14400570046071193,-0.21551265485236437,1.088624476592692 0.012450542
6 -0.9814095038983908,-0.294548527173779,2.045029291924157,-0.9774720409547593,-0.294548527173779,1.2006434462867484,-1.494032667198411,-0.294548527173779,1.1982346679604867,-1.4979701301420425,-0.294548527173779,2.042620513597895,-0.9814095038983908,-0.6628541193678165,2.045029291924157,-0.9774720409547593,-0.6628541193678165,1.2006434462867484,-1.494032667198411,-0.6628541193678165,1.1982346679604867,-1.4979701301420425,-0.6628541193678165,2.042620513597895 0.007855336
6 -0.4929868538958887,-0.14472487942198276,1.4237051884432563,-0.502368404075099,-0.14472487942198276,1.0564969553261596,-1.2336127201931615,-0.14472487942198276,1.0751790126065484,-1.2242311700139514,-0.14472487942198276,1.442387245723645,-0.4929868538958887,-0.43856075032731534,1.4237051884432563,-0.502368404075099,-0.43856075032731534,1.0564969553261596,-1.2336127201931615,-0.43856075032731534,1.0751790126065484,-1.2242311700139514,-0.43856075032731534,1.442387245723645 0.024514187
6 -0.6337734612771937,0.20143964971119405,1.6351647045537425,-0.6499108831490236,0.20143964971119405,1.182276689500888,-1.113391145770841,0.20143964971119405,1.1987915370539235,-1.0972537238990112,0.20143964971119405,1.651679552106778,-0.6337734612771937,-0.5578753658633853,1.6351647045537425,-0.6499108831490236,-0.5578753658633853,1.182276689500888,-1.113391145770841,-0.5578753658633853,1.1987915370539235,-1.0972537238990112,-0.5578753658633853,1.651679552106778 0.017079469
6 -0.32432200408668543,-0.01793405686655042,-0.6991832001766471,-0.3210439861095209,-0.01793405686655042,-1.103235560159129,-0.7311143686702726,-0.01793405686655042,-1.1065624014774056,-0.7343923866474371,-0.01793405686655042,-0.7025100414949237,-0.32432200408668543,-0.8114769729491234,-0.6991832001766471,-0.3210439861095209,-0.8114769729491234,-1.103235560159129,-0.7311143686702726,-0.8114769729491234,-1.1065624014774056,-0.7343923866474371,-0.8114769729491234,-0.7025100414949237 0.0013221384
6 0.46797083517143756,0.11002938649385251,1.1936157699521617,0.4715048410224887,0.11002938649385251,0.9012286557280829,-0.2687856127841237,0.11002938649385251,0.8922809604708121,-0.27231961863517484,0.11002938649385251,1.1846680746948908,0.46797083517143756,-0.1332487185928134,1.1936157699521617,0.4715048410224887,-0.1332487185928134,0.9012286557280829,-0.2687856127841237,-0.1332487185928134,0.8922809604708121,-0.27231961863517484,-0.1332487185928134,1.1846680746948908 0.026635868
6 0.8823781393963214,-0.2168858563608861,1.2262991171759487,0.8704019971917869,-0.2168858563608861,0.8577528020620576,-0.096817829509389,-0.2168858563608861,0.8891832131463169,-0.08484168730485453,-0.2168858563608861,1.257729528260208,0.8823781393963214,-0.433665820389297,1.2262991171759487,0.8704019971917869,-0.433665820389297,0.8577528020620576,-0.096817829509389,-0.433665820389297,0.8891832131463169,-0.08484168730485453,-0.433665820389297,1.257729528260208 0.019991908
6 -0.7025821846762295,0.026866035699763285,1.9394264238931183,-0.6875536130144723,0.026866035699763285,1.1474312426519617,-1.1743329125604038,0.026866035699763285,1.138194320812082,-1.189361484222161,0.026866035699763285,1.9301895020532385,-0.7025821846762295,-0.41388352417937757,1.9394264238931183,-0.6875536130144723,-0.41388352417937757,1.1474312426519617,-1.1743329125604038,-0.41388352417937757,1.138194320812082,-1.189361484222161,-0.41388352417937757,1.9301895020532385 0.0100875385
7 -0.5075927385583954,-0.11670453457542421,1.472473785385378,-0.514536309090337,-0.11670453457542421,0.6957177050224607,-1.0112802377447052,-0.11670453457542421,0.7001581936032695,-1.0043366672127636,-0.11670453457542421,1.476914273966187,-0.5075927385583954,-0.6093556174784088,1.472473785385378,-0.514536309090337,-0.6093556174784088,0.6957177050224607,-1.0112802377447052,-0.6093556174784088,0.7001581936032695,-1.0043366672127636,-0.6093556174784088,1.476914273966187 0.027826184
7 0.5916415837984437,-0.1510267322964406,1.129915631803792,0.5896221147366247,-0.1510267322964406,0.7847024902012609,-0.27436379468253796,-0.1510267322964406,0.7897567381531784,-0.27234432562071903,-0.1510267322964406,1.1349698797557093,0.5916415837984437,-0.37358152213623763,1.129915631803792,0.5896221147366247,-0.37358152213623763,0.7847024902012609,-0.27436379468253796,-0.37358152213623763,0.7897567381531784,-0.27234432562071903,-0.37358152213623763,1.1349698797557093 0.0065827314
7 -0.3242095231601674,-0.12924638560422422,1.3036153808116142,-0.3200610974838636,-0.12924638560422422,0.5573422674244216,-0.799166846316151,-0.12924638560422422,0.554678986978608,-0.8033152719924548,-0.12924638560422422,1.3009521003658007,-0.3242095231601674,-0.4726116342245722,1.3036153808116142,-0.3200610974838636,-0.4726116342245722,0.5573422674244216,-0.799166846316151,-0.4726116342245722,0.554678986978608,-0.8033152719924548,-0.4726116342245722,1.3009521003658007 0.0015832182
7 0.6697030321828281,0.19518325057929398,1.0384452108563416,0.6780517286191161,0.19518325057929398,0.7180581161928354,-0.053677345918789976,0.19518325057929398,0.6989906068621643,-0.06202604235507808,0.19518325057929398,1.0193777015256704,0.6697030321828281,-0.0565701755613649,1.0384452108563416,0.6780517286191161,-0.0565701755613649,0.7180581161928354,-0.053677345918789976,-0.0565701755613649,0.6989906068621643,-0.06202604235507808,-0.0565701755613649,1.0193777015256704 0.029549345
7 -0.9691287821350054,-0.09349509964146377,1.9585761502323311,-0.9637100428124212,-0.09349509964146377,1.1816743027481535,-1.4129419976654096,-0.09349509964146377,1.1785409972133476,-1.4183607369879938,-0.09349509964146377,1.9554428446975252,-0.9691287821350054,-0.4463706325515294,1.9585761502323311,-0.9637100428124212,-0.4463706325515294,1.1816743027481535,-1.4129419976654096,-0.4463706325515294,1.1785409972133476,-1.4183607369879938,-0.4463706325515294,1.9554428446975252 0.0014463485
7 0.5692559995627929,0.02603026397177964,1.0975011644800952,0.5737700606501498,0.02603026397177964,0.7347862728427328,-0.13949163937335507,0.02603026397177964,0.7259095849553296,-0.14400570046071193,0.02603026397177964,1.088624476592692,0.5692559995627929,-0.21551265485236437,1.0975011644800952,0.5737700606501498,-0.21551265485236437,0.7347862728427328,-0.13949163937335507,-0.21551265485236437,0.7259095849553296,-0.14400570046071193,-0.21551265485236437,1.088624476592692 0.0072871572
7 -0.9814095038983908,-0.294548527173779,2.045029291924157,-0.9774720409547593,-0.294548527173779,1.2006434462867484,-1.494032667198411,-0.294548527173779,1.1982346679604867,-1.4979701301420425,-0.294548527173779,2.042620513597895,-0.9814095038983908,-0.6628541193678165,2.045029291924157,-0.9774720409547593,-0.6628541193678165,1.2006434462867484,-1.494032667198411,-0.6628541193678165,1.1982346679604867,-1.4979701301420425,-0.6628541193678165,2.042620513597895 0.0051755086
7 -0.4929868538958887,-0.14472487942198276,1.4237051884432563,-0.502368404075099,-0.14472487942198276,1.0564969553261596,-1.2336127201931615,-0.14472487942198276,1.0751790126065484,-1.2242311700139514,-0.14472487942198276,1.442387245723645,-0.4929868538958887,-0.43856075032731534,1.4237051884432563,-0.502368404075099,-0.43856075032731534,1.0564969553261596,-1.2336127201931615,-0.43856075032731534,1.0751790126065484,-1.2242311700139514,-0.43856075032731534,1.442387245723645 0.030980077
7 -0.6337734612771937,0.20143964971119405,1.6351647045537425,-0.6499108831490236,0.20143964971119405,1.182276689500888,-1.113391145770841,0.20143964971119405,1.1987915370539235,-1.0972537238990112,0.20143964971119405,1.651679552106778,-0.6337734612771937,-0.5578753658633853,1.6351647045537425,-0.6499108831490236,-0.5578753658633853,1.182276689500888,-1.113391145770841,-0.5578753658633853,1.1987915370539235,-1.0972537238990112,-0.5578753658633853,1.651679552106778 0.03195213
7 -0.32432200408668543,-0.01793405686655042,-0.6991832001766471,-0.3210439861095209,-0.01793405686655042,-1.103235560159129,-0.7311143686702726,-0.01793405686655042,-1.1065624014774056,-0.7343923866474371,-0.01793405686655042,-0.7025100414949237,-0.32432200408668543,-0.8114769729491234,-0.6991832001766471,-0.3210439861095209,-0.8114769729491234,-1.103235560159129,-0.7311143686702726,-0.8114769729491234,-1.1065624014774056,-0.7343923866474371,-0.8114769729491234,-0.7025100414949237 0.0017517083
7 0.46797083517143756,0.11002938649385251,1.1936157699521617,0.4715048410224887,0.11002938649385251,0.9012286557280829,-0.2687856127841237,0.11002938649385251,0.8922809604708121,-0.27231961863517484,0.11002938649385251,1.1846680746948908,0.46797083517143756,-0.1332487185928134,1.1936157699521617,0.4715048410224887,-0.1332487185928134,0.9012286557280829,-0.2687856127841237,-0.1332487185928134,0.8922809604708121,-0.27231961863517484,-0.1332487185928134,1.1846680746948908 0.021905012
7 0.8823781393963214,-0.2168858563608861,1.2262991171759487,0.8704019971917869,-0.2168858563608861,0.8577528020620576,-0.096817829509389,-0.2168858563608861,0.8891832131463169,-0.08484168730485453,-0.2168858563608861,1.257729528260208,0.8823781393963214,-0.433665820389297,1.2262991171759487,0.8704019971917869,-0.433665820389297,0.8577528020620576,-0.096817829509389,-0.433665820389297,0.8891832131463169,-0.08484168730485453,-0.433665820389297,1.257729528260208 0.010671868
7 -0.7025821846762295,0.026866035699763285,1.9394264238931183,-0.6875536130144723,0.026866035699763285,1.1474312426519617,-1.1743329125604038,0.026866035699763285,1.138194320812082,-1.189361484222161,0.026866035699763285,1.9301895020532385,-0.7025821846762295,-0.41388352417937757,1.9394264238931183,-0.6875536130144723,-0.41388352417937757,1.1474312426519617,-1.1743329125604038,-0.41388352417937757,1.138194320812082,-1.189361484222161,-0.41388352417937757,1.9301895020532385 0.013197089
8 -0.5075927385583954,-0.11670453457542421,1.472473785385378,-0.514536309090337,-0.11670453457542421,0.6957177050224607,-1.0112802377447052,-0.11670453457542421,0.7001581936032695,-1.0043366672127636,-0.11670453457542421,1.476914273966187,-0.5075927385583954,-0.6093556174784088,1.472473785385378,-0.514536309090337,-0.6093556174784088,0.6957177050224607,-1.0112802377447052,-0.6093556174784088,0.7001581936032695,-1.0043366672127636,-0.6093556174784088,1.476914273966187 0.03502114
8 0.5916415837984437,-0.1510267322964406,1.129915631803792,0.5896221147366247,-0.1510267322964406,0.7847024902012609,-0.27436379468253796,-0.1510267322964406,0.7897567381531784,-0.27234432562071903,-0.1510267322964406,1.1349698797557093,0.5916415837984437,-0.37358152213623763,1.129915631803792,0.5896221147366247,-0.37358152213623763,0.7847024902012609,-0.27436379468253796,-0.37358152213623763,0.7897567381531784,-0.27234432562071903,-0.37358152213623763,1.1349698797557093 0.007837835
8 -0.3242095231601674,-0.12924638560422422,1.3036153808116142,-0.3200610974838636,-0.12924638560422422,0.5573422674244216,-0.799166846316151,-0.12924638560422422,0.554678986978608,-0.8033152719924548,-0.12924638560422422,1.3009521003658007,-0.3242095231601674,-0.4726116342245722,1.3036153808116142,-0.3200610974838636,-0.4726116342245722,0.5573422674244216,-0.799166846316151,-0.4726116342245722,0.554678986978608,-0.8033152719924548,-0.4726116342245722,1.3009521003658007 0.0017719354
8 0.6697030321828281,0.19518325057929398,1.0384452108563416,0.6780517286191161,0.19518325057929398,0.7180581161928354,-0.053677345918789976,0.19518325057929398,0.6989906068621643,-0.06202604235507808,0.19518325057929398,1.0193777015256704,0.6697030321828281,-0.0565701755613649,1.0384452108563416,0.6780517286191161,-0.0565701755613649,0.7180581161928354,-0.053677345918789976,-0.0565701755613649,0.6989906068621643,-0.06202604235507808,-0.0565701755613649,1.0193777015256704 0.04003047
8 -0.9691287821350054,-0.09349509964146377,1.9585761502323311,-0.9637100428124212,-0.09349509964146377,1.1816743027481535,-1.4129419976654096,-0.09349509964146377,1.1785409972133476,-1.4183607369879938,-0.09349509964146377,1.9554428446975252,-0.9691287821350054,-0.4463706325515294,1.9585761502323311,-0.9637100428124212,-0.4463706325515294,1.1816743027481535,-1.4129419976654096,-0.4463706325515294,1.1785409972133476,-1.4183607369879938,-0.4463706325515294,1.9554428446975252 0.0012379354
8 0.5692559995627929,0.02603026397177964,1.0975011644800952,0.5737700606501498,0.02603026397177964,0.7347862728427328,-0.13949163937335507,0.02603026397177964,0.7259095849553296,-0.14400570046071193,0.02603026397177964,1.088624476592692,0.5692559995627929,-0.21551265485236437,1.0975011644800952,0.5737700606501498,-0.21551265485236437,0.7347862728427328,-0.13949163937335507,-0.21551265485236437,0.7259095849553296,-0.14400570046071193,-0.21551265485236437,1.088624476592692 0.0102012
8 -0.9814095038983908,-0.294548527173779,2.045029291924157,-0.9774720409547593,-0.294548527173779,1.2006434462867484,-1.494032667198411,-0.294548527173779,1.1982346679604867,-1.4979701301420425,-0.294548527173779,2.042620513597895,-0.9814095038983908,-0.6628541193678165,2.045029291924157,-0.9774720409547593,-0.6628541193678165,1.2006434462867484,-1.494032667198411,-0.6628541193678165,1.1982346679604867,-1.4979701301420425,-0.6628541193678165,2.042620513597895 0.005399738
8 -0.4929868538958887,-0.14472487942198276,1.4237051884432563,-0.502368404075099,-0.14472487942198276,1.0564969553261596,-1.2336127201931615,-0.14472487942198276,1.0751790126065484,-1.2242311700139514,-0.14472487942198276,1.442387245723645,-0.4929868538958887,-0.43856075032731534,1.4237051884432563,-0.502368404075099,-0.43856075032731534,1.0564969553261596,-1.2336127201931615,-0.43856075032731534,1.0751790126065484,-1.2242311700139514,-0.43856075032731534,1.442387245723645 0.054173492
8 -0.6337734612771937,0.20143964971119405,1.6351647045537425,-0.6499108831490236,0.20143964971119405,1.182276689500888,-1.113391145770841,0.20143964971119405,1.1987915370539235,-1.0972537238990112,0.20143964971119405,1.651679552106778,-0.6337734612771937,-0.5578753658633853,1.6351647045537425,-0.6499108831490236,-0.5578753658633853,1.182276689500888,-1.113391145770841,-0.5578753658633853,1.1987915370539235,-1.0972537238990112,-0.5578753658633853,1.651679552106778 0.045994014
8 -0.32432200408668543,-0.01793405686655042,-0.6991832001766471,-0.3210439861095209,-0.01793405686655042,-1.103235560159129,-0.7311143686702726,-0.01793405686655042,-1.1065624014774056,-0.7343923866474371,-0.01793405686655042,-0.7025100414949237,-0.32432200408668543,-0.8114769729491234,-0.6991832001766471,-0.3210439861095209,-0.8114769729491234,-1.103235560159129,-0.7311143686702726,-0.8114769729491234,-1.1065624014774056,-0.7343923866474371,-0.8114769729491234,-0.7025100414949237 0.001593072
8 0.46797083517143756,0.11002938649385251,1.1936157699521617,0.4715048410224887,0.11002938649385251,0.9012286557280829,-0.2687856127841237,0.11002938649385251,0.8922809604708121,-0.27231961863517484,0.11002938649385251,1.1846680746948908,0.46797083517143756,-0.1332487185928134,1.1936157699521617,0.4715048410224887,-0.1332487185928134,0.9012286557280829,-0.2687856127841237,-0.1332487185928134,0.8922809604708121,-0.27231961863517484,-0.1332487185928134,1.1846680746948908 0.029141167
8 0.8823781393963214,-0.2168858563608861,1.2262991171759487,0.8704019971917869,-0.2168858563608861,0.8577528020620576,-0.096817829509389,-0.2168858563608861,0.8891832131463169,-0.08484168730485453,-0.2168858563608861,1.257729528260208,0.8823781393963214,-0.433665820389297,1.2262991171759487,0.8704019971917869,-0.433665820389297,0.8577528020620576,-0.096817829509389,-0.433665820389297,0.8891832131463169,-0.08484168730485453,-0.433665820389297,1.257729528260208 0.012630582
8 -0.7025821846762295,0.026866035699763285,1.9394264238931183,-0.6875536130144723,0.026866035699763285,1.1474312426519617,-1.1743329125604038,0.026866035699763285,1.138194320812082,-1.189361484222161,0.026866035699763285,1.9301895020532385,-0.7025821846762295,-0.41388352417937757,1.9394264238931183,-0.6875536130144723,-0.41388352417937757,1.1474312426519617,-1.1743329125604038,-0.41388352417937757,1.138194320812082,-1.189361484222161,-0.41388352417937757,1.9301895020532385 0.012381932
9 -0.5075927385583954,-0.11670453457542421,1.472473785385378,-0.514536309090337,-0.11670453457542421,0.6957177050224607,-1.0112802377447052,-0.11670453457542421,0.7001581936032695,-1.0043366672127636,-0.11670453457542421,1.476914273966187,-0.5075927385583954,-0.6093556174784088,1.472473785385378,-0.514536309090337,-0.6093556174784088,0.6957177050224607,-1.0112802377447052,-0.6093556174784088,0.7001581936032695,-1.0043366672127636,-0.6093556174784088,1.476914273966187 0.45318154
9 0.5916415837984437,-0.1510267322964406,1.129915631803792,0.5896221147366247,-0.1510267322964406,0.7847024902012609,-0.27436379468253796,-0.1510267322964406,0.7897567381531784,-0.27234432562071903,-0.1510267322964406,1.1349698797557093,0.5916415837984437,-0.37358152213623763,1.129915631803792,0.5896221147366247,-0.37358152213623763,0.7847024902012609,-0.27436379468253796,-0.37358152213623763,0.7897567381531784,-0.27234432562071903,-0.37358152213623763,1.1349698797557093 0.021234563
9 -0.3242095231601674,-0.12924638560422422,1.3036153808116142,-0.3200610974838636,-0.12924638560422422,0.5573422674244216,-0.799166846316151,-0.12924638560422422,0.554678986978608,-0.8033152719924548,-0.12924638560422422,1.3009521003658007,-0.3242095231601674,-0.4726116342245722,1.3036153808116142,-0.3200610974838636,-0.4726116342245722,0.5573422674244216,-0.799166846316151,-0.4726116342245722,0.554678986978608,-0.8033152719924548,-0.4726116342245722,1.3009521003658007 0.93552405
9 0.6697030321828281,0.19518325057929398,1.0384452108563416,0.6780517286191161,0.19518325057929398,0.7180581161928354,-0.053677345918789976,0.19518325057929398,0.6989906068621643,-0.06202604235507808,0.19518325057929398,1.0193777015256704,0.6697030321828281,-0.0565701755613649,1.0384452108563416,0.6780517286191161,-0.0565701755613649,0.7180581161928354,-0.053677345918789976,-0.0565701755613649,0.6989906068621643,-0.06202604235507808,-0.0565701755613649,1.0193777015256704 0.11248596
9 -0.9691287821350054,-0.09349509964146377,1.9585761502323311,-0.9637100428124212,-0.09349509964146377,1.1816743027481535,-1.4129419976654096,-0.09349509964146377,1.1785409972133476,-1.4183607369879938,-0.09349509964146377,1.9554428446975252,-0.9691287821350054,-0.4463706325515294,1.9585761502323311,-0.9637100428124212,-0.4463706325515294,1.1816743027481535,-1.4129419976654096,-0.4463706325515294,1.1785409972133476,-1.4183607369879938,-0.4463706325515294,1.9554428446975252 0.91552424
9 0.5692559995627929,0.02603026397177964,1.0975011644800952,0.5737700606501498,0.02603026397177964,0.7347862728427328,-0.13949163937335507,0.02603026397177964,0.7259095849553296,-0.14400570046071193,0.02603026397177964,1.088624476592692,0.5692559995627929,-0.21551265485236437,1.0975011644800952,0.5737700606501498,-0.21551265485236437,0.7347862728427328,-0.13949163937335507,-0.21551265485236437,0.7259095849553296,-0.14400570046071193,-0.21551265485236437,1.088624476592692 0.02291086
9 -0.9814095038983908,-0.294548527173779,2.045029291924157,-0.9774720409547593,-0.294548527173779,1.2006434462867484,-1.494032667198411,-0.294548527173779,1.1982346679604867,-1.4979701301420425,-0.294548527173779,2.042620513597895,-0.9814095038983908,-0.6628541193678165,2.045029291924157,-0.9774720409547593,-0.6628541193678165,1.2006434462867484,-1.494032667198411,-0.6628541193678165,1.1982346679604867,-1.4979701301420425,-0.6628541193678165,2.042620513597895 0.8674955
9 -0.4929868538958887,-0.14472487942198276,1.4237051884432563,-0.502368404075099,-0.14472487942198276,1.0564969553261596,-1.2336127201931615,-0.14472487942198276,1.0751790126065484,-1.2242311700139514,-0.14472487942198276,1.442387245723645,-0.4929868538958887,-0.43856075032731534,1.4237051884432563,-0.502368404075099,-0.43856075032731534,1.0564969553261596,-1.2336127201931615,-0.43856075032731534,1.0751790126065484,-1.2242311700139514,-0.43856075032731534,1.442387245723645 0.16387962
9 -0.6337734612771937,0.20143964971119405,1.6351647045537425,-0.6499108831490236,0.20143964971119405,1.182276689500888,-1.113391145770841,0.20143964971119405,1.1987915370539235,-1.0972537238990112,0.20143964971119405,1.651679552106778,-0.6337734612771937,-0.5578753658633853,1.6351647045537425,-0.6499108831490236,-0.5578753658633853,1.182276689500888,-1.113391145770841,-0.5578753658633853,1.1987915370539235,-1.0972537238990112,-0.5578753658633853,1.651679552106778 0.20371762
9 -0.32432200408668543,-0.01793405686655042,-0.6991832001766471,-0.3210439861095209,-0.01793405686655042,-1.103235560159129,-0.7311143686702726,-0.01793405686655042,-1.1065624014774056,-0.7343923866474371,-0.01793405686655042,-0.7025100414949237,-0.32432200408668543,-0.8114769729491234,-0.6991832001766471,-0.3210439861095209,-0.8114769729491234,-1.103235560159129,-0.7311143686702726,-0.8114769729491234,-1.1065624014774056,-0.7343923866474371,-0.8114769729491234,-0.7025100414949237 0.05273509
9 0.46797083517143756,0.11002938649385251,1.1936157699521617,0.4715048410224887,0.11002938649385251,0.9012286557280829,-0.2687856127841237,0.11002938649385251,0.8922809604708121,-0.27231961863517484,0.11002938649385251,1.1846680746948908,0.46797083517143756,-0.1332487185928134,1.1936157699521617,0.4715048410224887,-0.1332487185928134,0.9012286557280829,-0.2687856127841237,-0.1332487185928134,0.8922809604708121,-0.27231961863517484,-0.1332487185928134,1.1846680746948908 0.08270746
9 0.8823781393963214,-0.2168858563608861,1.2262991171759487,0.8704019971917869,-0.2168858563608861,0.8577528020620576,-0.096817829509389,-0.2168858563608861,0.8891832131463169,-0.08484168730485453,-0.2168858563608861,1.257729528260208,0.8823781393963214,-0.433665820389297,1.2262991171759487,0.8704019971917869,-0.433665820389297,0.8577528020620576,-0.096817829509389,-0.433665820389297,0.8891832131463169,-0.08484168730485453,-0.433665820389297,1.257729528260208 0.027477652
9 -0.7025821846762295,0.026866035699763285,1.9394264238931183,-0.6875536130144723,0.026866035699763285,1.1474312426519617,-1.1743329125604038,0.026866035699763285,1.138194320812082,-1.189361484222161,0.026866035699763285,1.9301895020532385,-0.7025821846762295,-0.41388352417937757,1.9394264238931183,-0.6875536130144723,-0.41388352417937757,1.1474312426519617,-1.1743329125604038,-0.41388352417937757,1.138194320812082,-1.189361484222161,-0.41388352417937757,1.9301895020532385 0.6594905
