0 -0.8569048624663067,0.05169109447004318,-0.22443508685830116,-0.8569048624663067,0.05169109447004318,-0.887965087282629,-1.5593248624177265,0.05169109447004318,-0.887965087282629,-1.5593248624177265,0.05169109447004318,-0.22443508685830116,-0.8569048624663067,-0.17701890511514662,-0.22443508685830116,-0.8569048624663067,-0.17701890511514662,-0.887965087282629,-1.5593248624177265,-0.17701890511514662,-0.887965087282629,-1.5593248624177265,-0.17701890511514662,-0.22443508685830116
6 -0.3161969060564041,0.13119524309691433,-0.8531034582639743,-0.3161969060564041,0.13119524309691433,-1.5591234570955228,-0.8048569088315964,0.13119524309691433,-1.5591234570955228,-0.8048569088315964,0.13119524309691433,-0.8531034582639743,-0.3161969060564041,-0.3813847560649777,-0.8531034582639743,-0.3161969060564041,-0.3813847560649777,-1.5591234570955228,-0.8048569088315964,-0.3813847560649777,-1.5591234570955228,-0.8048569088315964,-0.3813847560649777,-0.8531034582639743
4 0.8049273880719543,-0.049339603756547,1.1414367938975096,0.8049273880719543,-0.049339603756547,1.1243767951985597,0.5885173884630799,-0.049339603756547,1.1243767951985597,0.5885173884630799,-0.049339603756547,1.1414367938975096,0.8049273880719543,-1.019159603740096,1.1414367938975096,0.8049273880719543,-1.019159603740096,1.1243767951985597,0.5885173884630799,-1.019159603740096,1.1243767951985597,0.5885173884630799,-1.019159603740096,1.1414367938975096
5 -0.7865274315213394,-0.10884471339469909,-2.8417925550388143,-0.7865274315213394,-0.10884471339469909,-3.088592557723637,-1.0143774385119246,-0.10884471339469909,-3.088592557723637,-1.0143774385119246,-0.10884471339469909,-2.8417925550388143,-0.7865274315213394,-1.0498847206186677,-2.8417925550388143,-0.7865274315213394,-1.0498847206186677,-3.088592557723637,-1.0143774385119246,-1.0498847206186677,-3.088592557723637,-1.0143774385119246,-1.0498847206186677,-2.8417925550388143
6 1.1982205010464788,0.11498734599259139,-0.6637900335128117,1.1982205010464788,0.11498734599259139,-1.2971100347702693,0.5991305016466975,0.11498734599259139,-1.2971100347702693,0.5991305016466975,0.11498734599259139,-0.6637900335128117,1.1982205010464788,-0.3732026541819835,-0.6637900335128117,1.1982205010464788,-0.3732026541819835,-1.2971100347702693,0.5991305016466975,-0.3732026541819835,-1.2971100347702693,0.5991305016466975,-0.3732026541819835,-0.6637900335128117
9 -2.3472827303489496,-0.060438092634162915,-1.3968236411969377,-2.3472827303489496,-0.060438092634162915,-2.3366036449511336,-2.599862731687183,-0.060438092634162915,-2.3366036449511336,-2.599862731687183,-0.060438092634162915,-1.3968236411969377,-2.3472827303489496,-0.28617808611682893,-1.3968236411969377,-2.3472827303489496,-0.28617808611682893,-2.3366036449511336,-2.599862731687183,-0.28617808611682893,-2.3366036449511336,-2.599862731687183,-0.28617808611682893,-1.3968236411969377
9 1.5295774561086846,-0.09378915449985029,0.8524106253822136,1.5295774561086846,-0.09378915449985029,0.17581062419816973,0.9236574548562813,-0.09378915449985029,0.17581062419816973,0.9236574548562813,-0.09378915449985029,0.8524106253822136,1.5295774561086846,-0.5121891556083346,0.8524106253822136,1.5295774561086846,-0.5121891556083346,0.17581062419816973,0.9236574548562813,-0.5121891556083346,0.17581062419816973,0.9236574548562813,-0.5121891556083346,0.8524106253822136
0 1.2462711278171825,0.043423007299025054,1.3110050526141834,1.2462711278171825,0.043423007299025054,0.7194450530529308,0.4721211251048756,0.043423007299025054,0.7194450530529308,0.4721211251048756,0.043423007299025054,1.3110050526141834,1.2462711278171825,-0.16972699301393745,1.3110050526141834,1.2462711278171825,-0.16972699301393745,0.7194450530529308,0.4721211251048756,-0.16972699301393745,0.7194450530529308,0.4721211251048756,-0.16972699301393745,1.3110050526141834
0 2.4979297984214117,0.04540252411814451,-1.9396897196144152,2.4979297984214117,0.04540252411814451,-2.5637597203880262,1.7601997982887936,0.04540252411814451,-2.5637597203880262,1.7601997982887936,0.04540252411814451,-1.9396897196144152,2.4979297984214117,-0.17522747540922878,-1.9396897196144152,2.4979297984214117,-0.17522747540922878,-2.5637597203880262,1.7601997982887936,-0.17522747540922878,-2.5637597203880262,1.7601997982887936,-0.17522747540922878,-1.9396897196144152
6 -1.0396063613259792,0.12667725200113297,0.7435839610760402,-1.0396063613259792,0.12667725200113297,0.01954396193573954,-1.508576364580393,0.12667725200113297,0.01954396193573954,-1.508576364580393,0.12667725200113297,0.7435839610760402,-1.0396063613259792,-0.3710527491038704,0.7435839610760402,-1.0396063613259792,-0.3710527491038704,0.01954396193573954,-1.508576364580393,-0.3710527491038704,0.01954396193573954,-1.508576364580393,-0.3710527491038704,0.7435839610760402
3 -0.662882256274662,0.16745177752471208,1.2985606188967205,-0.662882256274662,0.16745177752471208,0.9816706185147785,-0.7068422558255577,0.16745177752471208,0.9816706185147785,-0.7068422558255577,0.16745177752471208,1.2985606188967205,-0.662882256274662,-0.7738982225129628,1.2985606188967205,-0.662882256274662,-0.7738982225129628,0.9816706185147785,-0.7068422558255577,-0.7738982225129628,0.9816706185147785,-0.7068422558255577,-0.7738982225129628,1.2985606188967205
2 1.4760058515439367,0.03364666092059615,-0.22204274434895277,1.4760058515439367,0.03364666092059615,-0.6376927445426488,1.0412258512606287,0.03364666092059615,-0.6376927445426488,1.0412258512606287,0.03364666092059615,-0.22204274434895277,1.4760058515439367,-0.7627633391585111,-0.22204274434895277,1.4760058515439367,-0.7627633391585111,-0.6376927445426488,1.0412258512606287,-0.7627633391585111,-0.6376927445426488,1.0412258512606287,-0.7627633391585111,-0.22204274434895277
0 0.18713057225659369,0.04266239347478419,-2.772810149502783,0.18713057225659369,0.04266239347478419,-3.414560150790186,-0.5465394276948261,0.04266239347478419,-3.414560150790186,-0.5465394276948261,0.04266239347478419,-2.772810149502783,0.18713057225659369,-0.15414760651608972,-2.772810149502783,0.18713057225659369,-0.15414760651608972,-3.414560150790186,-0.5465394276948261,-0.15414760651608972,-3.414560150790186,-0.5465394276948261,-0.15414760651608972,-2.772810149502783
3 -1.6294079068578697,0.09293516646737843,2.7757796489249293,-1.6294079068578697,0.09293516646737843,2.454039648865598,-1.6965079065881752,0.09293516646737843,2.454039648865598,-1.6965079065881752,0.09293516646737843,2.7757796489249293,-1.6294079068578697,-0.8470348335396746,2.7757796489249293,-1.6294079068578697,-0.8470348335396746,2.454039648865598,-1.6965079065881752,-0.8470348335396746,2.454039648865598,-1.6965079065881752,-0.8470348335396746,2.7757796489249293
1 -2.244933473977251,0.012915402177032229,1.7823449656029702,-2.244933473977251,0.012915402177032229,1.3461149648169517,-3.1053434730442335,0.012915402177032229,1.3461149648169517,-3.1053434730442335,0.012915402177032229,1.7823449656029702,-2.244933473977251,-0.21722459745710732,1.7823449656029702,-2.244933473977251,-0.21722459745710732,1.3461149648169517,-3.1053434730442335,-0.21722459745710732,1.3461149648169517,-3.1053434730442335,-0.21722459745710732,1.7823449656029702
7 -2.4579276239942502,0.015128827414769536,-1.000028836239643,-2.4579276239942502,0.015128827414769536,-1.2026088361846734,-3.3352676236558962,0.015128827414769536,-1.2026088361846734,-3.3352676236558962,0.015128827414769536,-1.000028836239643,-2.4579276239942502,-0.401031172595281,-1.000028836239643,-2.4579276239942502,-0.401031172595281,-1.2026088361846734,-3.3352676236558962,-0.401031172595281,-1.2026088361846734,-3.3352676236558962,-0.401031172595281,-1.000028836239643
