0 0.5143385384229278,1.2257516242394397,1.0879760752798775,0.47974984774961554,1.2257516242394397,0.7597280501051048,-0.10509012676750168,1.2257516242394397,0.821354769599273,-0.07050143609418952,1.2257516242394397,1.1496027947740455,0.5143385384229278,0.47360266672277956,1.0879760752798775,0.47974984774961554,0.47360266672277956,0.7597280501051048,-0.10509012676750168,0.47360266672277956,0.821354769599273,-0.07050143609418952,0.47360266672277956,1.1496027947740455 0.0051742317
0 0.5696347654446726,1.0101080973696137,-1.0353180715602697,0.5848834589494264,1.0101080973696137,-1.4913869623424632,0.17648169392498678,1.0101080973696137,-1.505041902347201,0.161233000420233,1.0101080973696137,-1.0489730115650076,0.5696347654446726,-0.00018738108390814467,-1.0353180715602697,0.5848834589494264,-0.00018738108390814467,-1.4913869623424632,0.17648169392498678,-0.00018738108390814467,-1.505041902347201,0.161233000420233,-0.00018738108390814467,-1.0489730115650076 0.0055064396
0 1.6969852299931727,0.832059576089325,-0.9332061497009358,1.6961977847855576,0.832059576089325,-1.2962448982706323,1.2834026961085119,0.832059576089325,-1.2953495296203532,1.284190141316127,0.832059576089325,-0.9323107810506569,1.6969852299931727,0.02759228748565673,-0.9332061497009358,1.6961977847855576,0.02759228748565673,-1.2962448982706323,1.2834026961085119,0.02759228748565673,-1.2953495296203532,1.284190141316127,0.02759228748565673,-0.9323107810506569 0.0073553054
0 0.1905263780627976,-0.7012298042822456,-0.3371519877508351,0.1943984352859408,-0.7012298042822456,-0.6247347625007684,-0.19222719660146337,-0.7012298042822456,-0.6299403474733165,-0.19609925382460658,-0.7012298042822456,-0.34235757272338324,0.1905263780627976,-1.580366617913189,-0.3371519877508351,0.1943984352859408,-1.580366617913189,-0.6247347625007684,-0.19222719660146337,-1.580366617913189,-0.6299403474733165,-0.19609925382460658,-1.580366617913189,-0.34235757272338324 0.008251317
0 -0.17013479348493415,0.49783570962661744,-1.0215947949255968,-0.18651482649925416,0.49783570962661744,-1.4124246745426374,-0.7333900821559349,0.49783570962661744,-1.389504638973329,-0.7170100491416149,0.49783570962661744,-0.9986747593562885,-0.17013479348493415,-0.4240927984070206,-1.0215947949255968,-0.18651482649925416,-0.4240927984070206,-1.4124246745426374,-0.7333900821559349,-0.4240927984070206,-1.389504638973329,-0.7170100491416149,-0.4240927984070206,-0.9986747593562885 0.006743212
0 -0.47363507148852296,0.9314523347716952,0.7346286852974533,-0.4909900967225555,0.9314523347716952,0.47410465338751695,-1.0847454130924707,0.9314523347716952,0.5136581580024124,-1.067390387858438,0.9314523347716952,0.7741821899123488,-0.47363507148852296,0.20588678037112712,0.7346286852974533,-0.4909900967225555,0.20588678037112712,0.47410465338751695,-1.0847454130924707,0.20588678037112712,0.5136581580024124,-1.067390387858438,0.20588678037112712,0.7741821899123488 0.005022604
0 0.7900870147184992,1.6121865947794343,-1.6337936093749894,0.7593361326248045,1.6121865947794343,-2.060506029267347,0.33142539830640316,1.6121865947794343,-2.029668791061412,0.36217628040009786,1.6121865947794343,-1.6029563711690547,0.7900870147184992,0.6020026962209319,-1.6337936093749894,0.7593361326248045,0.6020026962209319,-2.060506029267347,0.33142539830640316,0.6020026962209319,-2.029668791061412,0.36217628040009786,0.6020026962209319,-1.6029563711690547 0.008252133
0 -0.27958013730824094,0.14684189288580657,1.0368195962179547,-0.2915208364003691,0.14684189288580657,0.6530939930445314,-0.6219873217982044,0.14684189288580657,0.663377385212099,-0.6100466227060762,0.14684189288580657,1.0471029883855223,-0.27958013730824094,-0.6265292259928013,1.0368195962179547,-0.2915208364003691,-0.6265292259928013,0.6530939930445314,-0.6219873217982044,-0.6265292259928013,0.663377385212099,-0.6100466227060762,-0.6265292259928013,1.0471029883855223 0.0057446077
0 -1.1077253236066953,0.2839873995695436,0.16506175068331566,-1.1077467849681504,0.2839873995695436,-0.1475588278879288,-1.497746525834833,0.2839873995695436,-0.14753205445719567,-1.497725064473378,0.2839873995695436,0.16508852411404878,-1.1077253236066953,-0.4733822014246309,0.16506175068331566,-1.1077467849681504,-0.4733822014246309,-0.1475588278879288,-1.497746525834833,-0.4733822014246309,-0.14753205445719567,-1.497725064473378,-0.4733822014246309,0.16508852411404878 0.0084408
0 0.43206833240492076,1.4155765165638352,0.04417857586030188,0.413360480245375,1.4155765165638352,-0.26965823303738107,-0.05010180112821788,1.4155765165638352,-0.24203118740204993,-0.03139394896867209,1.4155765165638352,0.07180562149563302,0.43206833240492076,0.4912146936107254,0.04417857586030188,0.413360480245375,0.4912146936107254,-0.26965823303738107,-0.05010180112821788,0.4912146936107254,-0.24203118740204993,-0.03139394896867209,0.4912146936107254,0.07180562149563302 0.0052273045
0 0.18196411416932368,0.7972934980940247,1.8314979043517883,0.1548949809277026,0.7972934980940247,1.4850250513484662,-0.37514792368813776,0.7972934980940247,1.5264360937561219,-0.3480787904465167,0.7972934980940247,1.872908946759444,0.18196411416932368,-0.16529323058837891,1.8314979043517883,0.1548949809277026,-0.16529323058837891,1.4850250513484662,-0.37514792368813776,-0.16529323058837891,1.5264360937561219,-0.3480787904465167,-0.16529323058837891,1.872908946759444 0.0077521717
0 -0.13002151571293302,-0.3519155095267868,-0.5689348366387881,-0.13272175464262997,-0.3519155095267868,-0.9782097506791303,-0.5394348470113712,-0.3519155095267868,-0.9755264136663877,-0.5367346080816742,-0.3519155095267868,-0.5662514996260455,-0.13002151571293302,-1.2725542475532914,-0.5689348366387881,-0.13272175464262997,-1.2725542475532914,-0.9782097506791303,-0.5394348470113712,-1.2725542475532914,-0.9755264136663877,-0.5367346080816742,-1.2725542475532914,-0.5662514996260455 0.0062837233
1 0.5143385384229278,1.2257516242394397,1.0879760752798775,0.47974984774961554,1.2257516242394397,0.7597280501051048,-0.10509012676750168,1.2257516242394397,0.821354769599273,-0.07050143609418952,1.2257516242394397,1.1496027947740455,0.5143385384229278,0.47360266672277956,1.0879760752798775,0.47974984774961554,0.47360266672277956,0.7597280501051048,-0.10509012676750168,0.47360266672277956,0.821354769599273,-0.07050143609418952,0.47360266672277956,1.1496027947740455 0.0069346903
1 0.5696347654446726,1.0101080973696137,-1.0353180715602697,0.5848834589494264,1.0101080973696137,-1.4913869623424632,0.17648169392498678,1.0101080973696137,-1.505041902347201,0.161233000420233,1.0101080973696137,-1.0489730115650076,0.5696347654446726,-0.00018738108390814467,-1.0353180715602697,0.5848834589494264,-0.00018738108390814467,-1.4913869623424632,0.17648169392498678,-0.00018738108390814467,-1.505041902347201,0.161233000420233,-0.00018738108390814467,-1.0489730115650076 0.007812672
1 1.6969852299931727,0.832059576089325,-0.9332061497009358,1.6961977847855576,0.832059576089325,-1.2962448982706323,1.2834026961085119,0.832059576089325,-1.2953495296203532,1.284190141316127,0.832059576089325,-0.9323107810506569,1.6969852299931727,0.02759228748565673,-0.9332061497009358,1.6961977847855576,0.02759228748565673,-1.2962448982706323,1.2834026961085119,0.02759228748565673,-1.2953495296203532,1.284190141316127,0.02759228748565673,-0.9323107810506569 0.005902509
1 0.1905263780627976,-0.7012298042822456,-0.3371519877508351,0.1943984352859408,-0.7012298042822456,-0.6247347625007684,-0.19222719660146337,-0.7012298042822456,-0.6299403474733165,-0.19609925382460658,-0.7012298042822456,-0.34235757272338324,0.1905263780627976,-1.580366617913189,-0.3371519877508351,0.1943984352859408,-1.580366617913189,-0.6247347625007684,-0.19222719660146337,-1.580366617913189,-0.6299403474733165,-0.19609925382460658,-1.580366617913189,-0.34235757272338324 0.006853766
1 -0.17013479348493415,0.49783570962661744,-1.0215947949255968,-0.18651482649925416,0.49783570962661744,-1.4124246745426374,-0.7333900821559349,0.49783570962661744,-1.389504638973329,-0.7170100491416149,0.49783570962661744,-0.9986747593562885,-0.17013479348493415,-0.4240927984070206,-1.0215947949255968,-0.18651482649925416,-0.4240927984070206,-1.4124246745426374,-0.7333900821559349,-0.4240927984070206,-1.389504638973329,-0.7170100491416149,-0.4240927984070206,-0.9986747593562885 0.008623344
1 -0.47363507148852296,0.9314523347716952,0.7346286852974533,-0.4909900967225555,0.9314523347716952,0.47410465338751695,-1.0847454130924707,0.9314523347716952,0.5136581580024124,-1.067390387858438,0.9314523347716952,0.7741821899123488,-0.47363507148852296,0.20588678037112712,0.7346286852974533,-0.4909900967225555,0.20588678037112712,0.47410465338751695,-1.0847454130924707,0.20588678037112712,0.5136581580024124,-1.067390387858438,0.20588678037112712,0.7741821899123488 0.009085508
1 0.7900870147184992,1.6121865947794343,-1.6337936093749894,0.7593361326248045,1.6121865947794343,-2.060506029267347,0.33142539830640316,1.6121865947794343,-2.029668791061412,0.36217628040009786,1.6121865947794343,-1.6029563711690547,0.7900870147184992,0.6020026962209319,-1.6337936093749894,0.7593361326248045,0.6020026962209319,-2.060506029267347,0.33142539830640316,0.6020026962209319,-2.029668791061412,0.36217628040009786,0.6020026962209319,-1.6029563711690547 0.010520008
1 -0.27958013730824094,0.14684189288580657,1.0368195962179547,-0.2915208364003691,0.14684189288580657,0.6530939930445314,-0.6219873217982044,0.14684189288580657,0.663377385212099,-0.6100466227060762,0.14684189288580657,1.0471029883855223,-0.27958013730824094,-0.6265292259928013,1.0368195962179547,-0.2915208364003691,-0.6265292259928013,0.6530939930445314,-0.6219873217982044,-0.6265292259928013,0.663377385212099,-0.6100466227060762,-0.6265292259928013,1.0471029883855223 0.0072407057
1 -1.1077253236066953,0.2839873995695436,0.16506175068331566,-1.1077467849681504,0.2839873995695436,-0.1475588278879288,-1.497746525834833,0.2839873995695436,-0.14753205445719567,-1.497725064473378,0.2839873995695436,0.16508852411404878,-1.1077253236066953,-0.4733822014246309,0.16506175068331566,-1.1077467849681504,-0.4733822014246309,-0.1475588278879288,-1.497746525834833,-0.4733822014246309,-0.14753205445719567,-1.497725064473378,-0.4733822014246309,0.16508852411404878 0.009553625
1 0.43206833240492076,1.4155765165638352,0.04417857586030188,0.413360480245375,1.4155765165638352,-0.26965823303738107,-0.05010180112821788,1.4155765165638352,-0.24203118740204993,-0.03139394896867209,1.4155765165638352,0.07180562149563302,0.43206833240492076,0.4912146936107254,0.04417857586030188,0.413360480245375,0.4912146936107254,-0.26965823303738107,-0.05010180112821788,0.4912146936107254,-0.24203118740204993,-0.03139394896867209,0.4912146936107254,0.07180562149563302 0.006185915
1 0.18196411416932368,0.7972934980940247,1.8314979043517883,0.1548949809277026,0.7972934980940247,1.4850250513484662,-0.37514792368813776,0.7972934980940247,1.5264360937561219,-0.3480787904465167,0.7972934980940247,1.872908946759444,0.18196411416932368,-0.16529323058837891,1.8314979043517883,0.1548949809277026,-0.16529323058837891,1.4850250513484662,-0.37514792368813776,-0.16529323058837891,1.5264360937561219,-0.3480787904465167,-0.16529323058837891,1.872908946759444 0.005803633
1 -0.13002151571293302,-0.3519155095267868,-0.5689348366387881,-0.13272175464262997,-0.3519155095267868,-0.9782097506791303,-0.5394348470113712,-0.3519155095267868,-0.9755264136663877,-0.5367346080816742,-0.3519155095267868,-0.5662514996260455,-0.13002151571293302,-1.2725542475532914,-0.5689348366387881,-0.13272175464262997,-1.2725542475532914,-0.9782097506791303,-0.5394348470113712,-1.2725542475532914,-0.9755264136663877,-0.5367346080816742,-1.2725542475532914,-0.5662514996260455 0.009106737
2 0.5143385384229278,1.2257516242394397,1.0879760752798775,0.47974984774961554,1.2257516242394397,0.7597280501051048,-0.10509012676750168,1.2257516242394397,0.821354769599273,-0.07050143609418952,1.2257516242394397,1.1496027947740455,0.5143385384229278,0.47360266672277956,1.0879760752798775,0.47974984774961554,0.47360266672277956,0.7597280501051048,-0.10509012676750168,0.47360266672277956,0.821354769599273,-0.07050143609418952,0.47360266672277956,1.1496027947740455 0.011008141
2 0.5696347654446726,1.0101080973696137,-1.0353180715602697,0.5848834589494264,1.0101080973696137,-1.4913869623424632,0.17648169392498678,1.0101080973696137,-1.505041902347201,0.161233000420233,1.0101080973696137,-1.0489730115650076,0.5696347654446726,-0.00018738108390814467,-1.0353180715602697,0.5848834589494264,-0.00018738108390814467,-1.4913869623424632,0.17648169392498678,-0.00018738108390814467,-1.505041902347201,0.161233000420233,-0.00018738108390814467,-1.0489730115650076 0.0053474586
2 1.6969852299931727,0.832059576089325,-0.9332061497009358,1.6961977847855576,0.832059576089325,-1.2962448982706323,1.2834026961085119,0.832059576089325,-1.2953495296203532,1.284190141316127,0.832059576089325,-0.9323107810506569,1.6969852299931727,0.02759228748565673,-0.9332061497009358,1.6961977847855576,0.02759228748565673,-1.2962448982706323,1.2834026961085119,0.02759228748565673,-1.2953495296203532,1.284190141316127,0.02759228748565673,-0.9323107810506569 0.008755677
2 0.1905263780627976,-0.7012298042822456,-0.3371519877508351,0.1943984352859408,-0.7012298042822456,-0.6247347625007684,-0.19222719660146337,-0.7012298042822456,-0.6299403474733165,-0.19609925382460658,-0.7012298042822456,-0.34235757272338324,0.1905263780627976,-1.580366617913189,-0.3371519877508351,0.1943984352859408,-1.580366617913189,-0.6247347625007684,-0.19222719660146337,-1.580366617913189,-0.6299403474733165,-0.19609925382460658,-1.580366617913189,-0.34235757272338324 0.008388513
2 -0.17013479348493415,0.49783570962661744,-1.0215947949255968,-0.18651482649925416,0.49783570962661744,-1.4124246745426374,-0.7333900821559349,0.49783570962661744,-1.389504638973329,-0.7170100491416149,0.49783570962661744,-0.9986747593562885,-0.17013479348493415,-0.4240927984070206,-1.0215947949255968,-0.18651482649925416,-0.4240927984070206,-1.4124246745426374,-0.7333900821559349,-0.4240927984070206,-1.389504638973329,-0.7170100491416149,-0.4240927984070206,-0.9986747593562885 0.007826942
2 -0.47363507148852296,0.9314523347716952,0.7346286852974533,-0.4909900967225555,0.9314523347716952,0.47410465338751695,-1.0847454130924707,0.9314523347716952,0.5136581580024124,-1.067390387858438,0.9314523347716952,0.7741821899123488,-0.47363507148852296,0.20588678037112712,0.7346286852974533,-0.4909900967225555,0.20588678037112712,0.47410465338751695,-1.0847454130924707,0.20588678037112712,0.5136581580024124,-1.067390387858438,0.20588678037112712,0.7741821899123488 0.01120941
2 0.7900870147184992,1.6121865947794343,-1.6337936093749894,0.7593361326248045,1.6121865947794343,-2.060506029267347,0.33142539830640316,1.6121865947794343,-2.029668791061412,0.36217628040009786,1.6121865947794343,-1.6029563711690547,0.7900870147184992,0.6020026962209319,-1.6337936093749894,0.7593361326248045,0.6020026962209319,-2.060506029267347,0.33142539830640316,0.6020026962209319,-2.029668791061412,0.36217628040009786,0.6020026962209319,-1.6029563711690547 0.008530371
2 -0.27958013730824094,0.14684189288580657,1.0368195962179547,-0.2915208364003691,0.14684189288580657,0.6530939930445314,-0.6219873217982044,0.14684189288580657,0.663377385212099,-0.6100466227060762,0.14684189288580657,1.0471029883855223,-0.27958013730824094,-0.6265292259928013,1.0368195962179547,-0.2915208364003691,-0.6265292259928013,0.6530939930445314,-0.6219873217982044,-0.6265292259928013,0.663377385212099,-0.6100466227060762,-0.6265292259928013,1.0471029883855223 0.009184977
2 -1.1077253236066953,0.2839873995695436,0.16506175068331566,-1.1077467849681504,0.2839873995695436,-0.1475588278879288,-1.497746525834833,0.2839873995695436,-0.14753205445719567,-1.497725064473378,0.2839873995695436,0.16508852411404878,-1.1077253236066953,-0.4733822014246309,0.16506175068331566,-1.1077467849681504,-0.4733822014246309,-0.1475588278879288,-1.497746525834833,-0.4733822014246309,-0.14753205445719567,-1.497725064473378,-0.4733822014246309,0.16508852411404878 0.012087375
2 0.43206833240492076,1.4155765165638352,0.04417857586030188,0.413360480245375,1.4155765165638352,-0.26965823303738107,-0.05010180112821788,1.4155765165638352,-0.24203118740204993,-0.03139394896867209,1.4155765165638352,0.07180562149563302,0.43206833240492076,0.4912146936107254,0.04417857586030188,0.413360480245375,0.4912146936107254,-0.26965823303738107,-0.05010180112821788,0.4912146936107254,-0.24203118740204993,-0.03139394896867209,0.4912146936107254,0.07180562149563302 0.008452663
2 0.18196411416932368,0.7972934980940247,1.8314979043517883,0.1548949809277026,0.7972934980940247,1.4850250513484662,-0.37514792368813776,0.7972934980940247,1.5264360937561219,-0.3480787904465167,0.7972934980940247,1.872908946759444,0.18196411416932368,-0.16529323058837891,1.8314979043517883,0.1548949809277026,-0.16529323058837891,1.4850250513484662,-0.37514792368813776,-0.16529323058837891,1.5264360937561219,-0.3480787904465167,-0.16529323058837891,1.872908946759444 0.013695435
2 -0.13002151571293302,-0.3519155095267868,-0.5689348366387881,-0.13272175464262997,-0.3519155095267868,-0.9782097506791303,-0.5394348470113712,-0.3519155095267868,-0.9755264136663877,-0.5367346080816742,-0.3519155095267868,-0.5662514996260455,-0.13002151571293302,-1.2725542475532914,-0.5689348366387881,-0.13272175464262997,-1.2725542475532914,-0.9782097506791303,-0.5394348470113712,-1.2725542475532914,-0.9755264136663877,-0.5367346080816742,-1.2725542475532914,-0.5662514996260455 0.0056353435
3 0.5143385384229278,1.2257516242394397,1.0879760752798775,0.47974984774961554,1.2257516242394397,0.7597280501051048,-0.10509012676750168,1.2257516242394397,0.821354769599273,-0.07050143609418952,1.2257516242394397,1.1496027947740455,0.5143385384229278,0.47360266672277956,1.0879760752798775,0.47974984774961554,0.47360266672277956,0.7597280501051048,-0.10509012676750168,0.47360266672277956,0.821354769599273,-0.07050143609418952,0.47360266672277956,1.1496027947740455 0.007990025
3 0.5696347654446726,1.0101080973696137,-1.0353180715602697,0.5848834589494264,1.0101080973696137,-1.4913869623424632,0.17648169392498678,1.0101080973696137,-1.505041902347201,0.161233000420233,1.0101080973696137,-1.0489730115650076,0.5696347654446726,-0.00018738108390814467,-1.0353180715602697,0.5848834589494264,-0.00018738108390814467,-1.4913869623424632,0.17648169392498678,-0.00018738108390814467,-1.505041902347201,0.161233000420233,-0.00018738108390814467,-1.0489730115650076 0.0037937765
3 1.6969852299931727,0.832059576089325,-0.9332061497009358,1.6961977847855576,0.832059576089325,-1.2962448982706323,1.2834026961085119,0.832059576089325,-1.2953495296203532,1.284190141316127,0.832059576089325,-0.9323107810506569,1.6969852299931727,0.02759228748565673,-0.9332061497009358,1.6961977847855576,0.02759228748565673,-1.2962448982706323,1.2834026961085119,0.02759228748565673,-1.2953495296203532,1.284190141316127,0.02759228748565673,-0.9323107810506569 0.0072784605
3 0.1905263780627976,-0.7012298042822456,-0.3371519877508351,0.1943984352859408,-0.7012298042822456,-0.6247347625007684,-0.19222719660146337,-0.7012298042822456,-0.6299403474733165,-0.19609925382460658,-0.7012298042822456,-0.34235757272338324,0.1905263780627976,-1.580366617913189,-0.3371519877508351,0.1943984352859408,-1.580366617913189,-0.6247347625007684,-0.19222719660146337,-1.580366617913189,-0.6299403474733165,-0.19609925382460658,-1.580366617913189,-0.34235757272338324 0.0077576754
3 -0.17013479348493415,0.49783570962661744,-1.0215947949255968,-0.18651482649925416,0.49783570962661744,-1.4124246745426374,-0.7333900821559349,0.49783570962661744,-1.389504638973329,-0.7170100491416149,0.49783570962661744,-0.9986747593562885,-0.17013479348493415,-0.4240927984070206,-1.0215947949255968,-0.18651482649925416,-0.4240927984070206,-1.4124246745426374,-0.7333900821559349,-0.4240927984070206,-1.389504638973329,-0.7170100491416149,-0.4240927984070206,-0.9986747593562885 0.008364672
3 -0.47363507148852296,0.9314523347716952,0.7346286852974533,-0.4909900967225555,0.9314523347716952,0.47410465338751695,-1.0847454130924707,0.9314523347716952,0.5136581580024124,-1.067390387858438,0.9314523347716952,0.7741821899123488,-0.47363507148852296,0.20588678037112712,0.7346286852974533,-0.4909900967225555,0.20588678037112712,0.47410465338751695,-1.0847454130924707,0.20588678037112712,0.5136581580024124,-1.067390387858438,0.20588678037112712,0.7741821899123488 0.009077934
3 0.7900870147184992,1.6121865947794343,-1.6337936093749894,0.7593361326248045,1.6121865947794343,-2.060506029267347,0.33142539830640316,1.6121865947794343,-2.029668791061412,0.36217628040009786,1.6121865947794343,-1.6029563711690547,0.7900870147184992,0.6020026962209319,-1.6337936093749894,0.7593361326248045,0.6020026962209319,-2.060506029267347,0.33142539830640316,0.6020026962209319,-2.029668791061412,0.36217628040009786,0.6020026962209319,-1.6029563711690547 0.008543124
3 -0.27958013730824094,0.14684189288580657,1.0368195962179547,-0.2915208364003691,0.14684189288580657,0.6530939930445314,-0.6219873217982044,0.14684189288580657,0.663377385212099,-0.6100466227060762,0.14684189288580657,1.0471029883855223,-0.27958013730824094,-0.6265292259928013,1.0368195962179547,-0.2915208364003691,-0.6265292259928013,0.6530939930445314,-0.6219873217982044,-0.6265292259928013,0.663377385212099,-0.6100466227060762,-0.6265292259928013,1.0471029883855223 0.0078630755
3 -1.1077253236066953,0.2839873995695436,0.16506175068331566,-1.1077467849681504,0.2839873995695436,-0.1475588278879288,-1.497746525834833,0.2839873995695436,-0.14753205445719567,-1.497725064473378,0.2839873995695436,0.16508852411404878,-1.1077253236066953,-0.4733822014246309,0.16506175068331566,-1.1077467849681504,-0.4733822014246309,-0.1475588278879288,-1.497746525834833,-0.4733822014246309,-0.14753205445719567,-1.497725064473378,-0.4733822014246309,0.16508852411404878 0.0117270285
3 0.43206833240492076,1.4155765165638352,0.04417857586030188,0.413360480245375,1.4155765165638352,-0.26965823303738107,-0.05010180112821788,1.4155765165638352,-0.24203118740204993,-0.03139394896867209,1.4155765165638352,0.07180562149563302,0.43206833240492076,0.4912146936107254,0.04417857586030188,0.413360480245375,0.4912146936107254,-0.26965823303738107,-0.05010180112821788,0.4912146936107254,-0.24203118740204993,-0.03139394896867209,0.4912146936107254,0.07180562149563302 0.004564322
3 0.18196411416932368,0.7972934980940247,1.8314979043517883,0.1548949809277026,0.7972934980940247,1.4850250513484662,-0.37514792368813776,0.7972934980940247,1.5264360937561219,-0.3480787904465167,0.7972934980940247,1.872908946759444,0.18196411416932368,-0.16529323058837891,1.8314979043517883,0.1548949809277026,-0.16529323058837891,1.4850250513484662,-0.37514792368813776,-0.16529323058837891,1.5264360937561219,-0.3480787904465167,-0.16529323058837891,1.872908946759444 0.009300043
3 -0.13002151571293302,-0.3519155095267868,-0.5689348366387881,-0.13272175464262997,-0.3519155095267868,-0.9782097506791303,-0.5394348470113712,-0.3519155095267868,-0.9755264136663877,-0.5367346080816742,-0.3519155095267868,-0.5662514996260455,-0.13002151571293302,-1.2725542475532914,-0.5689348366387881,-0.13272175464262997,-1.2725542475532914,-0.9782097506791303,-0.5394348470113712,-1.2725542475532914,-0.9755264136663877,-0.5367346080816742,-1.2725542475532914,-0.5662514996260455 0.0055015036
4 0.5143385384229278,1.2257516242394397,1.0879760752798775,0.47974984774961554,1.2257516242394397,0.7597280501051048,-0.10509012676750168,1.2257516242394397,0.821354769599273,-0.07050143609418952,1.2257516242394397,1.1496027947740455,0.5143385384229278,0.47360266672277956,1.0879760752798775,0.47974984774961554,0.47360266672277956,0.7597280501051048,-0.10509012676750168,0.47360266672277956,0.821354769599273,-0.07050143609418952,0.47360266672277956,1.1496027947740455 0.0034194603
4 0.5696347654446726,1.0101080973696137,-1.0353180715602697,0.5848834589494264,1.0101080973696137,-1.4913869623424632,0.17648169392498678,1.0101080973696137,-1.505041902347201,0.161233000420233,1.0101080973696137,-1.0489730115650076,0.5696347654446726,-0.00018738108390814467,-1.0353180715602697,0.5848834589494264,-0.00018738108390814467,-1.4913869623424632,0.17648169392498678,-0.00018738108390814467,-1.505041902347201,0.161233000420233,-0.00018738108390814467,-1.0489730115650076 0.0022490209
4 1.6969852299931727,0.832059576089325,-0.9332061497009358,1.6961977847855576,0.832059576089325,-1.2962448982706323,1.2834026961085119,0.832059576089325,-1.2953495296203532,1.284190141316127,0.832059576089325,-0.9323107810506569,1.6969852299931727,0.02759228748565673,-0.9332061497009358,1.6961977847855576,0.02759228748565673,-1.2962448982706323,1.2834026961085119,0.02759228748565673,-1.2953495296203532,1.284190141316127,0.02759228748565673,-0.9323107810506569 0.0038603859
4 0.1905263780627976,-0.7012298042822456,-0.3371519877508351,0.1943984352859408,-0.7012298042822456,-0.6247347625007684,-0.19222719660146337,-0.7012298042822456,-0.6299403474733165,-0.19609925382460658,-0.7012298042822456,-0.34235757272338324,0.1905263780627976,-1.580366617913189,-0.3371519877508351,0.1943984352859408,-1.580366617913189,-0.6247347625007684,-0.19222719660146337,-1.580366617913189,-0.6299403474733165,-0.19609925382460658,-1.580366617913189,-0.34235757272338324 0.0044963392
4 -0.17013479348493415,0.49783570962661744,-1.0215947949255968,-0.18651482649925416,0.49783570962661744,-1.4124246745426374,-0.7333900821559349,0.49783570962661744,-1.389504638973329,-0.7170100491416149,0.49783570962661744,-0.9986747593562885,-0.17013479348493415,-0.4240927984070206,-1.0215947949255968,-0.18651482649925416,-0.4240927984070206,-1.4124246745426374,-0.7333900821559349,-0.4240927984070206,-1.389504638973329,-0.7170100491416149,-0.4240927984070206,-0.9986747593562885 0.003753755
4 -0.47363507148852296,0.9314523347716952,0.7346286852974533,-0.4909900967225555,0.9314523347716952,0.47410465338751695,-1.0847454130924707,0.9314523347716952,0.5136581580024124,-1.067390387858438,0.9314523347716952,0.7741821899123488,-0.47363507148852296,0.20588678037112712,0.7346286852974533,-0.4909900967225555,0.20588678037112712,0.47410465338751695,-1.0847454130924707,0.20588678037112712,0.5136581580024124,-1.067390387858438,0.20588678037112712,0.7741821899123488 0.0051167696
4 0.7900870147184992,1.6121865947794343,-1.6337936093749894,0.7593361326248045,1.6121865947794343,-2.060506029267347,0.33142539830640316,1.6121865947794343,-2.029668791061412,0.36217628040009786,1.6121865947794343,-1.6029563711690547,0.7900870147184992,0.6020026962209319,-1.6337936093749894,0.7593361326248045,0.6020026962209319,-2.060506029267347,0.33142539830640316,0.6020026962209319,-2.029668791061412,0.36217628040009786,0.6020026962209319,-1.6029563711690547 0.0042415503
4 -0.27958013730824094,0.14684189288580657,1.0368195962179547,-0.2915208364003691,0.14684189288580657,0.6530939930445314,-0.6219873217982044,0.14684189288580657,0.663377385212099,-0.6100466227060762,0.14684189288580657,1.0471029883855223,-0.27958013730824094,-0.6265292259928013,1.0368195962179547,-0.2915208364003691,-0.6265292259928013,0.6530939930445314,-0.6219873217982044,-0.6265292259928013,0.663377385212099,-0.6100466227060762,-0.6265292259928013,1.0471029883855223 0.0027559055
4 -1.1077253236066953,0.2839873995695436,0.16506175068331566,-1.1077467849681504,0.2839873995695436,-0.1475588278879288,-1.497746525834833,0.2839873995695436,-0.14753205445719567,-1.497725064473378,0.2839873995695436,0.16508852411404878,-1.1077253236066953,-0.4733822014246309,0.16506175068331566,-1.1077467849681504,-0.4733822014246309,-0.1475588278879288,-1.497746525834833,-0.4733822014246309,-0.14753205445719567,-1.497725064473378,-0.4733822014246309,0.16508852411404878 0.005982919
4 0.43206833240492076,1.4155765165638352,0.04417857586030188,0.413360480245375,1.4155765165638352,-0.26965823303738107,-0.05010180112821788,1.4155765165638352,-0.24203118740204993,-0.03139394896867209,1.4155765165638352,0.07180562149563302,0.43206833240492076,0.4912146936107254,0.04417857586030188,0.413360480245375,0.4912146936107254,-0.26965823303738107,-0.05010180112821788,0.4912146936107254,-0.24203118740204993,-0.03139394896867209,0.4912146936107254,0.07180562149563302 0.0033555313
4 0.18196411416932368,0.7972934980940247,1.8314979043517883,0.1548949809277026,0.7972934980940247,1.4850250513484662,-0.37514792368813776,0.7972934980940247,1.5264360937561219,-0.3480787904465167,0.7972934980940247,1.872908946759444,0.18196411416932368,-0.16529323058837891,1.8314979043517883,0.1548949809277026,-0.16529323058837891,1.4850250513484662,-0.37514792368813776,-0.16529323058837891,1.5264360937561219,-0.3480787904465167,-0.16529323058837891,1.872908946759444 0.004181532
4 -0.13002151571293302,-0.3519155095267868,-0.5689348366387881,-0.13272175464262997,-0.3519155095267868,-0.9782097506791303,-0.5394348470113712,-0.3519155095267868,-0.9755264136663877,-0.5367346080816742,-0.3519155095267868,-0.5662514996260455,-0.13002151571293302,-1.2725542475532914,-0.5689348366387881,-0.13272175464262997,-1.2725542475532914,-0.9782097506791303,-0.5394348470113712,-1.2725542475532914,-0.9755264136663877,-0.5367346080816742,-1.2725542475532914,-0.5662514996260455 0.0031773197
5 0.5143385384229278,1.2257516242394397,1.0879760752798775,0.47974984774961554,1.2257516242394397,0.7597280501051048,-0.10509012676750168,1.2257516242394397,0.821354769599273,-0.07050143609418952,1.2257516242394397,1.1496027947740455,0.5143385384229278,0.47360266672277956,1.0879760752798775,0.47974984774961554,0.47360266672277956,0.7597280501051048,-0.10509012676750168,0.47360266672277956,0.821354769599273,-0.07050143609418952,0.47360266672277956,1.1496027947740455 0.0075221458
5 0.5696347654446726,1.0101080973696137,-1.0353180715602697,0.5848834589494264,1.0101080973696137,-1.4913869623424632,0.17648169392498678,1.0101080973696137,-1.505041902347201,0.161233000420233,1.0101080973696137,-1.0489730115650076,0.5696347654446726,-0.00018738108390814467,-1.0353180715602697,0.5848834589494264,-0.00018738108390814467,-1.4913869623424632,0.17648169392498678,-0.00018738108390814467,-1.505041902347201,0.161233000420233,-0.00018738108390814467,-1.0489730115650076 0.010448053
5 1.6969852299931727,0.832059576089325,-0.9332061497009358,1.6961977847855576,0.832059576089325,-1.2962448982706323,1.2834026961085119,0.832059576089325,-1.2953495296203532,1.284190141316127,0.832059576089325,-0.9323107810506569,1.6969852299931727,0.02759228748565673,-0.9332061497009358,1.6961977847855576,0.02759228748565673,-1.2962448982706323,1.2834026961085119,0.02759228748565673,-1.2953495296203532,1.284190141316127,0.02759228748565673,-0.9323107810506569 0.009307677
5 0.1905263780627976,-0.7012298042822456,-0.3371519877508351,0.1943984352859408,-0.7012298042822456,-0.6247347625007684,-0.19222719660146337,-0.7012298042822456,-0.6299403474733165,-0.19609925382460658,-0.7012298042822456,-0.34235757272338324,0.1905263780627976,-1.580366617913189,-0.3371519877508351,0.1943984352859408,-1.580366617913189,-0.6247347625007684,-0.19222719660146337,-1.580366617913189,-0.6299403474733165,-0.19609925382460658,-1.580366617913189,-0.34235757272338324 0.012800742
5 -0.17013479348493415,0.49783570962661744,-1.0215947949255968,-0.18651482649925416,0.49783570962661744,-1.4124246745426374,-0.7333900821559349,0.49783570962661744,-1.389504638973329,-0.7170100491416149,0.49783570962661744,-0.9986747593562885,-0.17013479348493415,-0.4240927984070206,-1.0215947949255968,-0.18651482649925416,-0.4240927984070206,-1.4124246745426374,-0.7333900821559349,-0.4240927984070206,-1.389504638973329,-0.7170100491416149,-0.4240927984070206,-0.9986747593562885 0.011845712
5 -0.47363507148852296,0.9314523347716952,0.7346286852974533,-0.4909900967225555,0.9314523347716952,0.47410465338751695,-1.0847454130924707,0.9314523347716952,0.5136581580024124,-1.067390387858438,0.9314523347716952,0.7741821899123488,-0.47363507148852296,0.20588678037112712,0.7346286852974533,-0.4909900967225555,0.20588678037112712,0.47410465338751695,-1.0847454130924707,0.20588678037112712,0.5136581580024124,-1.067390387858438,0.20588678037112712,0.7741821899123488 0.00937362
5 0.7900870147184992,1.6121865947794343,-1.6337936093749894,0.7593361326248045,1.6121865947794343,-2.060506029267347,0.33142539830640316,1.6121865947794343,-2.029668791061412,0.36217628040009786,1.6121865947794343,-1.6029563711690547,0.7900870147184992,0.6020026962209319,-1.6337936093749894,0.7593361326248045,0.6020026962209319,-2.060506029267347,0.33142539830640316,0.6020026962209319,-2.029668791061412,0.36217628040009786,0.6020026962209319,-1.6029563711690547 0.009803736
5 -0.27958013730824094,0.14684189288580657,1.0368195962179547,-0.2915208364003691,0.14684189288580657,0.6530939930445314,-0.6219873217982044,0.14684189288580657,0.663377385212099,-0.6100466227060762,0.14684189288580657,1.0471029883855223,-0.27958013730824094,-0.6265292259928013,1.0368195962179547,-0.2915208364003691,-0.6265292259928013,0.6530939930445314,-0.6219873217982044,-0.6265292259928013,0.663377385212099,-0.6100466227060762,-0.6265292259928013,1.0471029883855223 0.008718134
5 -1.1077253236066953,0.2839873995695436,0.16506175068331566,-1.1077467849681504,0.2839873995695436,-0.1475588278879288,-1.497746525834833,0.2839873995695436,-0.14753205445719567,-1.497725064473378,0.2839873995695436,0.16508852411404878,-1.1077253236066953,-0.4733822014246309,0.16506175068331566,-1.1077467849681504,-0.4733822014246309,-0.1475588278879288,-1.497746525834833,-0.4733822014246309,-0.14753205445719567,-1.497725064473378,-0.4733822014246309,0.16508852411404878 0.017425781
5 0.43206833240492076,1.4155765165638352,0.04417857586030188,0.413360480245375,1.4155765165638352,-0.26965823303738107,-0.05010180112821788,1.4155765165638352,-0.24203118740204993,-0.03139394896867209,1.4155765165638352,0.07180562149563302,0.43206833240492076,0.4912146936107254,0.04417857586030188,0.413360480245375,0.4912146936107254,-0.26965823303738107,-0.05010180112821788,0.4912146936107254,-0.24203118740204993,-0.03139394896867209,0.4912146936107254,0.07180562149563302 0.010361067
5 0.18196411416932368,0.7972934980940247,1.8314979043517883,0.1548949809277026,0.7972934980940247,1.4850250513484662,-0.37514792368813776,0.7972934980940247,1.5264360937561219,-0.3480787904465167,0.7972934980940247,1.872908946759444,0.18196411416932368,-0.16529323058837891,1.8314979043517883,0.1548949809277026,-0.16529323058837891,1.4850250513484662,-0.37514792368813776,-0.16529323058837891,1.5264360937561219,-0.3480787904465167,-0.16529323058837891,1.872908946759444 0.009910686
5 -0.13002151571293302,-0.3519155095267868,-0.5689348366387881,-0.13272175464262997,-0.3519155095267868,-0.9782097506791303,-0.5394348470113712,-0.3519155095267868,-0.9755264136663877,-0.5367346080816742,-0.3519155095267868,-0.5662514996260455,-0.13002151571293302,-1.2725542475532914,-0.5689348366387881,-0.13272175464262997,-1.2725542475532914,-0.9782097506791303,-0.5394348470113712,-1.2725542475532914,-0.9755264136663877,-0.5367346080816742,-1.2725542475532914,-0.5662514996260455 0.009598698
6 0.5143385384229278,1.2257516242394397,1.0879760752798775,0.47974984774961554,1.2257516242394397,0.7597280501051048,-0.10509012676750168,1.2257516242394397,0.821354769599273,-0.07050143609418952,1.2257516242394397,1.1496027947740455,0.5143385384229278,0.47360266672277956,1.0879760752798775,0.47974984774961554,0.47360266672277956,0.7597280501051048,-0.10509012676750168,0.47360266672277956,0.821354769599273,-0.07050143609418952,0.47360266672277956,1.1496027947740455 0.007217736
6 0.5696347654446726,1.0101080973696137,-1.0353180715602697,0.5848834589494264,1.0101080973696137,-1.4913869623424632,0.17648169392498678,1.0101080973696137,-1.505041902347201,0.161233000420233,1.0101080973696137,-1.0489730115650076,0.5696347654446726,-0.00018738108390814467,-1.0353180715602697,0.5848834589494264,-0.00018738108390814467,-1.4913869623424632,0.17648169392498678,-0.00018738108390814467,-1.505041902347201,0.161233000420233,-0.00018738108390814467,-1.0489730115650076 0.0032065518
6 1.6969852299931727,0.832059576089325,-0.9332061497009358,1.6961977847855576,0.832059576089325,-1.2962448982706323,1.2834026961085119,0.832059576089325,-1.2953495296203532,1.284190141316127,0.832059576089325,-0.9323107810506569,1.6969852299931727,0.02759228748565673,-0.9332061497009358,1.6961977847855576,0.02759228748565673,-1.2962448982706323,1.2834026961085119,0.02759228748565673,-1.2953495296203532,1.284190141316127,0.02759228748565673,-0.9323107810506569 0.006396854
6 0.1905263780627976,-0.7012298042822456,-0.3371519877508351,0.1943984352859408,-0.7012298042822456,-0.6247347625007684,-0.19222719660146337,-0.7012298042822456,-0.6299403474733165,-0.19609925382460658,-0.7012298042822456,-0.34235757272338324,0.1905263780627976,-1.580366617913189,-0.3371519877508351,0.1943984352859408,-1.580366617913189,-0.6247347625007684,-0.19222719660146337,-1.580366617913189,-0.6299403474733165,-0.19609925382460658,-1.580366617913189,-0.34235757272338324 0.0059193126
6 -0.17013479348493415,0.49783570962661744,-1.0215947949255968,-0.18651482649925416,0.49783570962661744,-1.4124246745426374,-0.7333900821559349,0.49783570962661744,-1.389504638973329,-0.7170100491416149,0.49783570962661744,-0.9986747593562885,-0.17013479348493415,-0.4240927984070206,-1.0215947949255968,-0.18651482649925416,-0.4240927984070206,-1.4124246745426374,-0.7333900821559349,-0.4240927984070206,-1.389504638973329,-0.7170100491416149,-0.4240927984070206,-0.9986747593562885 0.0050147134
6 -0.47363507148852296,0.9314523347716952,0.7346286852974533,-0.4909900967225555,0.9314523347716952,0.47410465338751695,-1.0847454130924707,0.9314523347716952,0.5136581580024124,-1.067390387858438,0.9314523347716952,0.7741821899123488,-0.47363507148852296,0.20588678037112712,0.7346286852974533,-0.4909900967225555,0.20588678037112712,0.47410465338751695,-1.0847454130924707,0.20588678037112712,0.5136581580024124,-1.067390387858438,0.20588678037112712,0.7741821899123488 0.006722438
6 0.7900870147184992,1.6121865947794343,-1.6337936093749894,0.7593361326248045,1.6121865947794343,-2.060506029267347,0.33142539830640316,1.6121865947794343,-2.029668791061412,0.36217628040009786,1.6121865947794343,-1.6029563711690547,0.7900870147184992,0.6020026962209319,-1.6337936093749894,0.7593361326248045,0.6020026962209319,-2.060506029267347,0.33142539830640316,0.6020026962209319,-2.029668791061412,0.36217628040009786,0.6020026962209319,-1.6029563711690547 0.0077941827
6 -0.27958013730824094,0.14684189288580657,1.0368195962179547,-0.2915208364003691,0.14684189288580657,0.6530939930445314,-0.6219873217982044,0.14684189288580657,0.663377385212099,-0.6100466227060762,0.14684189288580657,1.0471029883855223,-0.27958013730824094,-0.6265292259928013,1.0368195962179547,-0.2915208364003691,-0.6265292259928013,0.6530939930445314,-0.6219873217982044,-0.6265292259928013,0.663377385212099,-0.6100466227060762,-0.6265292259928013,1.0471029883855223 0.005874052
6 -1.1077253236066953,0.2839873995695436,0.16506175068331566,-1.1077467849681504,0.2839873995695436,-0.1475588278879288,-1.497746525834833,0.2839873995695436,-0.14753205445719567,-1.497725064473378,0.2839873995695436,0.16508852411404878,-1.1077253236066953,-0.4733822014246309,0.16506175068331566,-1.1077467849681504,-0.4733822014246309,-0.1475588278879288,-1.497746525834833,-0.4733822014246309,-0.14753205445719567,-1.497725064473378,-0.4733822014246309,0.16508852411404878 0.0073756003
6 0.43206833240492076,1.4155765165638352,0.04417857586030188,0.413360480245375,1.4155765165638352,-0.26965823303738107,-0.05010180112821788,1.4155765165638352,-0.24203118740204993,-0.03139394896867209,1.4155765165638352,0.07180562149563302,0.43206833240492076,0.4912146936107254,0.04417857586030188,0.413360480245375,0.4912146936107254,-0.26965823303738107,-0.05010180112821788,0.4912146936107254,-0.24203118740204993,-0.03139394896867209,0.4912146936107254,0.07180562149563302 0.0033538816
6 0.18196411416932368,0.7972934980940247,1.8314979043517883,0.1548949809277026,0.7972934980940247,1.4850250513484662,-0.37514792368813776,0.7972934980940247,1.5264360937561219,-0.3480787904465167,0.7972934980940247,1.872908946759444,0.18196411416932368,-0.16529323058837891,1.8314979043517883,0.1548949809277026,-0.16529323058837891,1.4850250513484662,-0.37514792368813776,-0.16529323058837891,1.5264360937561219,-0.3480787904465167,-0.16529323058837891,1.872908946759444 0.005480172
6 -0.13002151571293302,-0.3519155095267868,-0.5689348366387881,-0.13272175464262997,-0.3519155095267868,-0.9782097506791303,-0.5394348470113712,-0.3519155095267868,-0.9755264136663877,-0.5367346080816742,-0.3519155095267868,-0.5662514996260455,-0.13002151571293302,-1.2725542475532914,-0.5689348366387881,-0.13272175464262997,-1.2725542475532914,-0.9782097506791303,-0.5394348470113712,-1.2725542475532914,-0.9755264136663877,-0.5367346080816742,-1.2725542475532914,-0.5662514996260455 0.0044278153
7 0.5143385384229278,1.2257516242394397,1.0879760752798775,0.47974984774961554,1.2257516242394397,0.7597280501051048,-0.10509012676750168,1.2257516242394397,0.821354769599273,-0.07050143609418952,1.2257516242394397,1.1496027947740455,0.5143385384229278,0.47360266672277956,1.0879760752798775,0.47974984774961554,0.47360266672277956,0.7597280501051048,-0.10509012676750168,0.47360266672277956,0.821354769599273,-0.07050143609418952,0.47360266672277956,1.1496027947740455 0.0010104097
7 0.5696347654446726,1.0101080973696137,-1.0353180715602697,0.5848834589494264,1.0101080973696137,-1.4913869623424632,0.17648169392498678,1.0101080973696137,-1.505041902347201,0.161233000420233,1.0101080973696137,-1.0489730115650076,0.5696347654446726,-0.00018738108390814467,-1.0353180715602697,0.5848834589494264,-0.00018738108390814467,-1.4913869623424632,0.17648169392498678,-0.00018738108390814467,-1.505041902347201,0.161233000420233,-0.00018738108390814467,-1.0489730115650076 0.0010498668
7 1.6969852299931727,0.832059576089325,-0.9332061497009358,1.6961977847855576,0.832059576089325,-1.2962448982706323,1.2834026961085119,0.832059576089325,-1.2953495296203532,1.284190141316127,0.832059576089325,-0.9323107810506569,1.6969852299931727,0.02759228748565673,-0.9332061497009358,1.6961977847855576,0.02759228748565673,-1.2962448982706323,1.2834026961085119,0.02759228748565673,-1.2953495296203532,1.284190141316127,0.02759228748565673,-0.9323107810506569 0.0016227633
7 0.1905263780627976,-0.7012298042822456,-0.3371519877508351,0.1943984352859408,-0.7012298042822456,-0.6247347625007684,-0.19222719660146337,-0.7012298042822456,-0.6299403474733165,-0.19609925382460658,-0.7012298042822456,-0.34235757272338324,0.1905263780627976,-1.580366617913189,-0.3371519877508351,0.1943984352859408,-1.580366617913189,-0.6247347625007684,-0.19222719660146337,-1.580366617913189,-0.6299403474733165,-0.19609925382460658,-1.580366617913189,-0.34235757272338324 0.0021977753
7 -0.17013479348493415,0.49783570962661744,-1.0215947949255968,-0.18651482649925416,0.49783570962661744,-1.4124246745426374,-0.7333900821559349,0.49783570962661744,-1.389504638973329,-0.7170100491416149,0.49783570962661744,-0.9986747593562885,-0.17013479348493415,-0.4240927984070206,-1.0215947949255968,-0.18651482649925416,-0.4240927984070206,-1.4124246745426374,-0.7333900821559349,-0.4240927984070206,-1.389504638973329,-0.7170100491416149,-0.4240927984070206,-0.9986747593562885 0.0016545985
7 -0.47363507148852296,0.9314523347716952,0.7346286852974533,-0.4909900967225555,0.9314523347716952,0.47410465338751695,-1.0847454130924707,0.9314523347716952,0.5136581580024124,-1.067390387858438,0.9314523347716952,0.7741821899123488,-0.47363507148852296,0.20588678037112712,0.7346286852974533,-0.4909900967225555,0.20588678037112712,0.47410465338751695,-1.0847454130924707,0.20588678037112712,0.5136581580024124,-1.067390387858438,0.20588678037112712,0.7741821899123488 0.0016891182
7 0.7900870147184992,1.6121865947794343,-1.6337936093749894,0.7593361326248045,1.6121865947794343,-2.060506029267347,0.33142539830640316,1.6121865947794343,-2.029668791061412,0.36217628040009786,1.6121865947794343,-1.6029563711690547,0.7900870147184992,0.6020026962209319,-1.6337936093749894,0.7593361326248045,0.6020026962209319,-2.060506029267347,0.33142539830640316,0.6020026962209319,-2.029668791061412,0.36217628040009786,0.6020026962209319,-1.6029563711690547 0.0024198133
7 -0.27958013730824094,0.14684189288580657,1.0368195962179547,-0.2915208364003691,0.14684189288580657,0.6530939930445314,-0.6219873217982044,0.14684189288580657,0.663377385212099,-0.6100466227060762,0.14684189288580657,1.0471029883855223,-0.27958013730824094,-0.6265292259928013,1.0368195962179547,-0.2915208364003691,-0.6265292259928013,0.6530939930445314,-0.6219873217982044,-0.6265292259928013,0.663377385212099,-0.6100466227060762,-0.6265292259928013,1.0471029883855223 0.0012813079
7 -1.1077253236066953,0.2839873995695436,0.16506175068331566,-1.1077467849681504,0.2839873995695436,-0.1475588278879288,-1.497746525834833,0.2839873995695436,-0.14753205445719567,-1.497725064473378,0.2839873995695436,0.16508852411404878,-1.1077253236066953,-0.4733822014246309,0.16506175068331566,-1.1077467849681504,-0.4733822014246309,-0.1475588278879288,-1.497746525834833,-0.4733822014246309,-0.14753205445719567,-1.497725064473378,-0.4733822014246309,0.16508852411404878 0.0025518467
7 0.43206833240492076,1.4155765165638352,0.04417857586030188,0.413360480245375,1.4155765165638352,-0.26965823303738107,-0.05010180112821788,1.4155765165638352,-0.24203118740204993,-0.03139394896867209,1.4155765165638352,0.07180562149563302,0.43206833240492076,0.4912146936107254,0.04417857586030188,0.413360480245375,0.4912146936107254,-0.26965823303738107,-0.05010180112821788,0.4912146936107254,-0.24203118740204993,-0.03139394896867209,0.4912146936107254,0.07180562149563302 0.0014797699
7 0.18196411416932368,0.7972934980940247,1.8314979043517883,0.1548949809277026,0.7972934980940247,1.4850250513484662,-0.37514792368813776,0.7972934980940247,1.5264360937561219,-0.3480787904465167,0.7972934980940247,1.872908946759444,0.18196411416932368,-0.16529323058837891,1.8314979043517883,0.1548949809277026,-0.16529323058837891,1.4850250513484662,-0.37514792368813776,-0.16529323058837891,1.5264360937561219,-0.3480787904465167,-0.16529323058837891,1.872908946759444 0.0014727191
7 -0.13002151571293302,-0.3519155095267868,-0.5689348366387881,-0.13272175464262997,-0.3519155095267868,-0.9782097506791303,-0.5394348470113712,-0.3519155095267868,-0.9755264136663877,-0.5367346080816742,-0.3519155095267868,-0.5662514996260455,-0.13002151571293302,-1.2725542475532914,-0.5689348366387881,-0.13272175464262997,-1.2725542475532914,-0.9782097506791303,-0.5394348470113712,-1.2725542475532914,-0.9755264136663877,-0.5367346080816742,-1.2725542475532914,-0.5662514996260455 0.0015067119
8 0.5143385384229278,1.2257516242394397,1.0879760752798775,0.47974984774961554,1.2257516242394397,0.7597280501051048,-0.10509012676750168,1.2257516242394397,0.821354769599273,-0.07050143609418952,1.2257516242394397,1.1496027947740455,0.5143385384229278,0.47360266672277956,1.0879760752798775,0.47974984774961554,0.47360266672277956,0.7597280501051048,-0.10509012676750168,0.47360266672277956,0.821354769599273,-0.07050143609418952,0.47360266672277956,1.1496027947740455 0.0042056656
8 0.5696347654446726,1.0101080973696137,-1.0353180715602697,0.5848834589494264,1.0101080973696137,-1.4913869623424632,0.17648169392498678,1.0101080973696137,-1.505041902347201,0.161233000420233,1.0101080973696137,-1.0489730115650076,0.5696347654446726,-0.00018738108390814467,-1.0353180715602697,0.5848834589494264,-0.00018738108390814467,-1.4913869623424632,0.17648169392498678,-0.00018738108390814467,-1.505041902347201,0.161233000420233,-0.00018738108390814467,-1.0489730115650076 0.0031511027
8 1.6969852299931727,0.832059576089325,-0.9332061497009358,1.6961977847855576,0.832059576089325,-1.2962448982706323,1.2834026961085119,0.832059576089325,-1.2953495296203532,1.284190141316127,0.832059576089325,-0.9323107810506569,1.6969852299931727,0.02759228748565673,-0.9332061497009358,1.6961977847855576,0.02759228748565673,-1.2962448982706323,1.2834026961085119,0.02759228748565673,-1.2953495296203532,1.284190141316127,0.02759228748565673,-0.9323107810506569 0.004641145
8 0.1905263780627976,-0.7012298042822456,-0.3371519877508351,0.1943984352859408,-0.7012298042822456,-0.6247347625007684,-0.19222719660146337,-0.7012298042822456,-0.6299403474733165,-0.19609925382460658,-0.7012298042822456,-0.34235757272338324,0.1905263780627976,-1.580366617913189,-0.3371519877508351,0.1943984352859408,-1.580366617913189,-0.6247347625007684,-0.19222719660146337,-1.580366617913189,-0.6299403474733165,-0.19609925382460658,-1.580366617913189,-0.34235757272338324 0.004985615
8 -0.17013479348493415,0.49783570962661744,-1.0215947949255968,-0.18651482649925416,0.49783570962661744,-1.4124246745426374,-0.7333900821559349,0.49783570962661744,-1.389504638973329,-0.7170100491416149,0.49783570962661744,-0.9986747593562885,-0.17013479348493415,-0.4240927984070206,-1.0215947949255968,-0.18651482649925416,-0.4240927984070206,-1.4124246745426374,-0.7333900821559349,-0.4240927984070206,-1.389504638973329,-0.7170100491416149,-0.4240927984070206,-0.9986747593562885 0.0043929406
8 -0.47363507148852296,0.9314523347716952,0.7346286852974533,-0.4909900967225555,0.9314523347716952,0.47410465338751695,-1.0847454130924707,0.9314523347716952,0.5136581580024124,-1.067390387858438,0.9314523347716952,0.7741821899123488,-0.47363507148852296,0.20588678037112712,0.7346286852974533,-0.4909900967225555,0.20588678037112712,0.47410465338751695,-1.0847454130924707,0.20588678037112712,0.5136581580024124,-1.067390387858438,0.20588678037112712,0.7741821899123488 0.005942705
8 0.7900870147184992,1.6121865947794343,-1.6337936093749894,0.7593361326248045,1.6121865947794343,-2.060506029267347,0.33142539830640316,1.6121865947794343,-2.029668791061412,0.36217628040009786,1.6121865947794343,-1.6029563711690547,0.7900870147184992,0.6020026962209319,-1.6337936093749894,0.7593361326248045,0.6020026962209319,-2.060506029267347,0.33142539830640316,0.6020026962209319,-2.029668791061412,0.36217628040009786,0.6020026962209319,-1.6029563711690547 0.004654013
8 -0.27958013730824094,0.14684189288580657,1.0368195962179547,-0.2915208364003691,0.14684189288580657,0.6530939930445314,-0.6219873217982044,0.14684189288580657,0.663377385212099,-0.6100466227060762,0.14684189288580657,1.0471029883855223,-0.27958013730824094,-0.6265292259928013,1.0368195962179547,-0.2915208364003691,-0.6265292259928013,0.6530939930445314,-0.6219873217982044,-0.6265292259928013,0.663377385212099,-0.6100466227060762,-0.6265292259928013,1.0471029883855223 0.003168666
8 -1.1077253236066953,0.2839873995695436,0.16506175068331566,-1.1077467849681504,0.2839873995695436,-0.1475588278879288,-1.497746525834833,0.2839873995695436,-0.14753205445719567,-1.497725064473378,0.2839873995695436,0.16508852411404878,-1.1077253236066953,-0.4733822014246309,0.16506175068331566,-1.1077467849681504,-0.4733822014246309,-0.1475588278879288,-1.497746525834833,-0.4733822014246309,-0.14753205445719567,-1.497725064473378,-0.4733822014246309,0.16508852411404878 0.005364891
8 0.43206833240492076,1.4155765165638352,0.04417857586030188,0.413360480245375,1.4155765165638352,-0.26965823303738107,-0.05010180112821788,1.4155765165638352,-0.24203118740204993,-0.03139394896867209,1.4155765165638352,0.07180562149563302,0.43206833240492076,0.4912146936107254,0.04417857586030188,0.413360480245375,0.4912146936107254,-0.26965823303738107,-0.05010180112821788,0.4912146936107254,-0.24203118740204993,-0.03139394896867209,0.4912146936107254,0.07180562149563302 0.0042250035
8 0.18196411416932368,0.7972934980940247,1.8314979043517883,0.1548949809277026,0.7972934980940247,1.4850250513484662,-0.37514792368813776,0.7972934980940247,1.5264360937561219,-0.3480787904465167,0.7972934980940247,1.872908946759444,0.18196411416932368,-0.16529323058837891,1.8314979043517883,0.1548949809277026,-0.16529323058837891,1.4850250513484662,-0.37514792368813776,-0.16529323058837891,1.5264360937561219,-0.3480787904465167,-0.16529323058837891,1.872908946759444 0.0060345824
8 -0.13002151571293302,-0.3519155095267868,-0.5689348366387881,-0.13272175464262997,-0.3519155095267868,-0.9782097506791303,-0.5394348470113712,-0.3519155095267868,-0.9755264136663877,-0.5367346080816742,-0.3519155095267868,-0.5662514996260455,-0.13002151571293302,-1.2725542475532914,-0.5689348366387881,-0.13272175464262997,-1.2725542475532914,-0.9782097506791303,-0.5394348470113712,-1.2725542475532914,-0.9755264136663877,-0.5367346080816742,-1.2725542475532914,-0.5662514996260455 0.0033153296
9 0.5143385384229278,1.2257516242394397,1.0879760752798775,0.47974984774961554,1.2257516242394397,0.7597280501051048,-0.10509012676750168,1.2257516242394397,0.821354769599273,-0.07050143609418952,1.2257516242394397,1.1496027947740455,0.5143385384229278,0.47360266672277956,1.0879760752798775,0.47974984774961554,0.47360266672277956,0.7597280501051048,-0.10509012676750168,0.47360266672277956,0.821354769599273,-0.07050143609418952,0.47360266672277956,1.1496027947740455 0.006339224
9 0.5696347654446726,1.0101080973696137,-1.0353180715602697,0.5848834589494264,1.0101080973696137,-1.4913869623424632,0.17648169392498678,1.0101080973696137,-1.505041902347201,0.161233000420233,1.0101080973696137,-1.0489730115650076,0.5696347654446726,-0.00018738108390814467,-1.0353180715602697,0.5848834589494264,-0.00018738108390814467,-1.4913869623424632,0.17648169392498678,-0.00018738108390814467,-1.505041902347201,0.161233000420233,-0.00018738108390814467,-1.0489730115650076 0.0076689455
9 1.6969852299931727,0.832059576089325,-0.9332061497009358,1.6961977847855576,0.832059576089325,-1.2962448982706323,1.2834026961085119,0.832059576089325,-1.2953495296203532,1.284190141316127,0.832059576089325,-0.9323107810506569,1.6969852299931727,0.02759228748565673,-0.9332061497009358,1.6961977847855576,0.02759228748565673,-1.2962448982706323,1.2834026961085119,0.02759228748565673,-1.2953495296203532,1.284190141316127,0.02759228748565673,-0.9323107810506569 0.012718104
9 0.1905263780627976,-0.7012298042822456,-0.3371519877508351,0.1943984352859408,-0.7012298042822456,-0.6247347625007684,-0.19222719660146337,-0.7012298042822456,-0.6299403474733165,-0.19609925382460658,-0.7012298042822456,-0.34235757272338324,0.1905263780627976,-1.580366617913189,-0.3371519877508351,0.1943984352859408,-1.580366617913189,-0.6247347625007684,-0.19222719660146337,-1.580366617913189,-0.6299403474733165,-0.19609925382460658,-1.580366617913189,-0.34235757272338324 0.012452768
9 -0.17013479348493415,0.49783570962661744,-1.0215947949255968,-0.18651482649925416,0.49783570962661744,-1.4124246745426374,-0.7333900821559349,0.49783570962661744,-1.389504638973329,-0.7170100491416149,0.49783570962661744,-0.9986747593562885,-0.17013479348493415,-0.4240927984070206,-1.0215947949255968,-0.18651482649925416,-0.4240927984070206,-1.4124246745426374,-0.7333900821559349,-0.4240927984070206,-1.389504638973329,-0.7170100491416149,-0.4240927984070206,-0.9986747593562885 0.009143954
9 -0.47363507148852296,0.9314523347716952,0.7346286852974533,-0.4909900967225555,0.9314523347716952,0.47410465338751695,-1.0847454130924707,0.9314523347716952,0.5136581580024124,-1.067390387858438,0.9314523347716952,0.7741821899123488,-0.47363507148852296,0.20588678037112712,0.7346286852974533,-0.4909900967225555,0.20588678037112712,0.47410465338751695,-1.0847454130924707,0.20588678037112712,0.5136581580024124,-1.067390387858438,0.20588678037112712,0.7741821899123488 0.009177944
9 0.7900870147184992,1.6121865947794343,-1.6337936093749894,0.7593361326248045,1.6121865947794343,-2.060506029267347,0.33142539830640316,1.6121865947794343,-2.029668791061412,0.36217628040009786,1.6121865947794343,-1.6029563711690547,0.7900870147184992,0.6020026962209319,-1.6337936093749894,0.7593361326248045,0.6020026962209319,-2.060506029267347,0.33142539830640316,0.6020026962209319,-2.029668791061412,0.36217628040009786,0.6020026962209319,-1.6029563711690547 0.0076131253
9 -0.27958013730824094,0.14684189288580657,1.0368195962179547,-0.2915208364003691,0.14684189288580657,0.6530939930445314,-0.6219873217982044,0.14684189288580657,0.663377385212099,-0.6100466227060762,0.14684189288580657,1.0471029883855223,-0.27958013730824094,-0.6265292259928013,1.0368195962179547,-0.2915208364003691,-0.6265292259928013,0.6530939930445314,-0.6219873217982044,-0.6265292259928013,0.663377385212099,-0.6100466227060762,-0.6265292259928013,1.0471029883855223 0.007053712
9 -1.1077253236066953,0.2839873995695436,0.16506175068331566,-1.1077467849681504,0.2839873995695436,-0.1475588278879288,-1.497746525834833,0.2839873995695436,-0.14753205445719567,-1.497725064473378,0.2839873995695436,0.16508852411404878,-1.1077253236066953,-0.4733822014246309,0.16506175068331566,-1.1077467849681504,-0.4733822014246309,-0.1475588278879288,-1.497746525834833,-0.4733822014246309,-0.14753205445719567,-1.497725064473378,-0.4733822014246309,0.16508852411404878 0.011742061
9 0.43206833240492076,1.4155765165638352,0.04417857586030188,0.413360480245375,1.4155765165638352,-0.26965823303738107,-0.05010180112821788,1.4155765165638352,-0.24203118740204993,-0.03139394896867209,1.4155765165638352,0.07180562149563302,0.43206833240492076,0.4912146936107254,0.04417857586030188,0.413360480245375,0.4912146936107254,-0.26965823303738107,-0.05010180112821788,0.4912146936107254,-0.24203118740204993,-0.03139394896867209,0.4912146936107254,0.07180562149563302 0.0075675542
9 0.18196411416932368,0.7972934980940247,1.8314979043517883,0.1548949809277026,0.7972934980940247,1.4850250513484662,-0.37514792368813776,0.7972934980940247,1.5264360937561219,-0.3480787904465167,0.7972934980940247,1.872908946759444,0.18196411416932368,-0.16529323058837891,1.8314979043517883,0.1548949809277026,-0.16529323058837891,1.4850250513484662,-0.37514792368813776,-0.16529323058837891,1.5264360937561219,-0.3480787904465167,-0.16529323058837891,1.872908946759444 0.009319499
9 -0.13002151571293302,-0.3519155095267868,-0.5689348366387881,-0.13272175464262997,-0.3519155095267868,-0.9782097506791303,-0.5394348470113712,-0.3519155095267868,-0.9755264136663877,-0.5367346080816742,-0.3519155095267868,-0.5662514996260455,-0.13002151571293302,-1.2725542475532914,-0.5689348366387881,-0.13272175464262997,-1.2725542475532914,-0.9782097506791303,-0.5394348470113712,-1.2725542475532914,-0.9755264136663877,-0.5367346080816742,-1.2725542475532914,-0.5662514996260455 0.008782789
