0 -0.7433473013688322,0.3488886979472065,0.9939129366855795,-0.731169210079723,0.3488886979472065,0.6694270161549702,-1.1851754046629672,0.3488886979472065,0.6523879752178019,-1.1973534959520764,0.3488886979472065,0.9768738957484111,-0.7433473013688322,-0.28929841789120675,0.9939129366855795,-0.731169210079723,-0.28929841789120675,0.6694270161549702,-1.1851754046629672,-0.28929841789120675,0.6523879752178019,-1.1973534959520764,-0.28929841789120675,0.9768738957484111 0.0069151367
0 -0.7342487270135093,1.5268155996751214,0.9739826000624029,-0.7340037984391543,1.5268155996751214,0.6722230885360061,-1.2256067102652382,1.5268155996751214,0.6718240701265009,-1.2258516388395932,1.5268155996751214,0.9735835816528977,-0.7342487270135093,0.9883781011152839,0.9739826000624029,-0.7340037984391543,0.9883781011152839,0.6722230885360061,-1.2256067102652382,0.9883781011152839,0.6718240701265009,-1.2258516388395932,0.9883781011152839,0.9735835816528977 0.004351815
0 1.6015557186132754,0.3102194060634995,-0.7140902463454806,1.608609892457438,0.3102194060634995,-0.9390827367176319,1.1358822448724424,0.3102194060634995,-0.9539041336517728,1.1288280710282799,0.3102194060634995,-0.7289116432796215,1.6015557186132754,-0.7852156748127366,-0.7140902463454806,1.608609892457438,-0.7852156748127366,-0.9390827367176319,1.1358822448724424,-0.7852156748127366,-0.9539041336517728,1.1288280710282799,-0.7852156748127366,-0.7289116432796215 0.0067325854
0 3.4969595224746923,-0.44512161714321136,0.3802740976008576,3.513754050462609,-0.44512161714321136,0.09932719555416261,3.0518218724838038,-0.44512161714321136,0.07171367557915032,3.0350273444958873,-0.44512161714321136,0.35266057762584535,3.4969595224746923,-1.4216269542526627,0.3802740976008576,3.513754050462609,-1.4216269542526627,0.09932719555416261,3.0518218724838038,-1.4216269542526627,0.07171367557915032,3.0350273444958873,-1.4216269542526627,0.35266057762584535 0.00937953
0 0.9947798967113994,0.44311181354040147,-0.13243387969569367,1.0123961442519802,0.44311181354040147,-0.4382972649797082,0.4881515980014302,0.44311181354040147,-0.4684912082330783,0.4705353504608493,0.44311181354040147,-0.16262782294906378,0.9947798967113994,-0.06098566102499009,-0.13243387969569367,1.0123961442519802,-0.06098566102499009,-0.4382972649797082,0.4881515980014302,-0.06098566102499009,-0.4684912082330783,0.4705353504608493,-0.06098566102499009,-0.16262782294906378 0.004293567
0 0.0769278427232655,0.15112545611971856,0.5731108543787654,0.10530459358463712,0.15112545611971856,0.08955580082235995,-0.12071865998400769,0.15112545611971856,0.07629194284337204,-0.1490954108453793,0.15112545611971856,0.5598469963997775,0.0769278427232655,-0.47944548251742364,0.5731108543787654,0.10530459358463712,-0.47944548251742364,0.08955580082235995,-0.12071865998400769,-0.47944548251742364,0.07629194284337204,-0.1490954108453793,-0.47944548251742364,0.5598469963997775 0.004848765
0 -1.456227684863006,0.5882432955022812,1.4517927370766284,-1.4878471761763126,0.5882432955022812,1.0449167877436352,-1.8985503665133368,0.5882432955022812,1.076833704878938,-1.8669308752000302,0.5882432955022812,1.4837096542119312,-1.456227684863006,-0.4375583427663803,1.4517927370766284,-1.4878471761763126,-0.4375583427663803,1.0449167877436352,-1.8985503665133368,-0.4375583427663803,1.076833704878938,-1.8669308752000302,-0.4375583427663803,1.4837096542119312 0.004916325
0 4.395678325656302,-1.7914047568041658,0.18740719274951625,4.376951933100505,-1.7914047568041658,-0.11530273382157735,3.879300312039011,-1.7914047568041658,-0.08451676086856533,3.898026704594807,-1.7914047568041658,0.21819316570252828,4.395678325656302,-2.5037460000317715,0.18740719274951625,4.376951933100505,-2.5037460000317715,-0.11530273382157735,3.879300312039011,-2.5037460000317715,-0.08451676086856533,3.898026704594807,-2.5037460000317715,0.21819316570252828 0.0075116805
0 -1.286081497842111,1.1715360497187997,0.6229832186164939,-1.2686093012244903,1.1715360497187997,0.2838104116958645,-1.728717143362723,1.1715360497187997,0.2601083503303445,-1.7461893399803436,1.1715360497187997,0.5992811572509739,-1.286081497842111,0.5654857541370963,0.6229832186164939,-1.2686093012244903,0.5654857541370963,0.2838104116958645,-1.728717143362723,0.5654857541370963,0.2601083503303445,-1.7461893399803436,0.5654857541370963,0.5992811572509739 0.011390363
0 -0.6321798374441923,0.24550743299240113,0.3038071256082806,-0.6273805643767547,0.24550743299240113,-0.06414725864980556,-1.014518637439841,0.24550743299240113,-0.06919674686606261,-1.0193179105072785,0.24550743299240113,0.29875763739202355,-0.6321798374441923,-0.16445900398010255,0.3038071256082806,-0.6273805643767547,-0.16445900398010255,-0.06414725864980556,-1.014518637439841,-0.16445900398010255,-0.06919674686606261,-1.0193179105072785,-0.16445900398010255,0.29875763739202355 0.0052081384
0 0.24753988260056925,0.8513316352915192,0.48331685287883025,0.2558074313744052,0.8513316352915192,0.25721804274930415,-0.009470422804617407,0.8513316352915192,0.24751786964009065,-0.01773797157845336,0.8513316352915192,0.47361667976961674,0.24753988260056925,0.5139232437062835,0.48331685287883025,0.2558074313744052,0.5139232437062835,0.25721804274930415,-0.009470422804617407,0.5139232437062835,0.24751786964009065,-0.01773797157845336,0.5139232437062835,0.47361667976961674 0.0035041163
0 0.45626251136750623,1.3245126557599927,-0.07517472259788927,0.45944651623109517,1.3245126557599927,-0.4927513365571734,-0.08034251367539808,1.3245126557599927,-0.4968672061702687,-0.08352651853898702,1.3245126557599927,-0.07929059221098458,0.45626251136750623,0.6735910820711231,-0.07517472259788927,0.45944651623109517,0.6735910820711231,-0.4927513365571734,-0.08034251367539808,0.6735910820711231,-0.4968672061702687,-0.08352651853898702,0.6735910820711231,-0.07929059221098458 0.008108047
1 -0.7433473013688322,0.3488886979472065,0.9939129366855795,-0.731169210079723,0.3488886979472065,0.6694270161549702,-1.1851754046629672,0.3488886979472065,0.6523879752178019,-1.1973534959520764,0.3488886979472065,0.9768738957484111,-0.7433473013688322,-0.28929841789120675,0.9939129366855795,-0.731169210079723,-0.28929841789120675,0.6694270161549702,-1.1851754046629672,-0.28929841789120675,0.6523879752178019,-1.1973534959520764,-0.28929841789120675,0.9768738957484111 0.007813504
1 -0.7342487270135093,1.5268155996751214,0.9739826000624029,-0.7340037984391543,1.5268155996751214,0.6722230885360061,-1.2256067102652382,1.5268155996751214,0.6718240701265009,-1.2258516388395932,1.5268155996751214,0.9735835816528977,-0.7342487270135093,0.9883781011152839,0.9739826000624029,-0.7340037984391543,0.9883781011152839,0.6722230885360061,-1.2256067102652382,0.9883781011152839,0.6718240701265009,-1.2258516388395932,0.9883781011152839,0.9735835816528977 0.0088786185
1 1.6015557186132754,0.3102194060634995,-0.7140902463454806,1.608609892457438,0.3102194060634995,-0.9390827367176319,1.1358822448724424,0.3102194060634995,-0.9539041336517728,1.1288280710282799,0.3102194060634995,-0.7289116432796215,1.6015557186132754,-0.7852156748127366,-0.7140902463454806,1.608609892457438,-0.7852156748127366,-0.9390827367176319,1.1358822448724424,-0.7852156748127366,-0.9539041336517728,1.1288280710282799,-0.7852156748127366,-0.7289116432796215 0.0108116
1 3.4969595224746923,-0.44512161714321136,0.3802740976008576,3.513754050462609,-0.44512161714321136,0.09932719555416261,3.0518218724838038,-0.44512161714321136,0.07171367557915032,3.0350273444958873,-0.44512161714321136,0.35266057762584535,3.4969595224746923,-1.4216269542526627,0.3802740976008576,3.513754050462609,-1.4216269542526627,0.09932719555416261,3.0518218724838038,-1.4216269542526627,0.07171367557915032,3.0350273444958873,-1.4216269542526627,0.35266057762584535 0.008730255
1 0.9947798967113994,0.44311181354040147,-0.13243387969569367,1.0123961442519802,0.44311181354040147,-0.4382972649797082,0.4881515980014302,0.44311181354040147,-0.4684912082330783,0.4705353504608493,0.44311181354040147,-0.16262782294906378,0.9947798967113994,-0.06098566102499009,-0.13243387969569367,1.0123961442519802,-0.06098566102499009,-0.4382972649797082,0.4881515980014302,-0.06098566102499009,-0.4684912082330783,0.4705353504608493,-0.06098566102499009,-0.16262782294906378 0.008487003
1 0.0769278427232655,0.15112545611971856,0.5731108543787654,0.10530459358463712,0.15112545611971856,0.08955580082235995,-0.12071865998400769,0.15112545611971856,0.07629194284337204,-0.1490954108453793,0.15112545611971856,0.5598469963997775,0.0769278427232655,-0.47944548251742364,0.5731108543787654,0.10530459358463712,-0.47944548251742364,0.08955580082235995,-0.12071865998400769,-0.47944548251742364,0.07629194284337204,-0.1490954108453793,-0.47944548251742364,0.5598469963997775 0.008963751
1 -1.456227684863006,0.5882432955022812,1.4517927370766284,-1.4878471761763126,0.5882432955022812,1.0449167877436352,-1.8985503665133368,0.5882432955022812,1.076833704878938,-1.8669308752000302,0.5882432955022812,1.4837096542119312,-1.456227684863006,-0.4375583427663803,1.4517927370766284,-1.4878471761763126,-0.4375583427663803,1.0449167877436352,-1.8985503665133368,-0.4375583427663803,1.076833704878938,-1.8669308752000302,-0.4375583427663803,1.4837096542119312 0.009471197
1 4.395678325656302,-1.7914047568041658,0.18740719274951625,4.376951933100505,-1.7914047568041658,-0.11530273382157735,3.879300312039011,-1.7914047568041658,-0.08451676086856533,3.898026704594807,-1.7914047568041658,0.21819316570252828,4.395678325656302,-2.5037460000317715,0.18740719274951625,4.376951933100505,-2.5037460000317715,-0.11530273382157735,3.879300312039011,-2.5037460000317715,-0.08451676086856533,3.898026704594807,-2.5037460000317715,0.21819316570252828 0.012137634
1 -1.286081497842111,1.1715360497187997,0.6229832186164939,-1.2686093012244903,1.1715360497187997,0.2838104116958645,-1.728717143362723,1.1715360497187997,0.2601083503303445,-1.7461893399803436,1.1715360497187997,0.5992811572509739,-1.286081497842111,0.5654857541370963,0.6229832186164939,-1.2686093012244903,0.5654857541370963,0.2838104116958645,-1.728717143362723,0.5654857541370963,0.2601083503303445,-1.7461893399803436,0.5654857541370963,0.5992811572509739 0.01766506
1 -0.6321798374441923,0.24550743299240113,0.3038071256082806,-0.6273805643767547,0.24550743299240113,-0.06414725864980556,-1.014518637439841,0.24550743299240113,-0.06919674686606261,-1.0193179105072785,0.24550743299240113,0.29875763739202355,-0.6321798374441923,-0.16445900398010255,0.3038071256082806,-0.6273805643767547,-0.16445900398010255,-0.06414725864980556,-1.014518637439841,-0.16445900398010255,-0.06919674686606261,-1.0193179105072785,-0.16445900398010255,0.29875763739202355 0.010467396
1 0.24753988260056925,0.8513316352915192,0.48331685287883025,0.2558074313744052,0.8513316352915192,0.25721804274930415,-0.009470422804617407,0.8513316352915192,0.24751786964009065,-0.01773797157845336,0.8513316352915192,0.47361667976961674,0.24753988260056925,0.5139232437062835,0.48331685287883025,0.2558074313744052,0.5139232437062835,0.25721804274930415,-0.009470422804617407,0.5139232437062835,0.24751786964009065,-0.01773797157845336,0.5139232437062835,0.47361667976961674 0.0072420607
1 0.45626251136750623,1.3245126557599927,-0.07517472259788927,0.45944651623109517,1.3245126557599927,-0.4927513365571734,-0.08034251367539808,1.3245126557599927,-0.4968672061702687,-0.08352651853898702,1.3245126557599927,-0.07929059221098458,0.45626251136750623,0.6735910820711231,-0.07517472259788927,0.45944651623109517,0.6735910820711231,-0.4927513365571734,-0.08034251367539808,0.6735910820711231,-0.4968672061702687,-0.08352651853898702,0.6735910820711231,-0.07929059221098458 0.017131833
2 -0.7433473013688322,0.3488886979472065,0.9939129366855795,-0.731169210079723,0.3488886979472065,0.6694270161549702,-1.1851754046629672,0.3488886979472065,0.6523879752178019,-1.1973534959520764,0.3488886979472065,0.9768738957484111,-0.7433473013688322,-0.28929841789120675,0.9939129366855795,-0.731169210079723,-0.28929841789120675,0.6694270161549702,-1.1851754046629672,-0.28929841789120675,0.6523879752178019,-1.1973534959520764,-0.28929841789120675,0.9768738957484111 0.0089369835
2 -0.7342487270135093,1.5268155996751214,0.9739826000624029,-0.7340037984391543,1.5268155996751214,0.6722230885360061,-1.2256067102652382,1.5268155996751214,0.6718240701265009,-1.2258516388395932,1.5268155996751214,0.9735835816528977,-0.7342487270135093,0.9883781011152839,0.9739826000624029,-0.7340037984391543,0.9883781011152839,0.6722230885360061,-1.2256067102652382,0.9883781011152839,0.6718240701265009,-1.2258516388395932,0.9883781011152839,0.9735835816528977 0.009287975
2 1.6015557186132754,0.3102194060634995,-0.7140902463454806,1.608609892457438,0.3102194060634995,-0.9390827367176319,1.1358822448724424,0.3102194060634995,-0.9539041336517728,1.1288280710282799,0.3102194060634995,-0.7289116432796215,1.6015557186132754,-0.7852156748127366,-0.7140902463454806,1.608609892457438,-0.7852156748127366,-0.9390827367176319,1.1358822448724424,-0.7852156748127366,-0.9539041336517728,1.1288280710282799,-0.7852156748127366,-0.7289116432796215 0.008365617
2 3.4969595224746923,-0.44512161714321136,0.3802740976008576,3.513754050462609,-0.44512161714321136,0.09932719555416261,3.0518218724838038,-0.44512161714321136,0.07171367557915032,3.0350273444958873,-0.44512161714321136,0.35266057762584535,3.4969595224746923,-1.4216269542526627,0.3802740976008576,3.513754050462609,-1.4216269542526627,0.09932719555416261,3.0518218724838038,-1.4216269542526627,0.07171367557915032,3.0350273444958873,-1.4216269542526627,0.35266057762584535 0.0071508344
2 0.9947798967113994,0.44311181354040147,-0.13243387969569367,1.0123961442519802,0.44311181354040147,-0.4382972649797082,0.4881515980014302,0.44311181354040147,-0.4684912082330783,0.4705353504608493,0.44311181354040147,-0.16262782294906378,0.9947798967113994,-0.06098566102499009,-0.13243387969569367,1.0123961442519802,-0.06098566102499009,-0.4382972649797082,0.4881515980014302,-0.06098566102499009,-0.4684912082330783,0.4705353504608493,-0.06098566102499009,-0.16262782294906378 0.006814096
2 0.0769278427232655,0.15112545611971856,0.5731108543787654,0.10530459358463712,0.15112545611971856,0.08955580082235995,-0.12071865998400769,0.15112545611971856,0.07629194284337204,-0.1490954108453793,0.15112545611971856,0.5598469963997775,0.0769278427232655,-0.47944548251742364,0.5731108543787654,0.10530459358463712,-0.47944548251742364,0.08955580082235995,-0.12071865998400769,-0.47944548251742364,0.07629194284337204,-0.1490954108453793,-0.47944548251742364,0.5598469963997775 0.0075283027
2 -1.456227684863006,0.5882432955022812,1.4517927370766284,-1.4878471761763126,0.5882432955022812,1.0449167877436352,-1.8985503665133368,0.5882432955022812,1.076833704878938,-1.8669308752000302,0.5882432955022812,1.4837096542119312,-1.456227684863006,-0.4375583427663803,1.4517927370766284,-1.4878471761763126,-0.4375583427663803,1.0449167877436352,-1.8985503665133368,-0.4375583427663803,1.076833704878938,-1.8669308752000302,-0.4375583427663803,1.4837096542119312 0.009241676
2 4.395678325656302,-1.7914047568041658,0.18740719274951625,4.376951933100505,-1.7914047568041658,-0.11530273382157735,3.879300312039011,-1.7914047568041658,-0.08451676086856533,3.898026704594807,-1.7914047568041658,0.21819316570252828,4.395678325656302,-2.5037460000317715,0.18740719274951625,4.376951933100505,-2.5037460000317715,-0.11530273382157735,3.879300312039011,-2.5037460000317715,-0.08451676086856533,3.898026704594807,-2.5037460000317715,0.21819316570252828 0.0100837555
2 -1.286081497842111,1.1715360497187997,0.6229832186164939,-1.2686093012244903,1.1715360497187997,0.2838104116958645,-1.728717143362723,1.1715360497187997,0.2601083503303445,-1.7461893399803436,1.1715360497187997,0.5992811572509739,-1.286081497842111,0.5654857541370963,0.6229832186164939,-1.2686093012244903,0.5654857541370963,0.2838104116958645,-1.728717143362723,0.5654857541370963,0.2601083503303445,-1.7461893399803436,0.5654857541370963,0.5992811572509739 0.019650072
2 -0.6321798374441923,0.24550743299240113,0.3038071256082806,-0.6273805643767547,0.24550743299240113,-0.06414725864980556,-1.014518637439841,0.24550743299240113,-0.06919674686606261,-1.0193179105072785,0.24550743299240113,0.29875763739202355,-0.6321798374441923,-0.16445900398010255,0.3038071256082806,-0.6273805643767547,-0.16445900398010255,-0.06414725864980556,-1.014518637439841,-0.16445900398010255,-0.06919674686606261,-1.0193179105072785,-0.16445900398010255,0.29875763739202355 0.011275744
2 0.24753988260056925,0.8513316352915192,0.48331685287883025,0.2558074313744052,0.8513316352915192,0.25721804274930415,-0.009470422804617407,0.8513316352915192,0.24751786964009065,-0.01773797157845336,0.8513316352915192,0.47361667976961674,0.24753988260056925,0.5139232437062835,0.48331685287883025,0.2558074313744052,0.5139232437062835,0.25721804274930415,-0.009470422804617407,0.5139232437062835,0.24751786964009065,-0.01773797157845336,0.5139232437062835,0.47361667976961674 0.009362192
2 0.45626251136750623,1.3245126557599927,-0.07517472259788927,0.45944651623109517,1.3245126557599927,-0.4927513365571734,-0.08034251367539808,1.3245126557599927,-0.4968672061702687,-0.08352651853898702,1.3245126557599927,-0.07929059221098458,0.45626251136750623,0.6735910820711231,-0.07517472259788927,0.45944651623109517,0.6735910820711231,-0.4927513365571734,-0.08034251367539808,0.6735910820711231,-0.4968672061702687,-0.08352651853898702,0.6735910820711231,-0.07929059221098458 0.011884444
3 -0.7433473013688322,0.3488886979472065,0.9939129366855795,-0.731169210079723,0.3488886979472065,0.6694270161549702,-1.1851754046629672,0.3488886979472065,0.6523879752178019,-1.1973534959520764,0.3488886979472065,0.9768738957484111,-0.7433473013688322,-0.28929841789120675,0.9939129366855795,-0.731169210079723,-0.28929841789120675,0.6694270161549702,-1.1851754046629672,-0.28929841789120675,0.6523879752178019,-1.1973534959520764,-0.28929841789120675,0.9768738957484111 0.004649602
3 -0.7342487270135093,1.5268155996751214,0.9739826000624029,-0.7340037984391543,1.5268155996751214,0.6722230885360061,-1.2256067102652382,1.5268155996751214,0.6718240701265009,-1.2258516388395932,1.5268155996751214,0.9735835816528977,-0.7342487270135093,0.9883781011152839,0.9739826000624029,-0.7340037984391543,0.9883781011152839,0.6722230885360061,-1.2256067102652382,0.9883781011152839,0.6718240701265009,-1.2258516388395932,0.9883781011152839,0.9735835816528977 0.0072208703
3 1.6015557186132754,0.3102194060634995,-0.7140902463454806,1.608609892457438,0.3102194060634995,-0.9390827367176319,1.1358822448724424,0.3102194060634995,-0.9539041336517728,1.1288280710282799,0.3102194060634995,-0.7289116432796215,1.6015557186132754,-0.7852156748127366,-0.7140902463454806,1.608609892457438,-0.7852156748127366,-0.9390827367176319,1.1358822448724424,-0.7852156748127366,-0.9539041336517728,1.1288280710282799,-0.7852156748127366,-0.7289116432796215 0.0046963603
3 3.4969595224746923,-0.44512161714321136,0.3802740976008576,3.513754050462609,-0.44512161714321136,0.09932719555416261,3.0518218724838038,-0.44512161714321136,0.07171367557915032,3.0350273444958873,-0.44512161714321136,0.35266057762584535,3.4969595224746923,-1.4216269542526627,0.3802740976008576,3.513754050462609,-1.4216269542526627,0.09932719555416261,3.0518218724838038,-1.4216269542526627,0.07171367557915032,3.0350273444958873,-1.4216269542526627,0.35266057762584535 0.0068027833
3 0.9947798967113994,0.44311181354040147,-0.13243387969569367,1.0123961442519802,0.44311181354040147,-0.4382972649797082,0.4881515980014302,0.44311181354040147,-0.4684912082330783,0.4705353504608493,0.44311181354040147,-0.16262782294906378,0.9947798967113994,-0.06098566102499009,-0.13243387969569367,1.0123961442519802,-0.06098566102499009,-0.4382972649797082,0.4881515980014302,-0.06098566102499009,-0.4684912082330783,0.4705353504608493,-0.06098566102499009,-0.16262782294906378 0.0031261418
3 0.0769278427232655,0.15112545611971856,0.5731108543787654,0.10530459358463712,0.15112545611971856,0.08955580082235995,-0.12071865998400769,0.15112545611971856,0.07629194284337204,-0.1490954108453793,0.15112545611971856,0.5598469963997775,0.0769278427232655,-0.47944548251742364,0.5731108543787654,0.10530459358463712,-0.47944548251742364,0.08955580082235995,-0.12071865998400769,-0.47944548251742364,0.07629194284337204,-0.1490954108453793,-0.47944548251742364,0.5598469963997775 0.0039968295
3 -1.456227684863006,0.5882432955022812,1.4517927370766284,-1.4878471761763126,0.5882432955022812,1.0449167877436352,-1.8985503665133368,0.5882432955022812,1.076833704878938,-1.8669308752000302,0.5882432955022812,1.4837096542119312,-1.456227684863006,-0.4375583427663803,1.4517927370766284,-1.4878471761763126,-0.4375583427663803,1.0449167877436352,-1.8985503665133368,-0.4375583427663803,1.076833704878938,-1.8669308752000302,-0.4375583427663803,1.4837096542119312 0.007513675
3 4.395678325656302,-1.7914047568041658,0.18740719274951625,4.376951933100505,-1.7914047568041658,-0.11530273382157735,3.879300312039011,-1.7914047568041658,-0.08451676086856533,3.898026704594807,-1.7914047568041658,0.21819316570252828,4.395678325656302,-2.5037460000317715,0.18740719274951625,4.376951933100505,-2.5037460000317715,-0.11530273382157735,3.879300312039011,-2.5037460000317715,-0.08451676086856533,3.898026704594807,-2.5037460000317715,0.21819316570252828 0.012180089
3 -1.286081497842111,1.1715360497187997,0.6229832186164939,-1.2686093012244903,1.1715360497187997,0.2838104116958645,-1.728717143362723,1.1715360497187997,0.2601083503303445,-1.7461893399803436,1.1715360497187997,0.5992811572509739,-1.286081497842111,0.5654857541370963,0.6229832186164939,-1.2686093012244903,0.5654857541370963,0.2838104116958645,-1.728717143362723,0.5654857541370963,0.2601083503303445,-1.7461893399803436,0.5654857541370963,0.5992811572509739 0.01124722
3 -0.6321798374441923,0.24550743299240113,0.3038071256082806,-0.6273805643767547,0.24550743299240113,-0.06414725864980556,-1.014518637439841,0.24550743299240113,-0.06919674686606261,-1.0193179105072785,0.24550743299240113,0.29875763739202355,-0.6321798374441923,-0.16445900398010255,0.3038071256082806,-0.6273805643767547,-0.16445900398010255,-0.06414725864980556,-1.014518637439841,-0.16445900398010255,-0.06919674686606261,-1.0193179105072785,-0.16445900398010255,0.29875763739202355 0.006698907
3 0.24753988260056925,0.8513316352915192,0.48331685287883025,0.2558074313744052,0.8513316352915192,0.25721804274930415,-0.009470422804617407,0.8513316352915192,0.24751786964009065,-0.01773797157845336,0.8513316352915192,0.47361667976961674,0.24753988260056925,0.5139232437062835,0.48331685287883025,0.2558074313744052,0.5139232437062835,0.25721804274930415,-0.009470422804617407,0.5139232437062835,0.24751786964009065,-0.01773797157845336,0.5139232437062835,0.47361667976961674 0.0063856696
3 0.45626251136750623,1.3245126557599927,-0.07517472259788927,0.45944651623109517,1.3245126557599927,-0.4927513365571734,-0.08034251367539808,1.3245126557599927,-0.4968672061702687,-0.08352651853898702,1.3245126557599927,-0.07929059221098458,0.45626251136750623,0.6735910820711231,-0.07517472259788927,0.45944651623109517,0.6735910820711231,-0.4927513365571734,-0.08034251367539808,0.6735910820711231,-0.4968672061702687,-0.08352651853898702,0.6735910820711231,-0.07929059221098458 0.010247836
4 -0.7433473013688322,0.3488886979472065,0.9939129366855795,-0.731169210079723,0.3488886979472065,0.6694270161549702,-1.1851754046629672,0.3488886979472065,0.6523879752178019,-1.1973534959520764,0.3488886979472065,0.9768738957484111,-0.7433473013688322,-0.28929841789120675,0.9939129366855795,-0.731169210079723,-0.28929841789120675,0.6694270161549702,-1.1851754046629672,-0.28929841789120675,0.6523879752178019,-1.1973534959520764,-0.28929841789120675,0.9768738957484111 0.0028630525
4 -0.7342487270135093,1.5268155996751214,0.9739826000624029,-0.7340037984391543,1.5268155996751214,0.6722230885360061,-1.2256067102652382,1.5268155996751214,0.6718240701265009,-1.2258516388395932,1.5268155996751214,0.9735835816528977,-0.7342487270135093,0.9883781011152839,0.9739826000624029,-0.7340037984391543,0.9883781011152839,0.6722230885360061,-1.2256067102652382,0.9883781011152839,0.6718240701265009,-1.2258516388395932,0.9883781011152839,0.9735835816528977 0.0062375045
4 1.6015557186132754,0.3102194060634995,-0.7140902463454806,1.608609892457438,0.3102194060634995,-0.9390827367176319,1.1358822448724424,0.3102194060634995,-0.9539041336517728,1.1288280710282799,0.3102194060634995,-0.7289116432796215,1.6015557186132754,-0.7852156748127366,-0.7140902463454806,1.608609892457438,-0.7852156748127366,-0.9390827367176319,1.1358822448724424,-0.7852156748127366,-0.9539041336517728,1.1288280710282799,-0.7852156748127366,-0.7289116432796215 0.0038838494
4 3.4969595224746923,-0.44512161714321136,0.3802740976008576,3.513754050462609,-0.44512161714321136,0.09932719555416261,3.0518218724838038,-0.44512161714321136,0.07171367557915032,3.0350273444958873,-0.44512161714321136,0.35266057762584535,3.4969595224746923,-1.4216269542526627,0.3802740976008576,3.513754050462609,-1.4216269542526627,0.09932719555416261,3.0518218724838038,-1.4216269542526627,0.07171367557915032,3.0350273444958873,-1.4216269542526627,0.35266057762584535 0.004722677
4 0.9947798967113994,0.44311181354040147,-0.13243387969569367,1.0123961442519802,0.44311181354040147,-0.4382972649797082,0.4881515980014302,0.44311181354040147,-0.4684912082330783,0.4705353504608493,0.44311181354040147,-0.16262782294906378,0.9947798967113994,-0.06098566102499009,-0.13243387969569367,1.0123961442519802,-0.06098566102499009,-0.4382972649797082,0.4881515980014302,-0.06098566102499009,-0.4684912082330783,0.4705353504608493,-0.06098566102499009,-0.16262782294906378 0.0028069646
4 0.0769278427232655,0.15112545611971856,0.5731108543787654,0.10530459358463712,0.15112545611971856,0.08955580082235995,-0.12071865998400769,0.15112545611971856,0.07629194284337204,-0.1490954108453793,0.15112545611971856,0.5598469963997775,0.0769278427232655,-0.47944548251742364,0.5731108543787654,0.10530459358463712,-0.47944548251742364,0.08955580082235995,-0.12071865998400769,-0.47944548251742364,0.07629194284337204,-0.1490954108453793,-0.47944548251742364,0.5598469963997775 0.0037863255
4 -1.456227684863006,0.5882432955022812,1.4517927370766284,-1.4878471761763126,0.5882432955022812,1.0449167877436352,-1.8985503665133368,0.5882432955022812,1.076833704878938,-1.8669308752000302,0.5882432955022812,1.4837096542119312,-1.456227684863006,-0.4375583427663803,1.4517927370766284,-1.4878471761763126,-0.4375583427663803,1.0449167877436352,-1.8985503665133368,-0.4375583427663803,1.076833704878938,-1.8669308752000302,-0.4375583427663803,1.4837096542119312 0.0032572714
4 4.395678325656302,-1.7914047568041658,0.18740719274951625,4.376951933100505,-1.7914047568041658,-0.11530273382157735,3.879300312039011,-1.7914047568041658,-0.08451676086856533,3.898026704594807,-1.7914047568041658,0.21819316570252828,4.395678325656302,-2.5037460000317715,0.18740719274951625,4.376951933100505,-2.5037460000317715,-0.11530273382157735,3.879300312039011,-2.5037460000317715,-0.08451676086856533,3.898026704594807,-2.5037460000317715,0.21819316570252828 0.0046406356
4 -1.286081497842111,1.1715360497187997,0.6229832186164939,-1.2686093012244903,1.1715360497187997,0.2838104116958645,-1.728717143362723,1.1715360497187997,0.2601083503303445,-1.7461893399803436,1.1715360497187997,0.5992811572509739,-1.286081497842111,0.5654857541370963,0.6229832186164939,-1.2686093012244903,0.5654857541370963,0.2838104116958645,-1.728717143362723,0.5654857541370963,0.2601083503303445,-1.7461893399803436,0.5654857541370963,0.5992811572509739 0.008316329
4 -0.6321798374441923,0.24550743299240113,0.3038071256082806,-0.6273805643767547,0.24550743299240113,-0.06414725864980556,-1.014518637439841,0.24550743299240113,-0.06919674686606261,-1.0193179105072785,0.24550743299240113,0.29875763739202355,-0.6321798374441923,-0.16445900398010255,0.3038071256082806,-0.6273805643767547,-0.16445900398010255,-0.06414725864980556,-1.014518637439841,-0.16445900398010255,-0.06919674686606261,-1.0193179105072785,-0.16445900398010255,0.29875763739202355 0.0036697567
4 0.24753988260056925,0.8513316352915192,0.48331685287883025,0.2558074313744052,0.8513316352915192,0.25721804274930415,-0.009470422804617407,0.8513316352915192,0.24751786964009065,-0.01773797157845336,0.8513316352915192,0.47361667976961674,0.24753988260056925,0.5139232437062835,0.48331685287883025,0.2558074313744052,0.5139232437062835,0.25721804274930415,-0.009470422804617407,0.5139232437062835,0.24751786964009065,-0.01773797157845336,0.5139232437062835,0.47361667976961674 0.0027123217
4 0.45626251136750623,1.3245126557599927,-0.07517472259788927,0.45944651623109517,1.3245126557599927,-0.4927513365571734,-0.08034251367539808,1.3245126557599927,-0.4968672061702687,-0.08352651853898702,1.3245126557599927,-0.07929059221098458,0.45626251136750623,0.6735910820711231,-0.07517472259788927,0.45944651623109517,0.6735910820711231,-0.4927513365571734,-0.08034251367539808,0.6735910820711231,-0.4968672061702687,-0.08352651853898702,0.6735910820711231,-0.07929059221098458 0.004443698
5 -0.7433473013688322,0.3488886979472065,0.9939129366855795,-0.731169210079723,0.3488886979472065,0.6694270161549702,-1.1851754046629672,0.3488886979472065,0.6523879752178019,-1.1973534959520764,0.3488886979472065,0.9768738957484111,-0.7433473013688322,-0.28929841789120675,0.9939129366855795,-0.731169210079723,-0.28929841789120675,0.6694270161549702,-1.1851754046629672,-0.28929841789120675,0.6523879752178019,-1.1973534959520764,-0.28929841789120675,0.9768738957484111 0.01435745
5 -0.7342487270135093,1.5268155996751214,0.9739826000624029,-0.7340037984391543,1.5268155996751214,0.6722230885360061,-1.2256067102652382,1.5268155996751214,0.6718240701265009,-1.2258516388395932,1.5268155996751214,0.9735835816528977,-0.7342487270135093,0.9883781011152839,0.9739826000624029,-0.7340037984391543,0.9883781011152839,0.6722230885360061,-1.2256067102652382,0.9883781011152839,0.6718240701265009,-1.2258516388395932,0.9883781011152839,0.9735835816528977 0.013830469
5 1.6015557186132754,0.3102194060634995,-0.7140902463454806,1.608609892457438,0.3102194060634995,-0.9390827367176319,1.1358822448724424,0.3102194060634995,-0.9539041336517728,1.1288280710282799,0.3102194060634995,-0.7289116432796215,1.6015557186132754,-0.7852156748127366,-0.7140902463454806,1.608609892457438,-0.7852156748127366,-0.9390827367176319,1.1358822448724424,-0.7852156748127366,-0.9539041336517728,1.1288280710282799,-0.7852156748127366,-0.7289116432796215 0.014121882
5 3.4969595224746923,-0.44512161714321136,0.3802740976008576,3.513754050462609,-0.44512161714321136,0.09932719555416261,3.0518218724838038,-0.44512161714321136,0.07171367557915032,3.0350273444958873,-0.44512161714321136,0.35266057762584535,3.4969595224746923,-1.4216269542526627,0.3802740976008576,3.513754050462609,-1.4216269542526627,0.09932719555416261,3.0518218724838038,-1.4216269542526627,0.07171367557915032,3.0350273444958873,-1.4216269542526627,0.35266057762584535 0.011098705
5 0.9947798967113994,0.44311181354040147,-0.13243387969569367,1.0123961442519802,0.44311181354040147,-0.4382972649797082,0.4881515980014302,0.44311181354040147,-0.4684912082330783,0.4705353504608493,0.44311181354040147,-0.16262782294906378,0.9947798967113994,-0.06098566102499009,-0.13243387969569367,1.0123961442519802,-0.06098566102499009,-0.4382972649797082,0.4881515980014302,-0.06098566102499009,-0.4684912082330783,0.4705353504608493,-0.06098566102499009,-0.16262782294906378 0.013593465
5 0.0769278427232655,0.15112545611971856,0.5731108543787654,0.10530459358463712,0.15112545611971856,0.08955580082235995,-0.12071865998400769,0.15112545611971856,0.07629194284337204,-0.1490954108453793,0.15112545611971856,0.5598469963997775,0.0769278427232655,-0.47944548251742364,0.5731108543787654,0.10530459358463712,-0.47944548251742364,0.08955580082235995,-0.12071865998400769,-0.47944548251742364,0.07629194284337204,-0.1490954108453793,-0.47944548251742364,0.5598469963997775 0.013238692
5 -1.456227684863006,0.5882432955022812,1.4517927370766284,-1.4878471761763126,0.5882432955022812,1.0449167877436352,-1.8985503665133368,0.5882432955022812,1.076833704878938,-1.8669308752000302,0.5882432955022812,1.4837096542119312,-1.456227684863006,-0.4375583427663803,1.4517927370766284,-1.4878471761763126,-0.4375583427663803,1.0449167877436352,-1.8985503665133368,-0.4375583427663803,1.076833704878938,-1.8669308752000302,-0.4375583427663803,1.4837096542119312 0.008215079
5 4.395678325656302,-1.7914047568041658,0.18740719274951625,4.376951933100505,-1.7914047568041658,-0.11530273382157735,3.879300312039011,-1.7914047568041658,-0.08451676086856533,3.898026704594807,-1.7914047568041658,0.21819316570252828,4.395678325656302,-2.5037460000317715,0.18740719274951625,4.376951933100505,-2.5037460000317715,-0.11530273382157735,3.879300312039011,-2.5037460000317715,-0.08451676086856533,3.898026704594807,-2.5037460000317715,0.21819316570252828 0.01209474
5 -1.286081497842111,1.1715360497187997,0.6229832186164939,-1.2686093012244903,1.1715360497187997,0.2838104116958645,-1.728717143362723,1.1715360497187997,0.2601083503303445,-1.7461893399803436,1.1715360497187997,0.5992811572509739,-1.286081497842111,0.5654857541370963,0.6229832186164939,-1.2686093012244903,0.5654857541370963,0.2838104116958645,-1.728717143362723,0.5654857541370963,0.2601083503303445,-1.7461893399803436,0.5654857541370963,0.5992811572509739 0.032333028
5 -0.6321798374441923,0.24550743299240113,0.3038071256082806,-0.6273805643767547,0.24550743299240113,-0.06414725864980556,-1.014518637439841,0.24550743299240113,-0.06919674686606261,-1.0193179105072785,0.24550743299240113,0.29875763739202355,-0.6321798374441923,-0.16445900398010255,0.3038071256082806,-0.6273805643767547,-0.16445900398010255,-0.06414725864980556,-1.014518637439841,-0.16445900398010255,-0.06919674686606261,-1.0193179105072785,-0.16445900398010255,0.29875763739202355 0.023584504
5 0.24753988260056925,0.8513316352915192,0.48331685287883025,0.2558074313744052,0.8513316352915192,0.25721804274930415,-0.009470422804617407,0.8513316352915192,0.24751786964009065,-0.01773797157845336,0.8513316352915192,0.47361667976961674,0.24753988260056925,0.5139232437062835,0.48331685287883025,0.2558074313744052,0.5139232437062835,0.25721804274930415,-0.009470422804617407,0.5139232437062835,0.24751786964009065,-0.01773797157845336,0.5139232437062835,0.47361667976961674 0.01341093
5 0.45626251136750623,1.3245126557599927,-0.07517472259788927,0.45944651623109517,1.3245126557599927,-0.4927513365571734,-0.08034251367539808,1.3245126557599927,-0.4968672061702687,-0.08352651853898702,1.3245126557599927,-0.07929059221098458,0.45626251136750623,0.6735910820711231,-0.07517472259788927,0.45944651623109517,0.6735910820711231,-0.4927513365571734,-0.08034251367539808,0.6735910820711231,-0.4968672061702687,-0.08352651853898702,0.6735910820711231,-0.07929059221098458 0.0170366
6 -0.7433473013688322,0.3488886979472065,0.9939129366855795,-0.731169210079723,0.3488886979472065,0.6694270161549702,-1.1851754046629672,0.3488886979472065,0.6523879752178019,-1.1973534959520764,0.3488886979472065,0.9768738957484111,-0.7433473013688322,-0.28929841789120675,0.9939129366855795,-0.731169210079723,-0.28929841789120675,0.6694270161549702,-1.1851754046629672,-0.28929841789120675,0.6523879752178019,-1.1973534959520764,-0.28929841789120675,0.9768738957484111 0.0071621607
6 -0.7342487270135093,1.5268155996751214,0.9739826000624029,-0.7340037984391543,1.5268155996751214,0.6722230885360061,-1.2256067102652382,1.5268155996751214,0.6718240701265009,-1.2258516388395932,1.5268155996751214,0.9735835816528977,-0.7342487270135093,0.9883781011152839,0.9739826000624029,-0.7340037984391543,0.9883781011152839,0.6722230885360061,-1.2256067102652382,0.9883781011152839,0.6718240701265009,-1.2258516388395932,0.9883781011152839,0.9735835816528977 0.0053597484
6 1.6015557186132754,0.3102194060634995,-0.7140902463454806,1.608609892457438,0.3102194060634995,-0.9390827367176319,1.1358822448724424,0.3102194060634995,-0.9539041336517728,1.1288280710282799,0.3102194060634995,-0.7289116432796215,1.6015557186132754,-0.7852156748127366,-0.7140902463454806,1.608609892457438,-0.7852156748127366,-0.9390827367176319,1.1358822448724424,-0.7852156748127366,-0.9539041336517728,1.1288280710282799,-0.7852156748127366,-0.7289116432796215 0.005108275
6 3.4969595224746923,-0.44512161714321136,0.3802740976008576,3.513754050462609,-0.44512161714321136,0.09932719555416261,3.0518218724838038,-0.44512161714321136,0.07171367557915032,3.0350273444958873,-0.44512161714321136,0.35266057762584535,3.4969595224746923,-1.4216269542526627,0.3802740976008576,3.513754050462609,-1.4216269542526627,0.09932719555416261,3.0518218724838038,-1.4216269542526627,0.07171367557915032,3.0350273444958873,-1.4216269542526627,0.35266057762584535 0.005032914
6 0.9947798967113994,0.44311181354040147,-0.13243387969569367,1.0123961442519802,0.44311181354040147,-0.4382972649797082,0.4881515980014302,0.44311181354040147,-0.4684912082330783,0.4705353504608493,0.44311181354040147,-0.16262782294906378,0.9947798967113994,-0.06098566102499009,-0.13243387969569367,1.0123961442519802,-0.06098566102499009,-0.4382972649797082,0.4881515980014302,-0.06098566102499009,-0.4684912082330783,0.4705353504608493,-0.06098566102499009,-0.16262782294906378 0.0042283703
6 0.0769278427232655,0.15112545611971856,0.5731108543787654,0.10530459358463712,0.15112545611971856,0.08955580082235995,-0.12071865998400769,0.15112545611971856,0.07629194284337204,-0.1490954108453793,0.15112545611971856,0.5598469963997775,0.0769278427232655,-0.47944548251742364,0.5731108543787654,0.10530459358463712,-0.47944548251742364,0.08955580082235995,-0.12071865998400769,-0.47944548251742364,0.07629194284337204,-0.1490954108453793,-0.47944548251742364,0.5598469963997775 0.0049523683
6 -1.456227684863006,0.5882432955022812,1.4517927370766284,-1.4878471761763126,0.5882432955022812,1.0449167877436352,-1.8985503665133368,0.5882432955022812,1.076833704878938,-1.8669308752000302,0.5882432955022812,1.4837096542119312,-1.456227684863006,-0.4375583427663803,1.4517927370766284,-1.4878471761763126,-0.4375583427663803,1.0449167877436352,-1.8985503665133368,-0.4375583427663803,1.076833704878938,-1.8669308752000302,-0.4375583427663803,1.4837096542119312 0.0054433034
6 4.395678325656302,-1.7914047568041658,0.18740719274951625,4.376951933100505,-1.7914047568041658,-0.11530273382157735,3.879300312039011,-1.7914047568041658,-0.08451676086856533,3.898026704594807,-1.7914047568041658,0.21819316570252828,4.395678325656302,-2.5037460000317715,0.18740719274951625,4.376951933100505,-2.5037460000317715,-0.11530273382157735,3.879300312039011,-2.5037460000317715,-0.08451676086856533,3.898026704594807,-2.5037460000317715,0.21819316570252828 0.007427815
6 -1.286081497842111,1.1715360497187997,0.6229832186164939,-1.2686093012244903,1.1715360497187997,0.2838104116958645,-1.728717143362723,1.1715360497187997,0.2601083503303445,-1.7461893399803436,1.1715360497187997,0.5992811572509739,-1.286081497842111,0.5654857541370963,0.6229832186164939,-1.2686093012244903,0.5654857541370963,0.2838104116958645,-1.728717143362723,0.5654857541370963,0.2601083503303445,-1.7461893399803436,0.5654857541370963,0.5992811572509739 0.00972049
6 -0.6321798374441923,0.24550743299240113,0.3038071256082806,-0.6273805643767547,0.24550743299240113,-0.06414725864980556,-1.014518637439841,0.24550743299240113,-0.06919674686606261,-1.0193179105072785,0.24550743299240113,0.29875763739202355,-0.6321798374441923,-0.16445900398010255,0.3038071256082806,-0.6273805643767547,-0.16445900398010255,-0.06414725864980556,-1.014518637439841,-0.16445900398010255,-0.06919674686606261,-1.0193179105072785,-0.16445900398010255,0.29875763739202355 0.0067568105
6 0.24753988260056925,0.8513316352915192,0.48331685287883025,0.2558074313744052,0.8513316352915192,0.25721804274930415,-0.009470422804617407,0.8513316352915192,0.24751786964009065,-0.01773797157845336,0.8513316352915192,0.47361667976961674,0.24753988260056925,0.5139232437062835,0.48331685287883025,0.2558074313744052,0.5139232437062835,0.25721804274930415,-0.009470422804617407,0.5139232437062835,0.24751786964009065,-0.01773797157845336,0.5139232437062835,0.47361667976961674 0.0049874387
6 0.45626251136750623,1.3245126557599927,-0.07517472259788927,0.45944651623109517,1.3245126557599927,-0.4927513365571734,-0.08034251367539808,1.3245126557599927,-0.4968672061702687,-0.08352651853898702,1.3245126557599927,-0.07929059221098458,0.45626251136750623,0.6735910820711231,-0.07517472259788927,0.45944651623109517,0.6735910820711231,-0.4927513365571734,-0.08034251367539808,0.6735910820711231,-0.4968672061702687,-0.08352651853898702,0.6735910820711231,-0.07929059221098458 0.010930857
7 -0.7433473013688322,0.3488886979472065,0.9939129366855795,-0.731169210079723,0.3488886979472065,0.6694270161549702,-1.1851754046629672,0.3488886979472065,0.6523879752178019,-1.1973534959520764,0.3488886979472065,0.9768738957484111,-0.7433473013688322,-0.28929841789120675,0.9939129366855795,-0.731169210079723,-0.28929841789120675,0.6694270161549702,-1.1851754046629672,-0.28929841789120675,0.6523879752178019,-1.1973534959520764,-0.28929841789120675,0.9768738957484111 0.0013475136
7 -0.7342487270135093,1.5268155996751214,0.9739826000624029,-0.7340037984391543,1.5268155996751214,0.6722230885360061,-1.2256067102652382,1.5268155996751214,0.6718240701265009,-1.2258516388395932,1.5268155996751214,0.9735835816528977,-0.7342487270135093,0.9883781011152839,0.9739826000624029,-0.7340037984391543,0.9883781011152839,0.6722230885360061,-1.2256067102652382,0.9883781011152839,0.6718240701265009,-1.2258516388395932,0.9883781011152839,0.9735835816528977 0.0023413913
7 1.6015557186132754,0.3102194060634995,-0.7140902463454806,1.608609892457438,0.3102194060634995,-0.9390827367176319,1.1358822448724424,0.3102194060634995,-0.9539041336517728,1.1288280710282799,0.3102194060634995,-0.7289116432796215,1.6015557186132754,-0.7852156748127366,-0.7140902463454806,1.608609892457438,-0.7852156748127366,-0.9390827367176319,1.1358822448724424,-0.7852156748127366,-0.9539041336517728,1.1288280710282799,-0.7852156748127366,-0.7289116432796215 0.0025458485
7 3.4969595224746923,-0.44512161714321136,0.3802740976008576,3.513754050462609,-0.44512161714321136,0.09932719555416261,3.0518218724838038,-0.44512161714321136,0.07171367557915032,3.0350273444958873,-0.44512161714321136,0.35266057762584535,3.4969595224746923,-1.4216269542526627,0.3802740976008576,3.513754050462609,-1.4216269542526627,0.09932719555416261,3.0518218724838038,-1.4216269542526627,0.07171367557915032,3.0350273444958873,-1.4216269542526627,0.35266057762584535 0.002801802
7 0.9947798967113994,0.44311181354040147,-0.13243387969569367,1.0123961442519802,0.44311181354040147,-0.4382972649797082,0.4881515980014302,0.44311181354040147,-0.4684912082330783,0.4705353504608493,0.44311181354040147,-0.16262782294906378,0.9947798967113994,-0.06098566102499009,-0.13243387969569367,1.0123961442519802,-0.06098566102499009,-0.4382972649797082,0.4881515980014302,-0.06098566102499009,-0.4684912082330783,0.4705353504608493,-0.06098566102499009,-0.16262782294906378 0.0010121135
7 0.0769278427232655,0.15112545611971856,0.5731108543787654,0.10530459358463712,0.15112545611971856,0.08955580082235995,-0.12071865998400769,0.15112545611971856,0.07629194284337204,-0.1490954108453793,0.15112545611971856,0.5598469963997775,0.0769278427232655,-0.47944548251742364,0.5731108543787654,0.10530459358463712,-0.47944548251742364,0.08955580082235995,-0.12071865998400769,-0.47944548251742364,0.07629194284337204,-0.1490954108453793,-0.47944548251742364,0.5598469963997775 0.0010250144
7 -1.456227684863006,0.5882432955022812,1.4517927370766284,-1.4878471761763126,0.5882432955022812,1.0449167877436352,-1.8985503665133368,0.5882432955022812,1.076833704878938,-1.8669308752000302,0.5882432955022812,1.4837096542119312,-1.456227684863006,-0.4375583427663803,1.4517927370766284,-1.4878471761763126,-0.4375583427663803,1.0449167877436352,-1.8985503665133368,-0.4375583427663803,1.076833704878938,-1.8669308752000302,-0.4375583427663803,1.4837096542119312 0.0014495245
7 4.395678325656302,-1.7914047568041658,0.18740719274951625,4.376951933100505,-1.7914047568041658,-0.11530273382157735,3.879300312039011,-1.7914047568041658,-0.08451676086856533,3.898026704594807,-1.7914047568041658,0.21819316570252828,4.395678325656302,-2.5037460000317715,0.18740719274951625,4.376951933100505,-2.5037460000317715,-0.11530273382157735,3.879300312039011,-2.5037460000317715,-0.08451676086856533,3.898026704594807,-2.5037460000317715,0.21819316570252828 0.0030488828
7 -1.286081497842111,1.1715360497187997,0.6229832186164939,-1.2686093012244903,1.1715360497187997,0.2838104116958645,-1.728717143362723,1.1715360497187997,0.2601083503303445,-1.7461893399803436,1.1715360497187997,0.5992811572509739,-1.286081497842111,0.5654857541370963,0.6229832186164939,-1.2686093012244903,0.5654857541370963,0.2838104116958645,-1.728717143362723,0.5654857541370963,0.2601083503303445,-1.7461893399803436,0.5654857541370963,0.5992811572509739 0.003120187
7 -0.6321798374441923,0.24550743299240113,0.3038071256082806,-0.6273805643767547,0.24550743299240113,-0.06414725864980556,-1.014518637439841,0.24550743299240113,-0.06919674686606261,-1.0193179105072785,0.24550743299240113,0.29875763739202355,-0.6321798374441923,-0.16445900398010255,0.3038071256082806,-0.6273805643767547,-0.16445900398010255,-0.06414725864980556,-1.014518637439841,-0.16445900398010255,-0.06919674686606261,-1.0193179105072785,-0.16445900398010255,0.29875763739202355 0.0012270655
7 0.24753988260056925,0.8513316352915192,0.48331685287883025,0.2558074313744052,0.8513316352915192,0.25721804274930415,-0.009470422804617407,0.8513316352915192,0.24751786964009065,-0.01773797157845336,0.8513316352915192,0.47361667976961674,0.24753988260056925,0.5139232437062835,0.48331685287883025,0.2558074313744052,0.5139232437062835,0.25721804274930415,-0.009470422804617407,0.5139232437062835,0.24751786964009065,-0.01773797157845336,0.5139232437062835,0.47361667976961674 0.0009161661
7 0.45626251136750623,1.3245126557599927,-0.07517472259788927,0.45944651623109517,1.3245126557599927,-0.4927513365571734,-0.08034251367539808,1.3245126557599927,-0.4968672061702687,-0.08352651853898702,1.3245126557599927,-0.07929059221098458,0.45626251136750623,0.6735910820711231,-0.07517472259788927,0.45944651623109517,0.6735910820711231,-0.4927513365571734,-0.08034251367539808,0.6735910820711231,-0.4968672061702687,-0.08352651853898702,0.6735910820711231,-0.07929059221098458 0.0028518245
8 -0.7433473013688322,0.3488886979472065,0.9939129366855795,-0.731169210079723,0.3488886979472065,0.6694270161549702,-1.1851754046629672,0.3488886979472065,0.6523879752178019,-1.1973534959520764,0.3488886979472065,0.9768738957484111,-0.7433473013688322,-0.28929841789120675,0.9939129366855795,-0.731169210079723,-0.28929841789120675,0.6694270161549702,-1.1851754046629672,-0.28929841789120675,0.6523879752178019,-1.1973534959520764,-0.28929841789120675,0.9768738957484111 0.0039858376
8 -0.7342487270135093,1.5268155996751214,0.9739826000624029,-0.7340037984391543,1.5268155996751214,0.6722230885360061,-1.2256067102652382,1.5268155996751214,0.6718240701265009,-1.2258516388395932,1.5268155996751214,0.9735835816528977,-0.7342487270135093,0.9883781011152839,0.9739826000624029,-0.7340037984391543,0.9883781011152839,0.6722230885360061,-1.2256067102652382,0.9883781011152839,0.6718240701265009,-1.2258516388395932,0.9883781011152839,0.9735835816528977 0.003848571
8 1.6015557186132754,0.3102194060634995,-0.7140902463454806,1.608609892457438,0.3102194060634995,-0.9390827367176319,1.1358822448724424,0.3102194060634995,-0.9539041336517728,1.1288280710282799,0.3102194060634995,-0.7289116432796215,1.6015557186132754,-0.7852156748127366,-0.7140902463454806,1.608609892457438,-0.7852156748127366,-0.9390827367176319,1.1358822448724424,-0.7852156748127366,-0.9539041336517728,1.1288280710282799,-0.7852156748127366,-0.7289116432796215 0.003469101
8 3.4969595224746923,-0.44512161714321136,0.3802740976008576,3.513754050462609,-0.44512161714321136,0.09932719555416261,3.0518218724838038,-0.44512161714321136,0.07171367557915032,3.0350273444958873,-0.44512161714321136,0.35266057762584535,3.4969595224746923,-1.4216269542526627,0.3802740976008576,3.513754050462609,-1.4216269542526627,0.09932719555416261,3.0518218724838038,-1.4216269542526627,0.07171367557915032,3.0350273444958873,-1.4216269542526627,0.35266057762584535 0.00531901
8 0.9947798967113994,0.44311181354040147,-0.13243387969569367,1.0123961442519802,0.44311181354040147,-0.4382972649797082,0.4881515980014302,0.44311181354040147,-0.4684912082330783,0.4705353504608493,0.44311181354040147,-0.16262782294906378,0.9947798967113994,-0.06098566102499009,-0.13243387969569367,1.0123961442519802,-0.06098566102499009,-0.4382972649797082,0.4881515980014302,-0.06098566102499009,-0.4684912082330783,0.4705353504608493,-0.06098566102499009,-0.16262782294906378 0.003703395
8 0.0769278427232655,0.15112545611971856,0.5731108543787654,0.10530459358463712,0.15112545611971856,0.08955580082235995,-0.12071865998400769,0.15112545611971856,0.07629194284337204,-0.1490954108453793,0.15112545611971856,0.5598469963997775,0.0769278427232655,-0.47944548251742364,0.5731108543787654,0.10530459358463712,-0.47944548251742364,0.08955580082235995,-0.12071865998400769,-0.47944548251742364,0.07629194284337204,-0.1490954108453793,-0.47944548251742364,0.5598469963997775 0.0023844237
8 -1.456227684863006,0.5882432955022812,1.4517927370766284,-1.4878471761763126,0.5882432955022812,1.0449167877436352,-1.8985503665133368,0.5882432955022812,1.076833704878938,-1.8669308752000302,0.5882432955022812,1.4837096542119312,-1.456227684863006,-0.4375583427663803,1.4517927370766284,-1.4878471761763126,-0.4375583427663803,1.0449167877436352,-1.8985503665133368,-0.4375583427663803,1.076833704878938,-1.8669308752000302,-0.4375583427663803,1.4837096542119312 0.0042844983
8 4.395678325656302,-1.7914047568041658,0.18740719274951625,4.376951933100505,-1.7914047568041658,-0.11530273382157735,3.879300312039011,-1.7914047568041658,-0.08451676086856533,3.898026704594807,-1.7914047568041658,0.21819316570252828,4.395678325656302,-2.5037460000317715,0.18740719274951625,4.376951933100505,-2.5037460000317715,-0.11530273382157735,3.879300312039011,-2.5037460000317715,-0.08451676086856533,3.898026704594807,-2.5037460000317715,0.21819316570252828 0.006134988
8 -1.286081497842111,1.1715360497187997,0.6229832186164939,-1.2686093012244903,1.1715360497187997,0.2838104116958645,-1.728717143362723,1.1715360497187997,0.2601083503303445,-1.7461893399803436,1.1715360497187997,0.5992811572509739,-1.286081497842111,0.5654857541370963,0.6229832186164939,-1.2686093012244903,0.5654857541370963,0.2838104116958645,-1.728717143362723,0.5654857541370963,0.2601083503303445,-1.7461893399803436,0.5654857541370963,0.5992811572509739 0.00602351
8 -0.6321798374441923,0.24550743299240113,0.3038071256082806,-0.6273805643767547,0.24550743299240113,-0.06414725864980556,-1.014518637439841,0.24550743299240113,-0.06919674686606261,-1.0193179105072785,0.24550743299240113,0.29875763739202355,-0.6321798374441923,-0.16445900398010255,0.3038071256082806,-0.6273805643767547,-0.16445900398010255,-0.06414725864980556,-1.014518637439841,-0.16445900398010255,-0.06919674686606261,-1.0193179105072785,-0.16445900398010255,0.29875763739202355 0.0038881714
8 0.24753988260056925,0.8513316352915192,0.48331685287883025,0.2558074313744052,0.8513316352915192,0.25721804274930415,-0.009470422804617407,0.8513316352915192,0.24751786964009065,-0.01773797157845336,0.8513316352915192,0.47361667976961674,0.24753988260056925,0.5139232437062835,0.48331685287883025,0.2558074313744052,0.5139232437062835,0.25721804274930415,-0.009470422804617407,0.5139232437062835,0.24751786964009065,-0.01773797157845336,0.5139232437062835,0.47361667976961674 0.0027554105
8 0.45626251136750623,1.3245126557599927,-0.07517472259788927,0.45944651623109517,1.3245126557599927,-0.4927513365571734,-0.08034251367539808,1.3245126557599927,-0.4968672061702687,-0.08352651853898702,1.3245126557599927,-0.07929059221098458,0.45626251136750623,0.6735910820711231,-0.07517472259788927,0.45944651623109517,0.6735910820711231,-0.4927513365571734,-0.08034251367539808,0.6735910820711231,-0.4968672061702687,-0.08352651853898702,0.6735910820711231,-0.07929059221098458 0.00557164
9 -0.7433473013688322,0.3488886979472065,0.9939129366855795,-0.731169210079723,0.3488886979472065,0.6694270161549702,-1.1851754046629672,0.3488886979472065,0.6523879752178019,-1.1973534959520764,0.3488886979472065,0.9768738957484111,-0.7433473013688322,-0.28929841789120675,0.9939129366855795,-0.731169210079723,-0.28929841789120675,0.6694270161549702,-1.1851754046629672,-0.28929841789120675,0.6523879752178019,-1.1973534959520764,-0.28929841789120675,0.9768738957484111 0.007810147
9 -0.7342487270135093,1.5268155996751214,0.9739826000624029,-0.7340037984391543,1.5268155996751214,0.6722230885360061,-1.2256067102652382,1.5268155996751214,0.6718240701265009,-1.2258516388395932,1.5268155996751214,0.9735835816528977,-0.7342487270135093,0.9883781011152839,0.9739826000624029,-0.7340037984391543,0.9883781011152839,0.6722230885360061,-1.2256067102652382,0.9883781011152839,0.6718240701265009,-1.2258516388395932,0.9883781011152839,0.9735835816528977 0.011540526
9 1.6015557186132754,0.3102194060634995,-0.7140902463454806,1.608609892457438,0.3102194060634995,-0.9390827367176319,1.1358822448724424,0.3102194060634995,-0.9539041336517728,1.1288280710282799,0.3102194060634995,-0.7289116432796215,1.6015557186132754,-0.7852156748127366,-0.7140902463454806,1.608609892457438,-0.7852156748127366,-0.9390827367176319,1.1358822448724424,-0.7852156748127366,-0.9539041336517728,1.1288280710282799,-0.7852156748127366,-0.7289116432796215 0.009700751
9 3.4969595224746923,-0.44512161714321136,0.3802740976008576,3.513754050462609,-0.44512161714321136,0.09932719555416261,3.0518218724838038,-0.44512161714321136,0.07171367557915032,3.0350273444958873,-0.44512161714321136,0.35266057762584535,3.4969595224746923,-1.4216269542526627,0.3802740976008576,3.513754050462609,-1.4216269542526627,0.09932719555416261,3.0518218724838038,-1.4216269542526627,0.07171367557915032,3.0350273444958873,-1.4216269542526627,0.35266057762584535 0.011968637
9 0.9947798967113994,0.44311181354040147,-0.13243387969569367,1.0123961442519802,0.44311181354040147,-0.4382972649797082,0.4881515980014302,0.44311181354040147,-0.4684912082330783,0.4705353504608493,0.44311181354040147,-0.16262782294906378,0.9947798967113994,-0.06098566102499009,-0.13243387969569367,1.0123961442519802,-0.06098566102499009,-0.4382972649797082,0.4881515980014302,-0.06098566102499009,-0.4684912082330783,0.4705353504608493,-0.06098566102499009,-0.16262782294906378 0.006856636
9 0.0769278427232655,0.15112545611971856,0.5731108543787654,0.10530459358463712,0.15112545611971856,0.08955580082235995,-0.12071865998400769,0.15112545611971856,0.07629194284337204,-0.1490954108453793,0.15112545611971856,0.5598469963997775,0.0769278427232655,-0.47944548251742364,0.5731108543787654,0.10530459358463712,-0.47944548251742364,0.08955580082235995,-0.12071865998400769,-0.47944548251742364,0.07629194284337204,-0.1490954108453793,-0.47944548251742364,0.5598469963997775 0.007135675
9 -1.456227684863006,0.5882432955022812,1.4517927370766284,-1.4878471761763126,0.5882432955022812,1.0449167877436352,-1.8985503665133368,0.5882432955022812,1.076833704878938,-1.8669308752000302,0.5882432955022812,1.4837096542119312,-1.456227684863006,-0.4375583427663803,1.4517927370766284,-1.4878471761763126,-0.4375583427663803,1.0449167877436352,-1.8985503665133368,-0.4375583427663803,1.076833704878938,-1.8669308752000302,-0.4375583427663803,1.4837096542119312 0.006078889
9 4.395678325656302,-1.7914047568041658,0.18740719274951625,4.376951933100505,-1.7914047568041658,-0.11530273382157735,3.879300312039011,-1.7914047568041658,-0.08451676086856533,3.898026704594807,-1.7914047568041658,0.21819316570252828,4.395678325656302,-2.5037460000317715,0.18740719274951625,4.376951933100505,-2.5037460000317715,-0.11530273382157735,3.879300312039011,-2.5037460000317715,-0.08451676086856533,3.898026704594807,-2.5037460000317715,0.21819316570252828 0.011357619
9 -1.286081497842111,1.1715360497187997,0.6229832186164939,-1.2686093012244903,1.1715360497187997,0.2838104116958645,-1.728717143362723,1.1715360497187997,0.2601083503303445,-1.7461893399803436,1.1715360497187997,0.5992811572509739,-1.286081497842111,0.5654857541370963,0.6229832186164939,-1.2686093012244903,0.5654857541370963,0.2838104116958645,-1.728717143362723,0.5654857541370963,0.2601083503303445,-1.7461893399803436,0.5654857541370963,0.5992811572509739 0.01708394
9 -0.6321798374441923,0.24550743299240113,0.3038071256082806,-0.6273805643767547,0.24550743299240113,-0.06414725864980556,-1.014518637439841,0.24550743299240113,-0.06919674686606261,-1.0193179105072785,0.24550743299240113,0.29875763739202355,-0.6321798374441923,-0.16445900398010255,0.3038071256082806,-0.6273805643767547,-0.16445900398010255,-0.06414725864980556,-1.014518637439841,-0.16445900398010255,-0.06919674686606261,-1.0193179105072785,-0.16445900398010255,0.29875763739202355 0.009620818
9 0.24753988260056925,0.8513316352915192,0.48331685287883025,0.2558074313744052,0.8513316352915192,0.25721804274930415,-0.009470422804617407,0.8513316352915192,0.24751786964009065,-0.01773797157845336,0.8513316352915192,0.47361667976961674,0.24753988260056925,0.5139232437062835,0.48331685287883025,0.2558074313744052,0.5139232437062835,0.25721804274930415,-0.009470422804617407,0.5139232437062835,0.24751786964009065,-0.01773797157845336,0.5139232437062835,0.47361667976961674 0.004892067
9 0.45626251136750623,1.3245126557599927,-0.07517472259788927,0.45944651623109517,1.3245126557599927,-0.4927513365571734,-0.08034251367539808,1.3245126557599927,-0.4968672061702687,-0.08352651853898702,1.3245126557599927,-0.07929059221098458,0.45626251136750623,0.6735910820711231,-0.07517472259788927,0.45944651623109517,0.6735910820711231,-0.4927513365571734,-0.08034251367539808,0.6735910820711231,-0.4968672061702687,-0.08352651853898702,0.6735910820711231,-0.07929059221098458 0.012795058
