0 -1.2186353230915241,0.6542098084383273,0.902456483767134,-1.1858424442069015,0.6542098084383273,0.4591088131804454,-2.0967938875713177,0.6542098084383273,0.39172891624202116,-2.1295867664559402,0.6542098084383273,0.8350765868287099,-1.2186353230915241,0.3856102665967679,0.902456483767134,-1.1858424442069015,0.3856102665967679,0.4591088131804454,-2.0967938875713177,0.3856102665967679,0.39172891624202116,-2.1295867664559402,0.3856102665967679,0.8350765868287099 0.0069828513
0 0.8876175008079751,-1.057385635649023,0.8987268971270697,0.887355628565003,-1.057385635649023,0.5417149699093444,0.4420818962791221,-1.057385635649023,0.5420415831738337,0.44234376852209406,-1.057385635649023,0.8990535103915589,0.8876175008079751,-1.7197056290757085,0.8987268971270697,0.887355628565003,-1.7197056290757085,0.5417149699093444,0.4420818962791221,-1.7197056290757085,0.5420415831738337,0.44234376852209406,-1.7197056290757085,0.8990535103915589 0.005369882
0 0.08996250136620196,0.8693231781076813,1.033041665115166,0.08603883611108507,0.8693231781076813,0.631397372725126,-0.26944567664391195,0.8693231781076813,0.6348701028444288,-0.26552201138879505,0.8693231781076813,1.0365143952344686,0.08996250136620196,-0.10885839062446595,1.033041665115166,0.08603883611108507,-0.10885839062446595,0.631397372725126,-0.26944567664391195,-0.10885839062446595,0.6348701028444288,-0.26552201138879505,-0.10885839062446595,1.0365143952344686 0.0059459615
0 -0.03210970562219154,-0.5470822910714721,0.6564855640125956,-0.021619177772372183,-0.5470822910714721,0.282234346042593,-0.4442968090224313,-0.5470822910714721,0.27038639138214926,-0.4547873368722506,-0.5470822910714721,0.6446376093521519,-0.03210970562219154,-1.4670397182058716,0.6564855640125956,-0.021619177772372183,-1.4670397182058716,0.282234346042593,-0.4442968090224313,-1.4670397182058716,0.27038639138214926,-0.4547873368722506,-1.4670397182058716,0.6446376093521519 0.0058380095
0 1.1769789755797675,0.9419485767435456,1.1767837848681884,1.1736238988998628,0.9419485767435456,0.9560904654465865,0.709550708487005,0.9419485767435456,0.9631455097179933,0.7129057851669096,0.9419485767435456,1.1838388291395952,1.1769789755797675,0.04568649930244445,1.1767837848681884,1.1736238988998628,0.04568649930244445,0.9560904654465865,0.709550708487005,0.04568649930244445,0.9631455097179933,0.7129057851669096,0.04568649930244445,1.1838388291395952 0.009284458
0 0.6159415571352349,-0.6678953329969024,-0.15011078306322076,0.6222772370262007,-0.6678953329969024,-0.5255622867346929,0.18716081694160833,-0.6678953329969024,-0.5329048018824579,0.18082513705064254,-0.6678953329969024,-0.1574532982109859,0.6159415571352349,-1.5695216496538544,-0.15011078306322076,0.6222772370262007,-1.5695216496538544,-0.5255622867346929,0.18716081694160833,-1.5695216496538544,-0.5329048018824579,0.18082513705064254,-1.5695216496538544,-0.1574532982109859 0.0051872046
0 -0.4075557283200691,-0.9922583942238068,-0.3234090987769533,-0.40298968363699056,-0.9922583942238068,-0.5480455255195342,-0.9700048872194817,-0.9922583942238068,-0.5595708902748656,-0.9745709319025602,-0.9922583942238068,-0.3349344635322847,-0.4075557283200691,-1.7703453655418182,-0.3234090987769533,-0.40298968363699056,-1.7703453655418182,-0.5480455255195342,-0.9700048872194817,-1.7703453655418182,-0.5595708902748656,-0.9745709319025602,-1.7703453655418182,-0.3349344635322847 0.0071657575
0 -1.1359005250570382,-0.025034230754879705,0.26241608294043484,-1.1540737990936973,-0.025034230754879705,-0.033693068412654154,-1.6540512762430106,-0.025034230754879705,-0.00300766857657378,-1.6358780022063515,-0.025034230754879705,0.29310148277651527,-1.1359005250570382,-0.785238343669864,0.26241608294043484,-1.1540737990936973,-0.785238343669864,-0.033693068412654154,-1.6540512762430106,-0.785238343669864,-0.00300766857657378,-1.6358780022063515,-0.785238343669864,0.29310148277651527 0.008200225
0 -1.3576303702772523,0.2126743764680052,1.839787963030667,-1.3497744142733583,0.2126743764680052,1.5313366407448805,-1.8917495029985045,0.2126743764680052,1.517533060910373,-1.8996054590023985,0.2126743764680052,1.8259843831961595,-1.3576303702772523,-0.2659710654121065,1.839787963030667,-1.3497744142733583,-0.2659710654121065,1.5313366407448805,-1.8917495029985045,-0.2659710654121065,1.517533060910373,-1.8996054590023985,-0.2659710654121065,1.8259843831961595 0.0044984734
0 -1.1679166557155112,0.44777762616834643,0.048151976755179376,-1.1417216746574839,0.44777762616834643,-0.3020301315526106,-1.4285799263157388,0.44777762616834643,-0.3234882423191442,-1.4547749073737661,0.44777762616834643,0.026693865988645732,-1.1679166557155112,-0.5155008109923362,0.048151976755179376,-1.1417216746574839,-0.5155008109923362,-0.3020301315526106,-1.4285799263157388,-0.5155008109923362,-0.3234882423191442,-1.4547749073737661,-0.5155008109923362,0.026693865988645732 0.006902232
0 1.3865101106668787,-0.3019302021793461,-0.21670850811148984,1.3934250346106283,-0.3019302021793461,-0.7583682183200233,0.33285834712731077,-0.3019302021793461,-0.7719076007828582,0.3259434231835612,-0.3019302021793461,-0.23024789057432477,1.3865101106668787,-0.6292750108905697,-0.21670850811148984,1.3934250346106283,-0.6292750108905697,-0.7583682183200233,0.33285834712731077,-0.6292750108905697,-0.7719076007828582,0.3259434231835612,-0.6292750108905697,-0.23024789057432477 0.008366079
0 0.22234999864022442,-0.5074923048663711,-0.5252065725015357,0.2377635296760131,-0.5074923048663711,-0.8374391170778696,-0.3114031973354072,-0.5074923048663711,-0.8645490341497705,-0.3268167283711959,-0.5074923048663711,-0.5523164895734366,0.22234999864022442,-1.453337191517296,-0.5252065725015357,0.2377635296760131,-1.453337191517296,-0.8374391170778696,-0.3114031973354072,-1.453337191517296,-0.8645490341497705,-0.3268167283711959,-1.453337191517296,-0.5523164895734366 0.005726226
0 -1.0155676730659007,0.9208889576312065,1.086876341790615,-0.9949174182367905,0.9208889576312065,0.7443731037184866,-1.3802898994896413,0.9208889576312065,0.7211381702714577,-1.4009401543187514,0.9208889576312065,1.0636414083435861,-1.0155676730659007,0.022779169428729984,1.086876341790615,-0.9949174182367905,0.022779169428729984,0.7443731037184866,-1.3802898994896413,0.022779169428729984,0.7211381702714577,-1.4009401543187514,0.022779169428729984,1.0636414083435861 0.008330306
0 -0.8152464468683094,0.7213544611882592,0.3807103947776482,-0.8181446591379204,0.7213544611882592,0.14493689166851403,-1.4449204366003185,0.7213544611882592,0.15264144381106642,-1.4420222243307075,0.7213544611882592,0.38841494692020057,-0.8152464468683094,-0.14730421351903916,0.3807103947776482,-0.8181446591379204,-0.14730421351903916,0.14493689166851403,-1.4449204366003185,-0.14730421351903916,0.15264144381106642,-1.4420222243307075,-0.14730421351903916,0.38841494692020057 0.00687107
0 0.9178901435689603,0.8116167885314847,0.5737287727840196,0.9091657105573042,0.8116167885314847,0.2513832296323628,0.49719779473975556,0.8116167885314847,0.2625333341114272,0.5059222277514116,0.8116167885314847,0.584878877263084,0.9178901435689603,-0.06238354268187524,0.5737287727840196,0.9091657105573042,-0.06238354268187524,0.2513832296323628,0.49719779473975556,-0.06238354268187524,0.2625333341114272,0.5059222277514116,-0.06238354268187524,0.584878877263084 0.007476568
0 -0.23187062982218604,1.6342350887771606,1.4392211996708169,-0.246657505825225,1.6342350887771606,1.016375770539038,-0.6920641278873172,1.6342350887771606,1.0319516099300132,-0.6772772518842782,1.6342350887771606,1.4547970390617921,-0.23187062982218604,0.46364575152435306,1.4392211996708169,-0.246657505825225,0.46364575152435306,1.016375770539038,-0.6920641278873172,0.46364575152435306,1.0319516099300132,-0.6772772518842782,0.46364575152435306,1.4547970390617921 0.0074444483
0 0.7753729129387216,0.6607872610043908,1.2968090745976764,0.7858249664347972,0.6607872610043908,0.9747737731656836,0.36418778652416905,0.6607872610043908,0.961089017672221,0.35373573302809347,0.6607872610043908,1.2831243191042139,0.7753729129387216,-0.20020107078069688,1.2968090745976764,0.7858249664347972,-0.20020107078069688,0.9747737731656836,0.36418778652416905,-0.20020107078069688,0.961089017672221,0.35373573302809347,-0.20020107078069688,1.2831243191042139 0.006383666
0 0.9514563699918697,-0.41952560943847655,1.0099600476009885,0.951482007532688,-0.41952560943847655,0.8082798685709847,0.29888063466969034,-0.41952560943847655,0.8081969100253543,0.29885499712887215,-0.41952560943847655,1.0098770890553581,0.9514563699918697,-1.0334460874151612,1.0099600476009885,0.951482007532688,-1.0334460874151612,0.8082798685709847,0.29888063466969034,-1.0334460874151612,0.8081969100253543,0.29885499712887215,-1.0334460874151612,1.0098770890553581 0.0070955628
1 -1.2186353230915241,0.6542098084383273,0.902456483767134,-1.1858424442069015,0.6542098084383273,0.4591088131804454,-2.0967938875713177,0.6542098084383273,0.39172891624202116,-2.1295867664559402,0.6542098084383273,0.8350765868287099,-1.2186353230915241,0.3856102665967679,0.902456483767134,-1.1858424442069015,0.3856102665967679,0.4591088131804454,-2.0967938875713177,0.3856102665967679,0.39172891624202116,-2.1295867664559402,0.3856102665967679,0.8350765868287099 0.0057388116
1 0.8876175008079751,-1.057385635649023,0.8987268971270697,0.887355628565003,-1.057385635649023,0.5417149699093444,0.4420818962791221,-1.057385635649023,0.5420415831738337,0.44234376852209406,-1.057385635649023,0.8990535103915589,0.8876175008079751,-1.7197056290757085,0.8987268971270697,0.887355628565003,-1.7197056290757085,0.5417149699093444,0.4420818962791221,-1.7197056290757085,0.5420415831738337,0.44234376852209406,-1.7197056290757085,0.8990535103915589 0.0106257945
1 0.08996250136620196,0.8693231781076813,1.033041665115166,0.08603883611108507,0.8693231781076813,0.631397372725126,-0.26944567664391195,0.8693231781076813,0.6348701028444288,-0.26552201138879505,0.8693231781076813,1.0365143952344686,0.08996250136620196,-0.10885839062446595,1.033041665115166,0.08603883611108507,-0.10885839062446595,0.631397372725126,-0.26944567664391195,-0.10885839062446595,0.6348701028444288,-0.26552201138879505,-0.10885839062446595,1.0365143952344686 0.010067071
1 -0.03210970562219154,-0.5470822910714721,0.6564855640125956,-0.021619177772372183,-0.5470822910714721,0.282234346042593,-0.4442968090224313,-0.5470822910714721,0.27038639138214926,-0.4547873368722506,-0.5470822910714721,0.6446376093521519,-0.03210970562219154,-1.4670397182058716,0.6564855640125956,-0.021619177772372183,-1.4670397182058716,0.282234346042593,-0.4442968090224313,-1.4670397182058716,0.27038639138214926,-0.4547873368722506,-1.4670397182058716,0.6446376093521519 0.010985725
1 1.1769789755797675,0.9419485767435456,1.1767837848681884,1.1736238988998628,0.9419485767435456,0.9560904654465865,0.709550708487005,0.9419485767435456,0.9631455097179933,0.7129057851669096,0.9419485767435456,1.1838388291395952,1.1769789755797675,0.04568649930244445,1.1767837848681884,1.1736238988998628,0.04568649930244445,0.9560904654465865,0.709550708487005,0.04568649930244445,0.9631455097179933,0.7129057851669096,0.04568649930244445,1.1838388291395952 0.007948825
1 0.6159415571352349,-0.6678953329969024,-0.15011078306322076,0.6222772370262007,-0.6678953329969024,-0.5255622867346929,0.18716081694160833,-0.6678953329969024,-0.5329048018824579,0.18082513705064254,-0.6678953329969024,-0.1574532982109859,0.6159415571352349,-1.5695216496538544,-0.15011078306322076,0.6222772370262007,-1.5695216496538544,-0.5255622867346929,0.18716081694160833,-1.5695216496538544,-0.5329048018824579,0.18082513705064254,-1.5695216496538544,-0.1574532982109859 0.0064463047
1 -0.4075557283200691,-0.9922583942238068,-0.3234090987769533,-0.40298968363699056,-0.9922583942238068,-0.5480455255195342,-0.9700048872194817,-0.9922583942238068,-0.5595708902748656,-0.9745709319025602,-0.9922583942238068,-0.3349344635322847,-0.4075557283200691,-1.7703453655418182,-0.3234090987769533,-0.40298968363699056,-1.7703453655418182,-0.5480455255195342,-0.9700048872194817,-1.7703453655418182,-0.5595708902748656,-0.9745709319025602,-1.7703453655418182,-0.3349344635322847 0.0062247366
1 -1.1359005250570382,-0.025034230754879705,0.26241608294043484,-1.1540737990936973,-0.025034230754879705,-0.033693068412654154,-1.6540512762430106,-0.025034230754879705,-0.00300766857657378,-1.6358780022063515,-0.025034230754879705,0.29310148277651527,-1.1359005250570382,-0.785238343669864,0.26241608294043484,-1.1540737990936973,-0.785238343669864,-0.033693068412654154,-1.6540512762430106,-0.785238343669864,-0.00300766857657378,-1.6358780022063515,-0.785238343669864,0.29310148277651527 0.012146144
1 -1.3576303702772523,0.2126743764680052,1.839787963030667,-1.3497744142733583,0.2126743764680052,1.5313366407448805,-1.8917495029985045,0.2126743764680052,1.517533060910373,-1.8996054590023985,0.2126743764680052,1.8259843831961595,-1.3576303702772523,-0.2659710654121065,1.839787963030667,-1.3497744142733583,-0.2659710654121065,1.5313366407448805,-1.8917495029985045,-0.2659710654121065,1.517533060910373,-1.8996054590023985,-0.2659710654121065,1.8259843831961595 0.009796138
1 -1.1679166557155112,0.44777762616834643,0.048151976755179376,-1.1417216746574839,0.44777762616834643,-0.3020301315526106,-1.4285799263157388,0.44777762616834643,-0.3234882423191442,-1.4547749073737661,0.44777762616834643,0.026693865988645732,-1.1679166557155112,-0.5155008109923362,0.048151976755179376,-1.1417216746574839,-0.5155008109923362,-0.3020301315526106,-1.4285799263157388,-0.5155008109923362,-0.3234882423191442,-1.4547749073737661,-0.5155008109923362,0.026693865988645732 0.008737378
1 1.3865101106668787,-0.3019302021793461,-0.21670850811148984,1.3934250346106283,-0.3019302021793461,-0.7583682183200233,0.33285834712731077,-0.3019302021793461,-0.7719076007828582,0.3259434231835612,-0.3019302021793461,-0.23024789057432477,1.3865101106668787,-0.6292750108905697,-0.21670850811148984,1.3934250346106283,-0.6292750108905697,-0.7583682183200233,0.33285834712731077,-0.6292750108905697,-0.7719076007828582,0.3259434231835612,-0.6292750108905697,-0.23024789057432477 0.010236884
1 0.22234999864022442,-0.5074923048663711,-0.5252065725015357,0.2377635296760131,-0.5074923048663711,-0.8374391170778696,-0.3114031973354072,-0.5074923048663711,-0.8645490341497705,-0.3268167283711959,-0.5074923048663711,-0.5523164895734366,0.22234999864022442,-1.453337191517296,-0.5252065725015357,0.2377635296760131,-1.453337191517296,-0.8374391170778696,-0.3114031973354072,-1.453337191517296,-0.8645490341497705,-0.3268167283711959,-1.453337191517296,-0.5523164895734366 0.006516466
1 -1.0155676730659007,0.9208889576312065,1.086876341790615,-0.9949174182367905,0.9208889576312065,0.7443731037184866,-1.3802898994896413,0.9208889576312065,0.7211381702714577,-1.4009401543187514,0.9208889576312065,1.0636414083435861,-1.0155676730659007,0.022779169428729984,1.086876341790615,-0.9949174182367905,0.022779169428729984,0.7443731037184866,-1.3802898994896413,0.022779169428729984,0.7211381702714577,-1.4009401543187514,0.022779169428729984,1.0636414083435861 0.0065109343
1 -0.8152464468683094,0.7213544611882592,0.3807103947776482,-0.8181446591379204,0.7213544611882592,0.14493689166851403,-1.4449204366003185,0.7213544611882592,0.15264144381106642,-1.4420222243307075,0.7213544611882592,0.38841494692020057,-0.8152464468683094,-0.14730421351903916,0.3807103947776482,-0.8181446591379204,-0.14730421351903916,0.14493689166851403,-1.4449204366003185,-0.14730421351903916,0.15264144381106642,-1.4420222243307075,-0.14730421351903916,0.38841494692020057 0.006804773
1 0.9178901435689603,0.8116167885314847,0.5737287727840196,0.9091657105573042,0.8116167885314847,0.2513832296323628,0.49719779473975556,0.8116167885314847,0.2625333341114272,0.5059222277514116,0.8116167885314847,0.584878877263084,0.9178901435689603,-0.06238354268187524,0.5737287727840196,0.9091657105573042,-0.06238354268187524,0.2513832296323628,0.49719779473975556,-0.06238354268187524,0.2625333341114272,0.5059222277514116,-0.06238354268187524,0.584878877263084 0.006825075
1 -0.23187062982218604,1.6342350887771606,1.4392211996708169,-0.246657505825225,1.6342350887771606,1.016375770539038,-0.6920641278873172,1.6342350887771606,1.0319516099300132,-0.6772772518842782,1.6342350887771606,1.4547970390617921,-0.23187062982218604,0.46364575152435306,1.4392211996708169,-0.246657505825225,0.46364575152435306,1.016375770539038,-0.6920641278873172,0.46364575152435306,1.0319516099300132,-0.6772772518842782,0.46364575152435306,1.4547970390617921 0.00896926
1 0.7753729129387216,0.6607872610043908,1.2968090745976764,0.7858249664347972,0.6607872610043908,0.9747737731656836,0.36418778652416905,0.6607872610043908,0.961089017672221,0.35373573302809347,0.6607872610043908,1.2831243191042139,0.7753729129387216,-0.20020107078069688,1.2968090745976764,0.7858249664347972,-0.20020107078069688,0.9747737731656836,0.36418778652416905,-0.20020107078069688,0.961089017672221,0.35373573302809347,-0.20020107078069688,1.2831243191042139 0.007786674
1 0.9514563699918697,-0.41952560943847655,1.0099600476009885,0.951482007532688,-0.41952560943847655,0.8082798685709847,0.29888063466969034,-0.41952560943847655,0.8081969100253543,0.29885499712887215,-0.41952560943847655,1.0098770890553581,0.9514563699918697,-1.0334460874151612,1.0099600476009885,0.951482007532688,-1.0334460874151612,0.8082798685709847,0.29888063466969034,-1.0334460874151612,0.8081969100253543,0.29885499712887215,-1.0334460874151612,1.0098770890553581 0.005907905
2 -1.2186353230915241,0.6542098084383273,0.902456483767134,-1.1858424442069015,0.6542098084383273,0.4591088131804454,-2.0967938875713177,0.6542098084383273,0.39172891624202116,-2.1295867664559402,0.6542098084383273,0.8350765868287099,-1.2186353230915241,0.3856102665967679,0.902456483767134,-1.1858424442069015,0.3856102665967679,0.4591088131804454,-2.0967938875713177,0.3856102665967679,0.39172891624202116,-2.1295867664559402,0.3856102665967679,0.8350765868287099 0.015027057
2 0.8876175008079751,-1.057385635649023,0.8987268971270697,0.887355628565003,-1.057385635649023,0.5417149699093444,0.4420818962791221,-1.057385635649023,0.5420415831738337,0.44234376852209406,-1.057385635649023,0.8990535103915589,0.8876175008079751,-1.7197056290757085,0.8987268971270697,0.887355628565003,-1.7197056290757085,0.5417149699093444,0.4420818962791221,-1.7197056290757085,0.5420415831738337,0.44234376852209406,-1.7197056290757085,0.8990535103915589 0.014738234
2 0.08996250136620196,0.8693231781076813,1.033041665115166,0.08603883611108507,0.8693231781076813,0.631397372725126,-0.26944567664391195,0.8693231781076813,0.6348701028444288,-0.26552201138879505,0.8693231781076813,1.0365143952344686,0.08996250136620196,-0.10885839062446595,1.033041665115166,0.08603883611108507,-0.10885839062446595,0.631397372725126,-0.26944567664391195,-0.10885839062446595,0.6348701028444288,-0.26552201138879505,-0.10885839062446595,1.0365143952344686 0.005388661
2 -0.03210970562219154,-0.5470822910714721,0.6564855640125956,-0.021619177772372183,-0.5470822910714721,0.282234346042593,-0.4442968090224313,-0.5470822910714721,0.27038639138214926,-0.4547873368722506,-0.5470822910714721,0.6446376093521519,-0.03210970562219154,-1.4670397182058716,0.6564855640125956,-0.021619177772372183,-1.4670397182058716,0.282234346042593,-0.4442968090224313,-1.4670397182058716,0.27038639138214926,-0.4547873368722506,-1.4670397182058716,0.6446376093521519 0.007863576
2 1.1769789755797675,0.9419485767435456,1.1767837848681884,1.1736238988998628,0.9419485767435456,0.9560904654465865,0.709550708487005,0.9419485767435456,0.9631455097179933,0.7129057851669096,0.9419485767435456,1.1838388291395952,1.1769789755797675,0.04568649930244445,1.1767837848681884,1.1736238988998628,0.04568649930244445,0.9560904654465865,0.709550708487005,0.04568649930244445,0.9631455097179933,0.7129057851669096,0.04568649930244445,1.1838388291395952 0.008787864
2 0.6159415571352349,-0.6678953329969024,-0.15011078306322076,0.6222772370262007,-0.6678953329969024,-0.5255622867346929,0.18716081694160833,-0.6678953329969024,-0.5329048018824579,0.18082513705064254,-0.6678953329969024,-0.1574532982109859,0.6159415571352349,-1.5695216496538544,-0.15011078306322076,0.6222772370262007,-1.5695216496538544,-0.5255622867346929,0.18716081694160833,-1.5695216496538544,-0.5329048018824579,0.18082513705064254,-1.5695216496538544,-0.1574532982109859 0.0049951808
2 -0.4075557283200691,-0.9922583942238068,-0.3234090987769533,-0.40298968363699056,-0.9922583942238068,-0.5480455255195342,-0.9700048872194817,-0.9922583942238068,-0.5595708902748656,-0.9745709319025602,-0.9922583942238068,-0.3349344635322847,-0.4075557283200691,-1.7703453655418182,-0.3234090987769533,-0.40298968363699056,-1.7703453655418182,-0.5480455255195342,-0.9700048872194817,-1.7703453655418182,-0.5595708902748656,-0.9745709319025602,-1.7703453655418182,-0.3349344635322847 0.007535278
2 -1.1359005250570382,-0.025034230754879705,0.26241608294043484,-1.1540737990936973,-0.025034230754879705,-0.033693068412654154,-1.6540512762430106,-0.025034230754879705,-0.00300766857657378,-1.6358780022063515,-0.025034230754879705,0.29310148277651527,-1.1359005250570382,-0.785238343669864,0.26241608294043484,-1.1540737990936973,-0.785238343669864,-0.033693068412654154,-1.6540512762430106,-0.785238343669864,-0.00300766857657378,-1.6358780022063515,-0.785238343669864,0.29310148277651527 0.014795515
2 -1.3576303702772523,0.2126743764680052,1.839787963030667,-1.3497744142733583,0.2126743764680052,1.5313366407448805,-1.8917495029985045,0.2126743764680052,1.517533060910373,-1.8996054590023985,0.2126743764680052,1.8259843831961595,-1.3576303702772523,-0.2659710654121065,1.839787963030667,-1.3497744142733583,-0.2659710654121065,1.5313366407448805,-1.8917495029985045,-0.2659710654121065,1.517533060910373,-1.8996054590023985,-0.2659710654121065,1.8259843831961595 0.012831913
2 -1.1679166557155112,0.44777762616834643,0.048151976755179376,-1.1417216746574839,0.44777762616834643,-0.3020301315526106,-1.4285799263157388,0.44777762616834643,-0.3234882423191442,-1.4547749073737661,0.44777762616834643,0.026693865988645732,-1.1679166557155112,-0.5155008109923362,0.048151976755179376,-1.1417216746574839,-0.5155008109923362,-0.3020301315526106,-1.4285799263157388,-0.5155008109923362,-0.3234882423191442,-1.4547749073737661,-0.5155008109923362,0.026693865988645732 0.012898442
2 1.3865101106668787,-0.3019302021793461,-0.21670850811148984,1.3934250346106283,-0.3019302021793461,-0.7583682183200233,0.33285834712731077,-0.3019302021793461,-0.7719076007828582,0.3259434231835612,-0.3019302021793461,-0.23024789057432477,1.3865101106668787,-0.6292750108905697,-0.21670850811148984,1.3934250346106283,-0.6292750108905697,-0.7583682183200233,0.33285834712731077,-0.6292750108905697,-0.7719076007828582,0.3259434231835612,-0.6292750108905697,-0.23024789057432477 0.008225092
2 0.22234999864022442,-0.5074923048663711,-0.5252065725015357,0.2377635296760131,-0.5074923048663711,-0.8374391170778696,-0.3114031973354072,-0.5074923048663711,-0.8645490341497705,-0.3268167283711959,-0.5074923048663711,-0.5523164895734366,0.22234999864022442,-1.453337191517296,-0.5252065725015357,0.2377635296760131,-1.453337191517296,-0.8374391170778696,-0.3114031973354072,-1.453337191517296,-0.8645490341497705,-0.3268167283711959,-1.453337191517296,-0.5523164895734366 0.01011052
2 -1.0155676730659007,0.9208889576312065,1.086876341790615,-0.9949174182367905,0.9208889576312065,0.7443731037184866,-1.3802898994896413,0.9208889576312065,0.7211381702714577,-1.4009401543187514,0.9208889576312065,1.0636414083435861,-1.0155676730659007,0.022779169428729984,1.086876341790615,-0.9949174182367905,0.022779169428729984,0.7443731037184866,-1.3802898994896413,0.022779169428729984,0.7211381702714577,-1.4009401543187514,0.022779169428729984,1.0636414083435861 0.007977226
2 -0.8152464468683094,0.7213544611882592,0.3807103947776482,-0.8181446591379204,0.7213544611882592,0.14493689166851403,-1.4449204366003185,0.7213544611882592,0.15264144381106642,-1.4420222243307075,0.7213544611882592,0.38841494692020057,-0.8152464468683094,-0.14730421351903916,0.3807103947776482,-0.8181446591379204,-0.14730421351903916,0.14493689166851403,-1.4449204366003185,-0.14730421351903916,0.15264144381106642,-1.4420222243307075,-0.14730421351903916,0.38841494692020057 0.008302565
2 0.9178901435689603,0.8116167885314847,0.5737287727840196,0.9091657105573042,0.8116167885314847,0.2513832296323628,0.49719779473975556,0.8116167885314847,0.2625333341114272,0.5059222277514116,0.8116167885314847,0.584878877263084,0.9178901435689603,-0.06238354268187524,0.5737287727840196,0.9091657105573042,-0.06238354268187524,0.2513832296323628,0.49719779473975556,-0.06238354268187524,0.2625333341114272,0.5059222277514116,-0.06238354268187524,0.584878877263084 0.0056699244
2 -0.23187062982218604,1.6342350887771606,1.4392211996708169,-0.246657505825225,1.6342350887771606,1.016375770539038,-0.6920641278873172,1.6342350887771606,1.0319516099300132,-0.6772772518842782,1.6342350887771606,1.4547970390617921,-0.23187062982218604,0.46364575152435306,1.4392211996708169,-0.246657505825225,0.46364575152435306,1.016375770539038,-0.6920641278873172,0.46364575152435306,1.0319516099300132,-0.6772772518842782,0.46364575152435306,1.4547970390617921 0.012708394
2 0.7753729129387216,0.6607872610043908,1.2968090745976764,0.7858249664347972,0.6607872610043908,0.9747737731656836,0.36418778652416905,0.6607872610043908,0.961089017672221,0.35373573302809347,0.6607872610043908,1.2831243191042139,0.7753729129387216,-0.20020107078069688,1.2968090745976764,0.7858249664347972,-0.20020107078069688,0.9747737731656836,0.36418778652416905,-0.20020107078069688,0.961089017672221,0.35373573302809347,-0.20020107078069688,1.2831243191042139 0.0052859304
2 0.9514563699918697,-0.41952560943847655,1.0099600476009885,0.951482007532688,-0.41952560943847655,0.8082798685709847,0.29888063466969034,-0.41952560943847655,0.8081969100253543,0.29885499712887215,-0.41952560943847655,1.0098770890553581,0.9514563699918697,-1.0334460874151612,1.0099600476009885,0.951482007532688,-1.0334460874151612,0.8082798685709847,0.29888063466969034,-1.0334460874151612,0.8081969100253543,0.29885499712887215,-1.0334460874151612,1.0098770890553581 0.0056298403
3 -1.2186353230915241,0.6542098084383273,0.902456483767134,-1.1858424442069015,0.6542098084383273,0.4591088131804454,-2.0967938875713177,0.6542098084383273,0.39172891624202116,-2.1295867664559402,0.6542098084383273,0.8350765868287099,-1.2186353230915241,0.3856102665967679,0.902456483767134,-1.1858424442069015,0.3856102665967679,0.4591088131804454,-2.0967938875713177,0.3856102665967679,0.39172891624202116,-2.1295867664559402,0.3856102665967679,0.8350765868287099 0.008606016
3 0.8876175008079751,-1.057385635649023,0.8987268971270697,0.887355628565003,-1.057385635649023,0.5417149699093444,0.4420818962791221,-1.057385635649023,0.5420415831738337,0.44234376852209406,-1.057385635649023,0.8990535103915589,0.8876175008079751,-1.7197056290757085,0.8987268971270697,0.887355628565003,-1.7197056290757085,0.5417149699093444,0.4420818962791221,-1.7197056290757085,0.5420415831738337,0.44234376852209406,-1.7197056290757085,0.8990535103915589 0.0064142523
3 0.08996250136620196,0.8693231781076813,1.033041665115166,0.08603883611108507,0.8693231781076813,0.631397372725126,-0.26944567664391195,0.8693231781076813,0.6348701028444288,-0.26552201138879505,0.8693231781076813,1.0365143952344686,0.08996250136620196,-0.10885839062446595,1.033041665115166,0.08603883611108507,-0.10885839062446595,0.631397372725126,-0.26944567664391195,-0.10885839062446595,0.6348701028444288,-0.26552201138879505,-0.10885839062446595,1.0365143952344686 0.0037369835
3 -0.03210970562219154,-0.5470822910714721,0.6564855640125956,-0.021619177772372183,-0.5470822910714721,0.282234346042593,-0.4442968090224313,-0.5470822910714721,0.27038639138214926,-0.4547873368722506,-0.5470822910714721,0.6446376093521519,-0.03210970562219154,-1.4670397182058716,0.6564855640125956,-0.021619177772372183,-1.4670397182058716,0.282234346042593,-0.4442968090224313,-1.4670397182058716,0.27038639138214926,-0.4547873368722506,-1.4670397182058716,0.6446376093521519 0.005501424
3 1.1769789755797675,0.9419485767435456,1.1767837848681884,1.1736238988998628,0.9419485767435456,0.9560904654465865,0.709550708487005,0.9419485767435456,0.9631455097179933,0.7129057851669096,0.9419485767435456,1.1838388291395952,1.1769789755797675,0.04568649930244445,1.1767837848681884,1.1736238988998628,0.04568649930244445,0.9560904654465865,0.709550708487005,0.04568649930244445,0.9631455097179933,0.7129057851669096,0.04568649930244445,1.1838388291395952 0.0053525576
3 0.6159415571352349,-0.6678953329969024,-0.15011078306322076,0.6222772370262007,-0.6678953329969024,-0.5255622867346929,0.18716081694160833,-0.6678953329969024,-0.5329048018824579,0.18082513705064254,-0.6678953329969024,-0.1574532982109859,0.6159415571352349,-1.5695216496538544,-0.15011078306322076,0.6222772370262007,-1.5695216496538544,-0.5255622867346929,0.18716081694160833,-1.5695216496538544,-0.5329048018824579,0.18082513705064254,-1.5695216496538544,-0.1574532982109859 0.004266473
3 -0.4075557283200691,-0.9922583942238068,-0.3234090987769533,-0.40298968363699056,-0.9922583942238068,-0.5480455255195342,-0.9700048872194817,-0.9922583942238068,-0.5595708902748656,-0.9745709319025602,-0.9922583942238068,-0.3349344635322847,-0.4075557283200691,-1.7703453655418182,-0.3234090987769533,-0.40298968363699056,-1.7703453655418182,-0.5480455255195342,-0.9700048872194817,-1.7703453655418182,-0.5595708902748656,-0.9745709319025602,-1.7703453655418182,-0.3349344635322847 0.007166477
3 -1.1359005250570382,-0.025034230754879705,0.26241608294043484,-1.1540737990936973,-0.025034230754879705,-0.033693068412654154,-1.6540512762430106,-0.025034230754879705,-0.00300766857657378,-1.6358780022063515,-0.025034230754879705,0.29310148277651527,-1.1359005250570382,-0.785238343669864,0.26241608294043484,-1.1540737990936973,-0.785238343669864,-0.033693068412654154,-1.6540512762430106,-0.785238343669864,-0.00300766857657378,-1.6358780022063515,-0.785238343669864,0.29310148277651527 0.007480116
3 -1.3576303702772523,0.2126743764680052,1.839787963030667,-1.3497744142733583,0.2126743764680052,1.5313366407448805,-1.8917495029985045,0.2126743764680052,1.517533060910373,-1.8996054590023985,0.2126743764680052,1.8259843831961595,-1.3576303702772523,-0.2659710654121065,1.839787963030667,-1.3497744142733583,-0.2659710654121065,1.5313366407448805,-1.8917495029985045,-0.2659710654121065,1.517533060910373,-1.8996054590023985,-0.2659710654121065,1.8259843831961595 0.009679032
3 -1.1679166557155112,0.44777762616834643,0.048151976755179376,-1.1417216746574839,0.44777762616834643,-0.3020301315526106,-1.4285799263157388,0.44777762616834643,-0.3234882423191442,-1.4547749073737661,0.44777762616834643,0.026693865988645732,-1.1679166557155112,-0.5155008109923362,0.048151976755179376,-1.1417216746574839,-0.5155008109923362,-0.3020301315526106,-1.4285799263157388,-0.5155008109923362,-0.3234882423191442,-1.4547749073737661,-0.5155008109923362,0.026693865988645732 0.007954506
3 1.3865101106668787,-0.3019302021793461,-0.21670850811148984,1.3934250346106283,-0.3019302021793461,-0.7583682183200233,0.33285834712731077,-0.3019302021793461,-0.7719076007828582,0.3259434231835612,-0.3019302021793461,-0.23024789057432477,1.3865101106668787,-0.6292750108905697,-0.21670850811148984,1.3934250346106283,-0.6292750108905697,-0.7583682183200233,0.33285834712731077,-0.6292750108905697,-0.7719076007828582,0.3259434231835612,-0.6292750108905697,-0.23024789057432477 0.0051342444
3 0.22234999864022442,-0.5074923048663711,-0.5252065725015357,0.2377635296760131,-0.5074923048663711,-0.8374391170778696,-0.3114031973354072,-0.5074923048663711,-0.8645490341497705,-0.3268167283711959,-0.5074923048663711,-0.5523164895734366,0.22234999864022442,-1.453337191517296,-0.5252065725015357,0.2377635296760131,-1.453337191517296,-0.8374391170778696,-0.3114031973354072,-1.453337191517296,-0.8645490341497705,-0.3268167283711959,-1.453337191517296,-0.5523164895734366 0.006675702
3 -1.0155676730659007,0.9208889576312065,1.086876341790615,-0.9949174182367905,0.9208889576312065,0.7443731037184866,-1.3802898994896413,0.9208889576312065,0.7211381702714577,-1.4009401543187514,0.9208889576312065,1.0636414083435861,-1.0155676730659007,0.022779169428729984,1.086876341790615,-0.9949174182367905,0.022779169428729984,0.7443731037184866,-1.3802898994896413,0.022779169428729984,0.7211381702714577,-1.4009401543187514,0.022779169428729984,1.0636414083435861 0.0060885376
3 -0.8152464468683094,0.7213544611882592,0.3807103947776482,-0.8181446591379204,0.7213544611882592,0.14493689166851403,-1.4449204366003185,0.7213544611882592,0.15264144381106642,-1.4420222243307075,0.7213544611882592,0.38841494692020057,-0.8152464468683094,-0.14730421351903916,0.3807103947776482,-0.8181446591379204,-0.14730421351903916,0.14493689166851403,-1.4449204366003185,-0.14730421351903916,0.15264144381106642,-1.4420222243307075,-0.14730421351903916,0.38841494692020057 0.008252627
3 0.9178901435689603,0.8116167885314847,0.5737287727840196,0.9091657105573042,0.8116167885314847,0.2513832296323628,0.49719779473975556,0.8116167885314847,0.2625333341114272,0.5059222277514116,0.8116167885314847,0.584878877263084,0.9178901435689603,-0.06238354268187524,0.5737287727840196,0.9091657105573042,-0.06238354268187524,0.2513832296323628,0.49719779473975556,-0.06238354268187524,0.2625333341114272,0.5059222277514116,-0.06238354268187524,0.584878877263084 0.004503676
3 -0.23187062982218604,1.6342350887771606,1.4392211996708169,-0.246657505825225,1.6342350887771606,1.016375770539038,-0.6920641278873172,1.6342350887771606,1.0319516099300132,-0.6772772518842782,1.6342350887771606,1.4547970390617921,-0.23187062982218604,0.46364575152435306,1.4392211996708169,-0.246657505825225,0.46364575152435306,1.016375770539038,-0.6920641278873172,0.46364575152435306,1.0319516099300132,-0.6772772518842782,0.46364575152435306,1.4547970390617921 0.007010125
3 0.7753729129387216,0.6607872610043908,1.2968090745976764,0.7858249664347972,0.6607872610043908,0.9747737731656836,0.36418778652416905,0.6607872610043908,0.961089017672221,0.35373573302809347,0.6607872610043908,1.2831243191042139,0.7753729129387216,-0.20020107078069688,1.2968090745976764,0.7858249664347972,-0.20020107078069688,0.9747737731656836,0.36418778652416905,-0.20020107078069688,0.961089017672221,0.35373573302809347,-0.20020107078069688,1.2831243191042139 0.0048681307
3 0.9514563699918697,-0.41952560943847655,1.0099600476009885,0.951482007532688,-0.41952560943847655,0.8082798685709847,0.29888063466969034,-0.41952560943847655,0.8081969100253543,0.29885499712887215,-0.41952560943847655,1.0098770890553581,0.9514563699918697,-1.0334460874151612,1.0099600476009885,0.951482007532688,-1.0334460874151612,0.8082798685709847,0.29888063466969034,-1.0334460874151612,0.8081969100253543,0.29885499712887215,-1.0334460874151612,1.0098770890553581 0.004505898
4 -1.2186353230915241,0.6542098084383273,0.902456483767134,-1.1858424442069015,0.6542098084383273,0.4591088131804454,-2.0967938875713177,0.6542098084383273,0.39172891624202116,-2.1295867664559402,0.6542098084383273,0.8350765868287099,-1.2186353230915241,0.3856102665967679,0.902456483767134,-1.1858424442069015,0.3856102665967679,0.4591088131804454,-2.0967938875713177,0.3856102665967679,0.39172891624202116,-2.1295867664559402,0.3856102665967679,0.8350765868287099 0.00434498
4 0.8876175008079751,-1.057385635649023,0.8987268971270697,0.887355628565003,-1.057385635649023,0.5417149699093444,0.4420818962791221,-1.057385635649023,0.5420415831738337,0.44234376852209406,-1.057385635649023,0.8990535103915589,0.8876175008079751,-1.7197056290757085,0.8987268971270697,0.887355628565003,-1.7197056290757085,0.5417149699093444,0.4420818962791221,-1.7197056290757085,0.5420415831738337,0.44234376852209406,-1.7197056290757085,0.8990535103915589 0.0051035443
4 0.08996250136620196,0.8693231781076813,1.033041665115166,0.08603883611108507,0.8693231781076813,0.631397372725126,-0.26944567664391195,0.8693231781076813,0.6348701028444288,-0.26552201138879505,0.8693231781076813,1.0365143952344686,0.08996250136620196,-0.10885839062446595,1.033041665115166,0.08603883611108507,-0.10885839062446595,0.631397372725126,-0.26944567664391195,-0.10885839062446595,0.6348701028444288,-0.26552201138879505,-0.10885839062446595,1.0365143952344686 0.0028493756
4 -0.03210970562219154,-0.5470822910714721,0.6564855640125956,-0.021619177772372183,-0.5470822910714721,0.282234346042593,-0.4442968090224313,-0.5470822910714721,0.27038639138214926,-0.4547873368722506,-0.5470822910714721,0.6446376093521519,-0.03210970562219154,-1.4670397182058716,0.6564855640125956,-0.021619177772372183,-1.4670397182058716,0.282234346042593,-0.4442968090224313,-1.4670397182058716,0.27038639138214926,-0.4547873368722506,-1.4670397182058716,0.6446376093521519 0.00418211
4 1.1769789755797675,0.9419485767435456,1.1767837848681884,1.1736238988998628,0.9419485767435456,0.9560904654465865,0.709550708487005,0.9419485767435456,0.9631455097179933,0.7129057851669096,0.9419485767435456,1.1838388291395952,1.1769789755797675,0.04568649930244445,1.1767837848681884,1.1736238988998628,0.04568649930244445,0.9560904654465865,0.709550708487005,0.04568649930244445,0.9631455097179933,0.7129057851669096,0.04568649930244445,1.1838388291395952 0.004682245
4 0.6159415571352349,-0.6678953329969024,-0.15011078306322076,0.6222772370262007,-0.6678953329969024,-0.5255622867346929,0.18716081694160833,-0.6678953329969024,-0.5329048018824579,0.18082513705064254,-0.6678953329969024,-0.1574532982109859,0.6159415571352349,-1.5695216496538544,-0.15011078306322076,0.6222772370262007,-1.5695216496538544,-0.5255622867346929,0.18716081694160833,-1.5695216496538544,-0.5329048018824579,0.18082513705064254,-1.5695216496538544,-0.1574532982109859 0.0036612956
4 -0.4075557283200691,-0.9922583942238068,-0.3234090987769533,-0.40298968363699056,-0.9922583942238068,-0.5480455255195342,-0.9700048872194817,-0.9922583942238068,-0.5595708902748656,-0.9745709319025602,-0.9922583942238068,-0.3349344635322847,-0.4075557283200691,-1.7703453655418182,-0.3234090987769533,-0.40298968363699056,-1.7703453655418182,-0.5480455255195342,-0.9700048872194817,-1.7703453655418182,-0.5595708902748656,-0.9745709319025602,-1.7703453655418182,-0.3349344635322847 0.0047481116
4 -1.1359005250570382,-0.025034230754879705,0.26241608294043484,-1.1540737990936973,-0.025034230754879705,-0.033693068412654154,-1.6540512762430106,-0.025034230754879705,-0.00300766857657378,-1.6358780022063515,-0.025034230754879705,0.29310148277651527,-1.1359005250570382,-0.785238343669864,0.26241608294043484,-1.1540737990936973,-0.785238343669864,-0.033693068412654154,-1.6540512762430106,-0.785238343669864,-0.00300766857657378,-1.6358780022063515,-0.785238343669864,0.29310148277651527 0.005677128
4 -1.3576303702772523,0.2126743764680052,1.839787963030667,-1.3497744142733583,0.2126743764680052,1.5313366407448805,-1.8917495029985045,0.2126743764680052,1.517533060910373,-1.8996054590023985,0.2126743764680052,1.8259843831961595,-1.3576303702772523,-0.2659710654121065,1.839787963030667,-1.3497744142733583,-0.2659710654121065,1.5313366407448805,-1.8917495029985045,-0.2659710654121065,1.517533060910373,-1.8996054590023985,-0.2659710654121065,1.8259843831961595 0.005162942
4 -1.1679166557155112,0.44777762616834643,0.048151976755179376,-1.1417216746574839,0.44777762616834643,-0.3020301315526106,-1.4285799263157388,0.44777762616834643,-0.3234882423191442,-1.4547749073737661,0.44777762616834643,0.026693865988645732,-1.1679166557155112,-0.5155008109923362,0.048151976755179376,-1.1417216746574839,-0.5155008109923362,-0.3020301315526106,-1.4285799263157388,-0.5155008109923362,-0.3234882423191442,-1.4547749073737661,-0.5155008109923362,0.026693865988645732 0.004589633
4 1.3865101106668787,-0.3019302021793461,-0.21670850811148984,1.3934250346106283,-0.3019302021793461,-0.7583682183200233,0.33285834712731077,-0.3019302021793461,-0.7719076007828582,0.3259434231835612,-0.3019302021793461,-0.23024789057432477,1.3865101106668787,-0.6292750108905697,-0.21670850811148984,1.3934250346106283,-0.6292750108905697,-0.7583682183200233,0.33285834712731077,-0.6292750108905697,-0.7719076007828582,0.3259434231835612,-0.6292750108905697,-0.23024789057432477 0.003009572
4 0.22234999864022442,-0.5074923048663711,-0.5252065725015357,0.2377635296760131,-0.5074923048663711,-0.8374391170778696,-0.3114031973354072,-0.5074923048663711,-0.8645490341497705,-0.3268167283711959,-0.5074923048663711,-0.5523164895734366,0.22234999864022442,-1.453337191517296,-0.5252065725015357,0.2377635296760131,-1.453337191517296,-0.8374391170778696,-0.3114031973354072,-1.453337191517296,-0.8645490341497705,-0.3268167283711959,-1.453337191517296,-0.5523164895734366 0.00409779
4 -1.0155676730659007,0.9208889576312065,1.086876341790615,-0.9949174182367905,0.9208889576312065,0.7443731037184866,-1.3802898994896413,0.9208889576312065,0.7211381702714577,-1.4009401543187514,0.9208889576312065,1.0636414083435861,-1.0155676730659007,0.022779169428729984,1.086876341790615,-0.9949174182367905,0.022779169428729984,0.7443731037184866,-1.3802898994896413,0.022779169428729984,0.7211381702714577,-1.4009401543187514,0.022779169428729984,1.0636414083435861 0.0044448846
4 -0.8152464468683094,0.7213544611882592,0.3807103947776482,-0.8181446591379204,0.7213544611882592,0.14493689166851403,-1.4449204366003185,0.7213544611882592,0.15264144381106642,-1.4420222243307075,0.7213544611882592,0.38841494692020057,-0.8152464468683094,-0.14730421351903916,0.3807103947776482,-0.8181446591379204,-0.14730421351903916,0.14493689166851403,-1.4449204366003185,-0.14730421351903916,0.15264144381106642,-1.4420222243307075,-0.14730421351903916,0.38841494692020057 0.0046494235
4 0.9178901435689603,0.8116167885314847,0.5737287727840196,0.9091657105573042,0.8116167885314847,0.2513832296323628,0.49719779473975556,0.8116167885314847,0.2625333341114272,0.5059222277514116,0.8116167885314847,0.584878877263084,0.9178901435689603,-0.06238354268187524,0.5737287727840196,0.9091657105573042,-0.06238354268187524,0.2513832296323628,0.49719779473975556,-0.06238354268187524,0.2625333341114272,0.5059222277514116,-0.06238354268187524,0.584878877263084 0.0032524993
4 -0.23187062982218604,1.6342350887771606,1.4392211996708169,-0.246657505825225,1.6342350887771606,1.016375770539038,-0.6920641278873172,1.6342350887771606,1.0319516099300132,-0.6772772518842782,1.6342350887771606,1.4547970390617921,-0.23187062982218604,0.46364575152435306,1.4392211996708169,-0.246657505825225,0.46364575152435306,1.016375770539038,-0.6920641278873172,0.46364575152435306,1.0319516099300132,-0.6772772518842782,0.46364575152435306,1.4547970390617921 0.003868253
4 0.7753729129387216,0.6607872610043908,1.2968090745976764,0.7858249664347972,0.6607872610043908,0.9747737731656836,0.36418778652416905,0.6607872610043908,0.961089017672221,0.35373573302809347,0.6607872610043908,1.2831243191042139,0.7753729129387216,-0.20020107078069688,1.2968090745976764,0.7858249664347972,-0.20020107078069688,0.9747737731656836,0.36418778652416905,-0.20020107078069688,0.961089017672221,0.35373573302809347,-0.20020107078069688,1.2831243191042139 0.0035965468
4 0.9514563699918697,-0.41952560943847655,1.0099600476009885,0.951482007532688,-0.41952560943847655,0.8082798685709847,0.29888063466969034,-0.41952560943847655,0.8081969100253543,0.29885499712887215,-0.41952560943847655,1.0098770890553581,0.9514563699918697,-1.0334460874151612,1.0099600476009885,0.951482007532688,-1.0334460874151612,0.8082798685709847,0.29888063466969034,-1.0334460874151612,0.8081969100253543,0.29885499712887215,-1.0334460874151612,1.0098770890553581 0.002951262
5 -1.2186353230915241,0.6542098084383273,0.902456483767134,-1.1858424442069015,0.6542098084383273,0.4591088131804454,-2.0967938875713177,0.6542098084383273,0.39172891624202116,-2.1295867664559402,0.6542098084383273,0.8350765868287099,-1.2186353230915241,0.3856102665967679,0.902456483767134,-1.1858424442069015,0.3856102665967679,0.4591088131804454,-2.0967938875713177,0.3856102665967679,0.39172891624202116,-2.1295867664559402,0.3856102665967679,0.8350765868287099 0.01037735
5 0.8876175008079751,-1.057385635649023,0.8987268971270697,0.887355628565003,-1.057385635649023,0.5417149699093444,0.4420818962791221,-1.057385635649023,0.5420415831738337,0.44234376852209406,-1.057385635649023,0.8990535103915589,0.8876175008079751,-1.7197056290757085,0.8987268971270697,0.887355628565003,-1.7197056290757085,0.5417149699093444,0.4420818962791221,-1.7197056290757085,0.5420415831738337,0.44234376852209406,-1.7197056290757085,0.8990535103915589 0.011388962
5 0.08996250136620196,0.8693231781076813,1.033041665115166,0.08603883611108507,0.8693231781076813,0.631397372725126,-0.26944567664391195,0.8693231781076813,0.6348701028444288,-0.26552201138879505,0.8693231781076813,1.0365143952344686,0.08996250136620196,-0.10885839062446595,1.033041665115166,0.08603883611108507,-0.10885839062446595,0.631397372725126,-0.26944567664391195,-0.10885839062446595,0.6348701028444288,-0.26552201138879505,-0.10885839062446595,1.0365143952344686 0.009268052
5 -0.03210970562219154,-0.5470822910714721,0.6564855640125956,-0.021619177772372183,-0.5470822910714721,0.282234346042593,-0.4442968090224313,-0.5470822910714721,0.27038639138214926,-0.4547873368722506,-0.5470822910714721,0.6446376093521519,-0.03210970562219154,-1.4670397182058716,0.6564855640125956,-0.021619177772372183,-1.4670397182058716,0.282234346042593,-0.4442968090224313,-1.4670397182058716,0.27038639138214926,-0.4547873368722506,-1.4670397182058716,0.6446376093521519 0.0132788755
5 1.1769789755797675,0.9419485767435456,1.1767837848681884,1.1736238988998628,0.9419485767435456,0.9560904654465865,0.709550708487005,0.9419485767435456,0.9631455097179933,0.7129057851669096,0.9419485767435456,1.1838388291395952,1.1769789755797675,0.04568649930244445,1.1767837848681884,1.1736238988998628,0.04568649930244445,0.9560904654465865,0.709550708487005,0.04568649930244445,0.9631455097179933,0.7129057851669096,0.04568649930244445,1.1838388291395952 0.011692889
5 0.6159415571352349,-0.6678953329969024,-0.15011078306322076,0.6222772370262007,-0.6678953329969024,-0.5255622867346929,0.18716081694160833,-0.6678953329969024,-0.5329048018824579,0.18082513705064254,-0.6678953329969024,-0.1574532982109859,0.6159415571352349,-1.5695216496538544,-0.15011078306322076,0.6222772370262007,-1.5695216496538544,-0.5255622867346929,0.18716081694160833,-1.5695216496538544,-0.5329048018824579,0.18082513705064254,-1.5695216496538544,-0.1574532982109859 0.009850353
5 -0.4075557283200691,-0.9922583942238068,-0.3234090987769533,-0.40298968363699056,-0.9922583942238068,-0.5480455255195342,-0.9700048872194817,-0.9922583942238068,-0.5595708902748656,-0.9745709319025602,-0.9922583942238068,-0.3349344635322847,-0.4075557283200691,-1.7703453655418182,-0.3234090987769533,-0.40298968363699056,-1.7703453655418182,-0.5480455255195342,-0.9700048872194817,-1.7703453655418182,-0.5595708902748656,-0.9745709319025602,-1.7703453655418182,-0.3349344635322847 0.010110744
5 -1.1359005250570382,-0.025034230754879705,0.26241608294043484,-1.1540737990936973,-0.025034230754879705,-0.033693068412654154,-1.6540512762430106,-0.025034230754879705,-0.00300766857657378,-1.6358780022063515,-0.025034230754879705,0.29310148277651527,-1.1359005250570382,-0.785238343669864,0.26241608294043484,-1.1540737990936973,-0.785238343669864,-0.033693068412654154,-1.6540512762430106,-0.785238343669864,-0.00300766857657378,-1.6358780022063515,-0.785238343669864,0.29310148277651527 0.013961158
5 -1.3576303702772523,0.2126743764680052,1.839787963030667,-1.3497744142733583,0.2126743764680052,1.5313366407448805,-1.8917495029985045,0.2126743764680052,1.517533060910373,-1.8996054590023985,0.2126743764680052,1.8259843831961595,-1.3576303702772523,-0.2659710654121065,1.839787963030667,-1.3497744142733583,-0.2659710654121065,1.5313366407448805,-1.8917495029985045,-0.2659710654121065,1.517533060910373,-1.8996054590023985,-0.2659710654121065,1.8259843831961595 0.012382995
5 -1.1679166557155112,0.44777762616834643,0.048151976755179376,-1.1417216746574839,0.44777762616834643,-0.3020301315526106,-1.4285799263157388,0.44777762616834643,-0.3234882423191442,-1.4547749073737661,0.44777762616834643,0.026693865988645732,-1.1679166557155112,-0.5155008109923362,0.048151976755179376,-1.1417216746574839,-0.5155008109923362,-0.3020301315526106,-1.4285799263157388,-0.5155008109923362,-0.3234882423191442,-1.4547749073737661,-0.5155008109923362,0.026693865988645732 0.009595964
5 1.3865101106668787,-0.3019302021793461,-0.21670850811148984,1.3934250346106283,-0.3019302021793461,-0.7583682183200233,0.33285834712731077,-0.3019302021793461,-0.7719076007828582,0.3259434231835612,-0.3019302021793461,-0.23024789057432477,1.3865101106668787,-0.6292750108905697,-0.21670850811148984,1.3934250346106283,-0.6292750108905697,-0.7583682183200233,0.33285834712731077,-0.6292750108905697,-0.7719076007828582,0.3259434231835612,-0.6292750108905697,-0.23024789057432477 0.013127041
5 0.22234999864022442,-0.5074923048663711,-0.5252065725015357,0.2377635296760131,-0.5074923048663711,-0.8374391170778696,-0.3114031973354072,-0.5074923048663711,-0.8645490341497705,-0.3268167283711959,-0.5074923048663711,-0.5523164895734366,0.22234999864022442,-1.453337191517296,-0.5252065725015357,0.2377635296760131,-1.453337191517296,-0.8374391170778696,-0.3114031973354072,-1.453337191517296,-0.8645490341497705,-0.3268167283711959,-1.453337191517296,-0.5523164895734366 0.011272576
5 -1.0155676730659007,0.9208889576312065,1.086876341790615,-0.9949174182367905,0.9208889576312065,0.7443731037184866,-1.3802898994896413,0.9208889576312065,0.7211381702714577,-1.4009401543187514,0.9208889576312065,1.0636414083435861,-1.0155676730659007,0.022779169428729984,1.086876341790615,-0.9949174182367905,0.022779169428729984,0.7443731037184866,-1.3802898994896413,0.022779169428729984,0.7211381702714577,-1.4009401543187514,0.022779169428729984,1.0636414083435861 0.011264211
5 -0.8152464468683094,0.7213544611882592,0.3807103947776482,-0.8181446591379204,0.7213544611882592,0.14493689166851403,-1.4449204366003185,0.7213544611882592,0.15264144381106642,-1.4420222243307075,0.7213544611882592,0.38841494692020057,-0.8152464468683094,-0.14730421351903916,0.3807103947776482,-0.8181446591379204,-0.14730421351903916,0.14493689166851403,-1.4449204366003185,-0.14730421351903916,0.15264144381106642,-1.4420222243307075,-0.14730421351903916,0.38841494692020057 0.011803099
5 0.9178901435689603,0.8116167885314847,0.5737287727840196,0.9091657105573042,0.8116167885314847,0.2513832296323628,0.49719779473975556,0.8116167885314847,0.2625333341114272,0.5059222277514116,0.8116167885314847,0.584878877263084,0.9178901435689603,-0.06238354268187524,0.5737287727840196,0.9091657105573042,-0.06238354268187524,0.2513832296323628,0.49719779473975556,-0.06238354268187524,0.2625333341114272,0.5059222277514116,-0.06238354268187524,0.584878877263084 0.011473186
5 -0.23187062982218604,1.6342350887771606,1.4392211996708169,-0.246657505825225,1.6342350887771606,1.016375770539038,-0.6920641278873172,1.6342350887771606,1.0319516099300132,-0.6772772518842782,1.6342350887771606,1.4547970390617921,-0.23187062982218604,0.46364575152435306,1.4392211996708169,-0.246657505825225,0.46364575152435306,1.016375770539038,-0.6920641278873172,0.46364575152435306,1.0319516099300132,-0.6772772518842782,0.46364575152435306,1.4547970390617921 0.008788933
5 0.7753729129387216,0.6607872610043908,1.2968090745976764,0.7858249664347972,0.6607872610043908,0.9747737731656836,0.36418778652416905,0.6607872610043908,0.961089017672221,0.35373573302809347,0.6607872610043908,1.2831243191042139,0.7753729129387216,-0.20020107078069688,1.2968090745976764,0.7858249664347972,-0.20020107078069688,0.9747737731656836,0.36418778652416905,-0.20020107078069688,0.961089017672221,0.35373573302809347,-0.20020107078069688,1.2831243191042139 0.009844272
5 0.9514563699918697,-0.41952560943847655,1.0099600476009885,0.951482007532688,-0.41952560943847655,0.8082798685709847,0.29888063466969034,-0.41952560943847655,0.8081969100253543,0.29885499712887215,-0.41952560943847655,1.0098770890553581,0.9514563699918697,-1.0334460874151612,1.0099600476009885,0.951482007532688,-1.0334460874151612,0.8082798685709847,0.29888063466969034,-1.0334460874151612,0.8081969100253543,0.29885499712887215,-1.0334460874151612,1.0098770890553581 0.010160715
6 -1.2186353230915241,0.6542098084383273,0.902456483767134,-1.1858424442069015,0.6542098084383273,0.4591088131804454,-2.0967938875713177,0.6542098084383273,0.39172891624202116,-2.1295867664559402,0.6542098084383273,0.8350765868287099,-1.2186353230915241,0.3856102665967679,0.902456483767134,-1.1858424442069015,0.3856102665967679,0.4591088131804454,-2.0967938875713177,0.3856102665967679,0.39172891624202116,-2.1295867664559402,0.3856102665967679,0.8350765868287099 0.0050660865
6 0.8876175008079751,-1.057385635649023,0.8987268971270697,0.887355628565003,-1.057385635649023,0.5417149699093444,0.4420818962791221,-1.057385635649023,0.5420415831738337,0.44234376852209406,-1.057385635649023,0.8990535103915589,0.8876175008079751,-1.7197056290757085,0.8987268971270697,0.887355628565003,-1.7197056290757085,0.5417149699093444,0.4420818962791221,-1.7197056290757085,0.5420415831738337,0.44234376852209406,-1.7197056290757085,0.8990535103915589 0.004698361
6 0.08996250136620196,0.8693231781076813,1.033041665115166,0.08603883611108507,0.8693231781076813,0.631397372725126,-0.26944567664391195,0.8693231781076813,0.6348701028444288,-0.26552201138879505,0.8693231781076813,1.0365143952344686,0.08996250136620196,-0.10885839062446595,1.033041665115166,0.08603883611108507,-0.10885839062446595,0.631397372725126,-0.26944567664391195,-0.10885839062446595,0.6348701028444288,-0.26552201138879505,-0.10885839062446595,1.0365143952344686 0.0037415975
6 -0.03210970562219154,-0.5470822910714721,0.6564855640125956,-0.021619177772372183,-0.5470822910714721,0.282234346042593,-0.4442968090224313,-0.5470822910714721,0.27038639138214926,-0.4547873368722506,-0.5470822910714721,0.6446376093521519,-0.03210970562219154,-1.4670397182058716,0.6564855640125956,-0.021619177772372183,-1.4670397182058716,0.282234346042593,-0.4442968090224313,-1.4670397182058716,0.27038639138214926,-0.4547873368722506,-1.4670397182058716,0.6446376093521519 0.0040348386
6 1.1769789755797675,0.9419485767435456,1.1767837848681884,1.1736238988998628,0.9419485767435456,0.9560904654465865,0.709550708487005,0.9419485767435456,0.9631455097179933,0.7129057851669096,0.9419485767435456,1.1838388291395952,1.1769789755797675,0.04568649930244445,1.1767837848681884,1.1736238988998628,0.04568649930244445,0.9560904654465865,0.709550708487005,0.04568649930244445,0.9631455097179933,0.7129057851669096,0.04568649930244445,1.1838388291395952 0.008896876
6 0.6159415571352349,-0.6678953329969024,-0.15011078306322076,0.6222772370262007,-0.6678953329969024,-0.5255622867346929,0.18716081694160833,-0.6678953329969024,-0.5329048018824579,0.18082513705064254,-0.6678953329969024,-0.1574532982109859,0.6159415571352349,-1.5695216496538544,-0.15011078306322076,0.6222772370262007,-1.5695216496538544,-0.5255622867346929,0.18716081694160833,-1.5695216496538544,-0.5329048018824579,0.18082513705064254,-1.5695216496538544,-0.1574532982109859 0.0040725414
6 -0.4075557283200691,-0.9922583942238068,-0.3234090987769533,-0.40298968363699056,-0.9922583942238068,-0.5480455255195342,-0.9700048872194817,-0.9922583942238068,-0.5595708902748656,-0.9745709319025602,-0.9922583942238068,-0.3349344635322847,-0.4075557283200691,-1.7703453655418182,-0.3234090987769533,-0.40298968363699056,-1.7703453655418182,-0.5480455255195342,-0.9700048872194817,-1.7703453655418182,-0.5595708902748656,-0.9745709319025602,-1.7703453655418182,-0.3349344635322847 0.0055272393
6 -1.1359005250570382,-0.025034230754879705,0.26241608294043484,-1.1540737990936973,-0.025034230754879705,-0.033693068412654154,-1.6540512762430106,-0.025034230754879705,-0.00300766857657378,-1.6358780022063515,-0.025034230754879705,0.29310148277651527,-1.1359005250570382,-0.785238343669864,0.26241608294043484,-1.1540737990936973,-0.785238343669864,-0.033693068412654154,-1.6540512762430106,-0.785238343669864,-0.00300766857657378,-1.6358780022063515,-0.785238343669864,0.29310148277651527 0.00482278
6 -1.3576303702772523,0.2126743764680052,1.839787963030667,-1.3497744142733583,0.2126743764680052,1.5313366407448805,-1.8917495029985045,0.2126743764680052,1.517533060910373,-1.8996054590023985,0.2126743764680052,1.8259843831961595,-1.3576303702772523,-0.2659710654121065,1.839787963030667,-1.3497744142733583,-0.2659710654121065,1.5313366407448805,-1.8917495029985045,-0.2659710654121065,1.517533060910373,-1.8996054590023985,-0.2659710654121065,1.8259843831961595 0.004470381
6 -1.1679166557155112,0.44777762616834643,0.048151976755179376,-1.1417216746574839,0.44777762616834643,-0.3020301315526106,-1.4285799263157388,0.44777762616834643,-0.3234882423191442,-1.4547749073737661,0.44777762616834643,0.026693865988645732,-1.1679166557155112,-0.5155008109923362,0.048151976755179376,-1.1417216746574839,-0.5155008109923362,-0.3020301315526106,-1.4285799263157388,-0.5155008109923362,-0.3234882423191442,-1.4547749073737661,-0.5155008109923362,0.026693865988645732 0.004517766
6 1.3865101106668787,-0.3019302021793461,-0.21670850811148984,1.3934250346106283,-0.3019302021793461,-0.7583682183200233,0.33285834712731077,-0.3019302021793461,-0.7719076007828582,0.3259434231835612,-0.3019302021793461,-0.23024789057432477,1.3865101106668787,-0.6292750108905697,-0.21670850811148984,1.3934250346106283,-0.6292750108905697,-0.7583682183200233,0.33285834712731077,-0.6292750108905697,-0.7719076007828582,0.3259434231835612,-0.6292750108905697,-0.23024789057432477 0.0041763345
6 0.22234999864022442,-0.5074923048663711,-0.5252065725015357,0.2377635296760131,-0.5074923048663711,-0.8374391170778696,-0.3114031973354072,-0.5074923048663711,-0.8645490341497705,-0.3268167283711959,-0.5074923048663711,-0.5523164895734366,0.22234999864022442,-1.453337191517296,-0.5252065725015357,0.2377635296760131,-1.453337191517296,-0.8374391170778696,-0.3114031973354072,-1.453337191517296,-0.8645490341497705,-0.3268167283711959,-1.453337191517296,-0.5523164895734366 0.004377998
6 -1.0155676730659007,0.9208889576312065,1.086876341790615,-0.9949174182367905,0.9208889576312065,0.7443731037184866,-1.3802898994896413,0.9208889576312065,0.7211381702714577,-1.4009401543187514,0.9208889576312065,1.0636414083435861,-1.0155676730659007,0.022779169428729984,1.086876341790615,-0.9949174182367905,0.022779169428729984,0.7443731037184866,-1.3802898994896413,0.022779169428729984,0.7211381702714577,-1.4009401543187514,0.022779169428729984,1.0636414083435861 0.0062625143
6 -0.8152464468683094,0.7213544611882592,0.3807103947776482,-0.8181446591379204,0.7213544611882592,0.14493689166851403,-1.4449204366003185,0.7213544611882592,0.15264144381106642,-1.4420222243307075,0.7213544611882592,0.38841494692020057,-0.8152464468683094,-0.14730421351903916,0.3807103947776482,-0.8181446591379204,-0.14730421351903916,0.14493689166851403,-1.4449204366003185,-0.14730421351903916,0.15264144381106642,-1.4420222243307075,-0.14730421351903916,0.38841494692020057 0.004588743
6 0.9178901435689603,0.8116167885314847,0.5737287727840196,0.9091657105573042,0.8116167885314847,0.2513832296323628,0.49719779473975556,0.8116167885314847,0.2625333341114272,0.5059222277514116,0.8116167885314847,0.584878877263084,0.9178901435689603,-0.06238354268187524,0.5737287727840196,0.9091657105573042,-0.06238354268187524,0.2513832296323628,0.49719779473975556,-0.06238354268187524,0.2625333341114272,0.5059222277514116,-0.06238354268187524,0.584878877263084 0.006449044
6 -0.23187062982218604,1.6342350887771606,1.4392211996708169,-0.246657505825225,1.6342350887771606,1.016375770539038,-0.6920641278873172,1.6342350887771606,1.0319516099300132,-0.6772772518842782,1.6342350887771606,1.4547970390617921,-0.23187062982218604,0.46364575152435306,1.4392211996708169,-0.246657505825225,0.46364575152435306,1.016375770539038,-0.6920641278873172,0.46364575152435306,1.0319516099300132,-0.6772772518842782,0.46364575152435306,1.4547970390617921 0.0051337685
6 0.7753729129387216,0.6607872610043908,1.2968090745976764,0.7858249664347972,0.6607872610043908,0.9747737731656836,0.36418778652416905,0.6607872610043908,0.961089017672221,0.35373573302809347,0.6607872610043908,1.2831243191042139,0.7753729129387216,-0.20020107078069688,1.2968090745976764,0.7858249664347972,-0.20020107078069688,0.9747737731656836,0.36418778652416905,-0.20020107078069688,0.961089017672221,0.35373573302809347,-0.20020107078069688,1.2831243191042139 0.005589758
6 0.9514563699918697,-0.41952560943847655,1.0099600476009885,0.951482007532688,-0.41952560943847655,0.8082798685709847,0.29888063466969034,-0.41952560943847655,0.8081969100253543,0.29885499712887215,-0.41952560943847655,1.0098770890553581,0.9514563699918697,-1.0334460874151612,1.0099600476009885,0.951482007532688,-1.0334460874151612,0.8082798685709847,0.29888063466969034,-1.0334460874151612,0.8081969100253543,0.29885499712887215,-1.0334460874151612,1.0098770890553581 0.004382318
7 -1.2186353230915241,0.6542098084383273,0.902456483767134,-1.1858424442069015,0.6542098084383273,0.4591088131804454,-2.0967938875713177,0.6542098084383273,0.39172891624202116,-2.1295867664559402,0.6542098084383273,0.8350765868287099,-1.2186353230915241,0.3856102665967679,0.902456483767134,-1.1858424442069015,0.3856102665967679,0.4591088131804454,-2.0967938875713177,0.3856102665967679,0.39172891624202116,-2.1295867664559402,0.3856102665967679,0.8350765868287099 0.0030601164
7 0.8876175008079751,-1.057385635649023,0.8987268971270697,0.887355628565003,-1.057385635649023,0.5417149699093444,0.4420818962791221,-1.057385635649023,0.5420415831738337,0.44234376852209406,-1.057385635649023,0.8990535103915589,0.8876175008079751,-1.7197056290757085,0.8987268971270697,0.887355628565003,-1.7197056290757085,0.5417149699093444,0.4420818962791221,-1.7197056290757085,0.5420415831738337,0.44234376852209406,-1.7197056290757085,0.8990535103915589 0.003326863
7 0.08996250136620196,0.8693231781076813,1.033041665115166,0.08603883611108507,0.8693231781076813,0.631397372725126,-0.26944567664391195,0.8693231781076813,0.6348701028444288,-0.26552201138879505,0.8693231781076813,1.0365143952344686,0.08996250136620196,-0.10885839062446595,1.033041665115166,0.08603883611108507,-0.10885839062446595,0.631397372725126,-0.26944567664391195,-0.10885839062446595,0.6348701028444288,-0.26552201138879505,-0.10885839062446595,1.0365143952344686 0.001527321
7 -0.03210970562219154,-0.5470822910714721,0.6564855640125956,-0.021619177772372183,-0.5470822910714721,0.282234346042593,-0.4442968090224313,-0.5470822910714721,0.27038639138214926,-0.4547873368722506,-0.5470822910714721,0.6446376093521519,-0.03210970562219154,-1.4670397182058716,0.6564855640125956,-0.021619177772372183,-1.4670397182058716,0.282234346042593,-0.4442968090224313,-1.4670397182058716,0.27038639138214926,-0.4547873368722506,-1.4670397182058716,0.6446376093521519 0.0015278918
7 1.1769789755797675,0.9419485767435456,1.1767837848681884,1.1736238988998628,0.9419485767435456,0.9560904654465865,0.709550708487005,0.9419485767435456,0.9631455097179933,0.7129057851669096,0.9419485767435456,1.1838388291395952,1.1769789755797675,0.04568649930244445,1.1767837848681884,1.1736238988998628,0.04568649930244445,0.9560904654465865,0.709550708487005,0.04568649930244445,0.9631455097179933,0.7129057851669096,0.04568649930244445,1.1838388291395952 0.002262712
7 0.6159415571352349,-0.6678953329969024,-0.15011078306322076,0.6222772370262007,-0.6678953329969024,-0.5255622867346929,0.18716081694160833,-0.6678953329969024,-0.5329048018824579,0.18082513705064254,-0.6678953329969024,-0.1574532982109859,0.6159415571352349,-1.5695216496538544,-0.15011078306322076,0.6222772370262007,-1.5695216496538544,-0.5255622867346929,0.18716081694160833,-1.5695216496538544,-0.5329048018824579,0.18082513705064254,-1.5695216496538544,-0.1574532982109859 0.0011783966
7 -0.4075557283200691,-0.9922583942238068,-0.3234090987769533,-0.40298968363699056,-0.9922583942238068,-0.5480455255195342,-0.9700048872194817,-0.9922583942238068,-0.5595708902748656,-0.9745709319025602,-0.9922583942238068,-0.3349344635322847,-0.4075557283200691,-1.7703453655418182,-0.3234090987769533,-0.40298968363699056,-1.7703453655418182,-0.5480455255195342,-0.9700048872194817,-1.7703453655418182,-0.5595708902748656,-0.9745709319025602,-1.7703453655418182,-0.3349344635322847 0.0024168594
7 -1.1359005250570382,-0.025034230754879705,0.26241608294043484,-1.1540737990936973,-0.025034230754879705,-0.033693068412654154,-1.6540512762430106,-0.025034230754879705,-0.00300766857657378,-1.6358780022063515,-0.025034230754879705,0.29310148277651527,-1.1359005250570382,-0.785238343669864,0.26241608294043484,-1.1540737990936973,-0.785238343669864,-0.033693068412654154,-1.6540512762430106,-0.785238343669864,-0.00300766857657378,-1.6358780022063515,-0.785238343669864,0.29310148277651527 0.002451072
7 -1.3576303702772523,0.2126743764680052,1.839787963030667,-1.3497744142733583,0.2126743764680052,1.5313366407448805,-1.8917495029985045,0.2126743764680052,1.517533060910373,-1.8996054590023985,0.2126743764680052,1.8259843831961595,-1.3576303702772523,-0.2659710654121065,1.839787963030667,-1.3497744142733583,-0.2659710654121065,1.5313366407448805,-1.8917495029985045,-0.2659710654121065,1.517533060910373,-1.8996054590023985,-0.2659710654121065,1.8259843831961595 0.002176487
7 -1.1679166557155112,0.44777762616834643,0.048151976755179376,-1.1417216746574839,0.44777762616834643,-0.3020301315526106,-1.4285799263157388,0.44777762616834643,-0.3234882423191442,-1.4547749073737661,0.44777762616834643,0.026693865988645732,-1.1679166557155112,-0.5155008109923362,0.048151976755179376,-1.1417216746574839,-0.5155008109923362,-0.3020301315526106,-1.4285799263157388,-0.5155008109923362,-0.3234882423191442,-1.4547749073737661,-0.5155008109923362,0.026693865988645732 0.0025717951
7 1.3865101106668787,-0.3019302021793461,-0.21670850811148984,1.3934250346106283,-0.3019302021793461,-0.7583682183200233,0.33285834712731077,-0.3019302021793461,-0.7719076007828582,0.3259434231835612,-0.3019302021793461,-0.23024789057432477,1.3865101106668787,-0.6292750108905697,-0.21670850811148984,1.3934250346106283,-0.6292750108905697,-0.7583682183200233,0.33285834712731077,-0.6292750108905697,-0.7719076007828582,0.3259434231835612,-0.6292750108905697,-0.23024789057432477 0.0024031491
7 0.22234999864022442,-0.5074923048663711,-0.5252065725015357,0.2377635296760131,-0.5074923048663711,-0.8374391170778696,-0.3114031973354072,-0.5074923048663711,-0.8645490341497705,-0.3268167283711959,-0.5074923048663711,-0.5523164895734366,0.22234999864022442,-1.453337191517296,-0.5252065725015357,0.2377635296760131,-1.453337191517296,-0.8374391170778696,-0.3114031973354072,-1.453337191517296,-0.8645490341497705,-0.3268167283711959,-1.453337191517296,-0.5523164895734366 0.0019019009
7 -1.0155676730659007,0.9208889576312065,1.086876341790615,-0.9949174182367905,0.9208889576312065,0.7443731037184866,-1.3802898994896413,0.9208889576312065,0.7211381702714577,-1.4009401543187514,0.9208889576312065,1.0636414083435861,-1.0155676730659007,0.022779169428729984,1.086876341790615,-0.9949174182367905,0.022779169428729984,0.7443731037184866,-1.3802898994896413,0.022779169428729984,0.7211381702714577,-1.4009401543187514,0.022779169428729984,1.0636414083435861 0.0021370081
7 -0.8152464468683094,0.7213544611882592,0.3807103947776482,-0.8181446591379204,0.7213544611882592,0.14493689166851403,-1.4449204366003185,0.7213544611882592,0.15264144381106642,-1.4420222243307075,0.7213544611882592,0.38841494692020057,-0.8152464468683094,-0.14730421351903916,0.3807103947776482,-0.8181446591379204,-0.14730421351903916,0.14493689166851403,-1.4449204366003185,-0.14730421351903916,0.15264144381106642,-1.4420222243307075,-0.14730421351903916,0.38841494692020057 0.0024911016
7 0.9178901435689603,0.8116167885314847,0.5737287727840196,0.9091657105573042,0.8116167885314847,0.2513832296323628,0.49719779473975556,0.8116167885314847,0.2625333341114272,0.5059222277514116,0.8116167885314847,0.584878877263084,0.9178901435689603,-0.06238354268187524,0.5737287727840196,0.9091657105573042,-0.06238354268187524,0.2513832296323628,0.49719779473975556,-0.06238354268187524,0.2625333341114272,0.5059222277514116,-0.06238354268187524,0.584878877263084 0.0025822655
7 -0.23187062982218604,1.6342350887771606,1.4392211996708169,-0.246657505825225,1.6342350887771606,1.016375770539038,-0.6920641278873172,1.6342350887771606,1.0319516099300132,-0.6772772518842782,1.6342350887771606,1.4547970390617921,-0.23187062982218604,0.46364575152435306,1.4392211996708169,-0.246657505825225,0.46364575152435306,1.016375770539038,-0.6920641278873172,0.46364575152435306,1.0319516099300132,-0.6772772518842782,0.46364575152435306,1.4547970390617921 0.0022808507
7 0.7753729129387216,0.6607872610043908,1.2968090745976764,0.7858249664347972,0.6607872610043908,0.9747737731656836,0.36418778652416905,0.6607872610043908,0.961089017672221,0.35373573302809347,0.6607872610043908,1.2831243191042139,0.7753729129387216,-0.20020107078069688,1.2968090745976764,0.7858249664347972,-0.20020107078069688,0.9747737731656836,0.36418778652416905,-0.20020107078069688,0.961089017672221,0.35373573302809347,-0.20020107078069688,1.2831243191042139 0.0022153335
7 0.9514563699918697,-0.41952560943847655,1.0099600476009885,0.951482007532688,-0.41952560943847655,0.8082798685709847,0.29888063466969034,-0.41952560943847655,0.8081969100253543,0.29885499712887215,-0.41952560943847655,1.0098770890553581,0.9514563699918697,-1.0334460874151612,1.0099600476009885,0.951482007532688,-1.0334460874151612,0.8082798685709847,0.29888063466969034,-1.0334460874151612,0.8081969100253543,0.29885499712887215,-1.0334460874151612,1.0098770890553581 0.0016409477
8 -1.2186353230915241,0.6542098084383273,0.902456483767134,-1.1858424442069015,0.6542098084383273,0.4591088131804454,-2.0967938875713177,0.6542098084383273,0.39172891624202116,-2.1295867664559402,0.6542098084383273,0.8350765868287099,-1.2186353230915241,0.3856102665967679,0.902456483767134,-1.1858424442069015,0.3856102665967679,0.4591088131804454,-2.0967938875713177,0.3856102665967679,0.39172891624202116,-2.1295867664559402,0.3856102665967679,0.8350765868287099 0.0061036316
8 0.8876175008079751,-1.057385635649023,0.8987268971270697,0.887355628565003,-1.057385635649023,0.5417149699093444,0.4420818962791221,-1.057385635649023,0.5420415831738337,0.44234376852209406,-1.057385635649023,0.8990535103915589,0.8876175008079751,-1.7197056290757085,0.8987268971270697,0.887355628565003,-1.7197056290757085,0.5417149699093444,0.4420818962791221,-1.7197056290757085,0.5420415831738337,0.44234376852209406,-1.7197056290757085,0.8990535103915589 0.004087928
8 0.08996250136620196,0.8693231781076813,1.033041665115166,0.08603883611108507,0.8693231781076813,0.631397372725126,-0.26944567664391195,0.8693231781076813,0.6348701028444288,-0.26552201138879505,0.8693231781076813,1.0365143952344686,0.08996250136620196,-0.10885839062446595,1.033041665115166,0.08603883611108507,-0.10885839062446595,0.631397372725126,-0.26944567664391195,-0.10885839062446595,0.6348701028444288,-0.26552201138879505,-0.10885839062446595,1.0365143952344686 0.0035536173
8 -0.03210970562219154,-0.5470822910714721,0.6564855640125956,-0.021619177772372183,-0.5470822910714721,0.282234346042593,-0.4442968090224313,-0.5470822910714721,0.27038639138214926,-0.4547873368722506,-0.5470822910714721,0.6446376093521519,-0.03210970562219154,-1.4670397182058716,0.6564855640125956,-0.021619177772372183,-1.4670397182058716,0.282234346042593,-0.4442968090224313,-1.4670397182058716,0.27038639138214926,-0.4547873368722506,-1.4670397182058716,0.6446376093521519 0.003890929
8 1.1769789755797675,0.9419485767435456,1.1767837848681884,1.1736238988998628,0.9419485767435456,0.9560904654465865,0.709550708487005,0.9419485767435456,0.9631455097179933,0.7129057851669096,0.9419485767435456,1.1838388291395952,1.1769789755797675,0.04568649930244445,1.1767837848681884,1.1736238988998628,0.04568649930244445,0.9560904654465865,0.709550708487005,0.04568649930244445,0.9631455097179933,0.7129057851669096,0.04568649930244445,1.1838388291395952 0.005026782
8 0.6159415571352349,-0.6678953329969024,-0.15011078306322076,0.6222772370262007,-0.6678953329969024,-0.5255622867346929,0.18716081694160833,-0.6678953329969024,-0.5329048018824579,0.18082513705064254,-0.6678953329969024,-0.1574532982109859,0.6159415571352349,-1.5695216496538544,-0.15011078306322076,0.6222772370262007,-1.5695216496538544,-0.5255622867346929,0.18716081694160833,-1.5695216496538544,-0.5329048018824579,0.18082513705064254,-1.5695216496538544,-0.1574532982109859 0.0035156896
8 -0.4075557283200691,-0.9922583942238068,-0.3234090987769533,-0.40298968363699056,-0.9922583942238068,-0.5480455255195342,-0.9700048872194817,-0.9922583942238068,-0.5595708902748656,-0.9745709319025602,-0.9922583942238068,-0.3349344635322847,-0.4075557283200691,-1.7703453655418182,-0.3234090987769533,-0.40298968363699056,-1.7703453655418182,-0.5480455255195342,-0.9700048872194817,-1.7703453655418182,-0.5595708902748656,-0.9745709319025602,-1.7703453655418182,-0.3349344635322847 0.004872623
8 -1.1359005250570382,-0.025034230754879705,0.26241608294043484,-1.1540737990936973,-0.025034230754879705,-0.033693068412654154,-1.6540512762430106,-0.025034230754879705,-0.00300766857657378,-1.6358780022063515,-0.025034230754879705,0.29310148277651527,-1.1359005250570382,-0.785238343669864,0.26241608294043484,-1.1540737990936973,-0.785238343669864,-0.033693068412654154,-1.6540512762430106,-0.785238343669864,-0.00300766857657378,-1.6358780022063515,-0.785238343669864,0.29310148277651527 0.0051495107
8 -1.3576303702772523,0.2126743764680052,1.839787963030667,-1.3497744142733583,0.2126743764680052,1.5313366407448805,-1.8917495029985045,0.2126743764680052,1.517533060910373,-1.8996054590023985,0.2126743764680052,1.8259843831961595,-1.3576303702772523,-0.2659710654121065,1.839787963030667,-1.3497744142733583,-0.2659710654121065,1.5313366407448805,-1.8917495029985045,-0.2659710654121065,1.517533060910373,-1.8996054590023985,-0.2659710654121065,1.8259843831961595 0.0058102035
8 -1.1679166557155112,0.44777762616834643,0.048151976755179376,-1.1417216746574839,0.44777762616834643,-0.3020301315526106,-1.4285799263157388,0.44777762616834643,-0.3234882423191442,-1.4547749073737661,0.44777762616834643,0.026693865988645732,-1.1679166557155112,-0.5155008109923362,0.048151976755179376,-1.1417216746574839,-0.5155008109923362,-0.3020301315526106,-1.4285799263157388,-0.5155008109923362,-0.3234882423191442,-1.4547749073737661,-0.5155008109923362,0.026693865988645732 0.0051723467
8 1.3865101106668787,-0.3019302021793461,-0.21670850811148984,1.3934250346106283,-0.3019302021793461,-0.7583682183200233,0.33285834712731077,-0.3019302021793461,-0.7719076007828582,0.3259434231835612,-0.3019302021793461,-0.23024789057432477,1.3865101106668787,-0.6292750108905697,-0.21670850811148984,1.3934250346106283,-0.6292750108905697,-0.7583682183200233,0.33285834712731077,-0.6292750108905697,-0.7719076007828582,0.3259434231835612,-0.6292750108905697,-0.23024789057432477 0.005876852
8 0.22234999864022442,-0.5074923048663711,-0.5252065725015357,0.2377635296760131,-0.5074923048663711,-0.8374391170778696,-0.3114031973354072,-0.5074923048663711,-0.8645490341497705,-0.3268167283711959,-0.5074923048663711,-0.5523164895734366,0.22234999864022442,-1.453337191517296,-0.5252065725015357,0.2377635296760131,-1.453337191517296,-0.8374391170778696,-0.3114031973354072,-1.453337191517296,-0.8645490341497705,-0.3268167283711959,-1.453337191517296,-0.5523164895734366 0.0048904433
8 -1.0155676730659007,0.9208889576312065,1.086876341790615,-0.9949174182367905,0.9208889576312065,0.7443731037184866,-1.3802898994896413,0.9208889576312065,0.7211381702714577,-1.4009401543187514,0.9208889576312065,1.0636414083435861,-1.0155676730659007,0.022779169428729984,1.086876341790615,-0.9949174182367905,0.022779169428729984,0.7443731037184866,-1.3802898994896413,0.022779169428729984,0.7211381702714577,-1.4009401543187514,0.022779169428729984,1.0636414083435861 0.0054951934
8 -0.8152464468683094,0.7213544611882592,0.3807103947776482,-0.8181446591379204,0.7213544611882592,0.14493689166851403,-1.4449204366003185,0.7213544611882592,0.15264144381106642,-1.4420222243307075,0.7213544611882592,0.38841494692020057,-0.8152464468683094,-0.14730421351903916,0.3807103947776482,-0.8181446591379204,-0.14730421351903916,0.14493689166851403,-1.4449204366003185,-0.14730421351903916,0.15264144381106642,-1.4420222243307075,-0.14730421351903916,0.38841494692020057 0.006125666
8 0.9178901435689603,0.8116167885314847,0.5737287727840196,0.9091657105573042,0.8116167885314847,0.2513832296323628,0.49719779473975556,0.8116167885314847,0.2625333341114272,0.5059222277514116,0.8116167885314847,0.584878877263084,0.9178901435689603,-0.06238354268187524,0.5737287727840196,0.9091657105573042,-0.06238354268187524,0.2513832296323628,0.49719779473975556,-0.06238354268187524,0.2625333341114272,0.5059222277514116,-0.06238354268187524,0.584878877263084 0.0033864232
8 -0.23187062982218604,1.6342350887771606,1.4392211996708169,-0.246657505825225,1.6342350887771606,1.016375770539038,-0.6920641278873172,1.6342350887771606,1.0319516099300132,-0.6772772518842782,1.6342350887771606,1.4547970390617921,-0.23187062982218604,0.46364575152435306,1.4392211996708169,-0.246657505825225,0.46364575152435306,1.016375770539038,-0.6920641278873172,0.46364575152435306,1.0319516099300132,-0.6772772518842782,0.46364575152435306,1.4547970390617921 0.004493579
8 0.7753729129387216,0.6607872610043908,1.2968090745976764,0.7858249664347972,0.6607872610043908,0.9747737731656836,0.36418778652416905,0.6607872610043908,0.961089017672221,0.35373573302809347,0.6607872610043908,1.2831243191042139,0.7753729129387216,-0.20020107078069688,1.2968090745976764,0.7858249664347972,-0.20020107078069688,0.9747737731656836,0.36418778652416905,-0.20020107078069688,0.961089017672221,0.35373573302809347,-0.20020107078069688,1.2831243191042139 0.0034339887
8 0.9514563699918697,-0.41952560943847655,1.0099600476009885,0.951482007532688,-0.41952560943847655,0.8082798685709847,0.29888063466969034,-0.41952560943847655,0.8081969100253543,0.29885499712887215,-0.41952560943847655,1.0098770890553581,0.9514563699918697,-1.0334460874151612,1.0099600476009885,0.951482007532688,-1.0334460874151612,0.8082798685709847,0.29888063466969034,-1.0334460874151612,0.8081969100253543,0.29885499712887215,-1.0334460874151612,1.0098770890553581 0.0035854608
9 -1.2186353230915241,0.6542098084383273,0.902456483767134,-1.1858424442069015,0.6542098084383273,0.4591088131804454,-2.0967938875713177,0.6542098084383273,0.39172891624202116,-2.1295867664559402,0.6542098084383273,0.8350765868287099,-1.2186353230915241,0.3856102665967679,0.902456483767134,-1.1858424442069015,0.3856102665967679,0.4591088131804454,-2.0967938875713177,0.3856102665967679,0.39172891624202116,-2.1295867664559402,0.3856102665967679,0.8350765868287099 0.012740717
9 0.8876175008079751,-1.057385635649023,0.8987268971270697,0.887355628565003,-1.057385635649023,0.5417149699093444,0.4420818962791221,-1.057385635649023,0.5420415831738337,0.44234376852209406,-1.057385635649023,0.8990535103915589,0.8876175008079751,-1.7197056290757085,0.8987268971270697,0.887355628565003,-1.7197056290757085,0.5417149699093444,0.4420818962791221,-1.7197056290757085,0.5420415831738337,0.44234376852209406,-1.7197056290757085,0.8990535103915589 0.008593333
9 0.08996250136620196,0.8693231781076813,1.033041665115166,0.08603883611108507,0.8693231781076813,0.631397372725126,-0.26944567664391195,0.8693231781076813,0.6348701028444288,-0.26552201138879505,0.8693231781076813,1.0365143952344686,0.08996250136620196,-0.10885839062446595,1.033041665115166,0.08603883611108507,-0.10885839062446595,0.631397372725126,-0.26944567664391195,-0.10885839062446595,0.6348701028444288,-0.26552201138879505,-0.10885839062446595,1.0365143952344686 0.0057661966
9 -0.03210970562219154,-0.5470822910714721,0.6564855640125956,-0.021619177772372183,-0.5470822910714721,0.282234346042593,-0.4442968090224313,-0.5470822910714721,0.27038639138214926,-0.4547873368722506,-0.5470822910714721,0.6446376093521519,-0.03210970562219154,-1.4670397182058716,0.6564855640125956,-0.021619177772372183,-1.4670397182058716,0.282234346042593,-0.4442968090224313,-1.4670397182058716,0.27038639138214926,-0.4547873368722506,-1.4670397182058716,0.6446376093521519 0.0082236985
9 1.1769789755797675,0.9419485767435456,1.1767837848681884,1.1736238988998628,0.9419485767435456,0.9560904654465865,0.709550708487005,0.9419485767435456,0.9631455097179933,0.7129057851669096,0.9419485767435456,1.1838388291395952,1.1769789755797675,0.04568649930244445,1.1767837848681884,1.1736238988998628,0.04568649930244445,0.9560904654465865,0.709550708487005,0.04568649930244445,0.9631455097179933,0.7129057851669096,0.04568649930244445,1.1838388291395952 0.008378388
9 0.6159415571352349,-0.6678953329969024,-0.15011078306322076,0.6222772370262007,-0.6678953329969024,-0.5255622867346929,0.18716081694160833,-0.6678953329969024,-0.5329048018824579,0.18082513705064254,-0.6678953329969024,-0.1574532982109859,0.6159415571352349,-1.5695216496538544,-0.15011078306322076,0.6222772370262007,-1.5695216496538544,-0.5255622867346929,0.18716081694160833,-1.5695216496538544,-0.5329048018824579,0.18082513705064254,-1.5695216496538544,-0.1574532982109859 0.00808615
9 -0.4075557283200691,-0.9922583942238068,-0.3234090987769533,-0.40298968363699056,-0.9922583942238068,-0.5480455255195342,-0.9700048872194817,-0.9922583942238068,-0.5595708902748656,-0.9745709319025602,-0.9922583942238068,-0.3349344635322847,-0.4075557283200691,-1.7703453655418182,-0.3234090987769533,-0.40298968363699056,-1.7703453655418182,-0.5480455255195342,-0.9700048872194817,-1.7703453655418182,-0.5595708902748656,-0.9745709319025602,-1.7703453655418182,-0.3349344635322847 0.008951241
9 -1.1359005250570382,-0.025034230754879705,0.26241608294043484,-1.1540737990936973,-0.025034230754879705,-0.033693068412654154,-1.6540512762430106,-0.025034230754879705,-0.00300766857657378,-1.6358780022063515,-0.025034230754879705,0.29310148277651527,-1.1359005250570382,-0.785238343669864,0.26241608294043484,-1.1540737990936973,-0.785238343669864,-0.033693068412654154,-1.6540512762430106,-0.785238343669864,-0.00300766857657378,-1.6358780022063515,-0.785238343669864,0.29310148277651527 0.013885766
9 -1.3576303702772523,0.2126743764680052,1.839787963030667,-1.3497744142733583,0.2126743764680052,1.5313366407448805,-1.8917495029985045,0.2126743764680052,1.517533060910373,-1.8996054590023985,0.2126743764680052,1.8259843831961595,-1.3576303702772523,-0.2659710654121065,1.839787963030667,-1.3497744142733583,-0.2659710654121065,1.5313366407448805,-1.8917495029985045,-0.2659710654121065,1.517533060910373,-1.8996054590023985,-0.2659710654121065,1.8259843831961595 0.011422732
9 -1.1679166557155112,0.44777762616834643,0.048151976755179376,-1.1417216746574839,0.44777762616834643,-0.3020301315526106,-1.4285799263157388,0.44777762616834643,-0.3234882423191442,-1.4547749073737661,0.44777762616834643,0.026693865988645732,-1.1679166557155112,-0.5155008109923362,0.048151976755179376,-1.1417216746574839,-0.5155008109923362,-0.3020301315526106,-1.4285799263157388,-0.5155008109923362,-0.3234882423191442,-1.4547749073737661,-0.5155008109923362,0.026693865988645732 0.01196739
9 1.3865101106668787,-0.3019302021793461,-0.21670850811148984,1.3934250346106283,-0.3019302021793461,-0.7583682183200233,0.33285834712731077,-0.3019302021793461,-0.7719076007828582,0.3259434231835612,-0.3019302021793461,-0.23024789057432477,1.3865101106668787,-0.6292750108905697,-0.21670850811148984,1.3934250346106283,-0.6292750108905697,-0.7583682183200233,0.33285834712731077,-0.6292750108905697,-0.7719076007828582,0.3259434231835612,-0.6292750108905697,-0.23024789057432477 0.007135449
9 0.22234999864022442,-0.5074923048663711,-0.5252065725015357,0.2377635296760131,-0.5074923048663711,-0.8374391170778696,-0.3114031973354072,-0.5074923048663711,-0.8645490341497705,-0.3268167283711959,-0.5074923048663711,-0.5523164895734366,0.22234999864022442,-1.453337191517296,-0.5252065725015357,0.2377635296760131,-1.453337191517296,-0.8374391170778696,-0.3114031973354072,-1.453337191517296,-0.8645490341497705,-0.3268167283711959,-1.453337191517296,-0.5523164895734366 0.013979554
9 -1.0155676730659007,0.9208889576312065,1.086876341790615,-0.9949174182367905,0.9208889576312065,0.7443731037184866,-1.3802898994896413,0.9208889576312065,0.7211381702714577,-1.4009401543187514,0.9208889576312065,1.0636414083435861,-1.0155676730659007,0.022779169428729984,1.086876341790615,-0.9949174182367905,0.022779169428729984,0.7443731037184866,-1.3802898994896413,0.022779169428729984,0.7211381702714577,-1.4009401543187514,0.022779169428729984,1.0636414083435861 0.0100092385
9 -0.8152464468683094,0.7213544611882592,0.3807103947776482,-0.8181446591379204,0.7213544611882592,0.14493689166851403,-1.4449204366003185,0.7213544611882592,0.15264144381106642,-1.4420222243307075,0.7213544611882592,0.38841494692020057,-0.8152464468683094,-0.14730421351903916,0.3807103947776482,-0.8181446591379204,-0.14730421351903916,0.14493689166851403,-1.4449204366003185,-0.14730421351903916,0.15264144381106642,-1.4420222243307075,-0.14730421351903916,0.38841494692020057 0.0105067
9 0.9178901435689603,0.8116167885314847,0.5737287727840196,0.9091657105573042,0.8116167885314847,0.2513832296323628,0.49719779473975556,0.8116167885314847,0.2625333341114272,0.5059222277514116,0.8116167885314847,0.584878877263084,0.9178901435689603,-0.06238354268187524,0.5737287727840196,0.9091657105573042,-0.06238354268187524,0.2513832296323628,0.49719779473975556,-0.06238354268187524,0.2625333341114272,0.5059222277514116,-0.06238354268187524,0.584878877263084 0.0073763477
9 -0.23187062982218604,1.6342350887771606,1.4392211996708169,-0.246657505825225,1.6342350887771606,1.016375770539038,-0.6920641278873172,1.6342350887771606,1.0319516099300132,-0.6772772518842782,1.6342350887771606,1.4547970390617921,-0.23187062982218604,0.46364575152435306,1.4392211996708169,-0.246657505825225,0.46364575152435306,1.016375770539038,-0.6920641278873172,0.46364575152435306,1.0319516099300132,-0.6772772518842782,0.46364575152435306,1.4547970390617921 0.008109555
9 0.7753729129387216,0.6607872610043908,1.2968090745976764,0.7858249664347972,0.6607872610043908,0.9747737731656836,0.36418778652416905,0.6607872610043908,0.961089017672221,0.35373573302809347,0.6607872610043908,1.2831243191042139,0.7753729129387216,-0.20020107078069688,1.2968090745976764,0.7858249664347972,-0.20020107078069688,0.9747737731656836,0.36418778652416905,-0.20020107078069688,0.961089017672221,0.35373573302809347,-0.20020107078069688,1.2831243191042139 0.0072418028
9 0.9514563699918697,-0.41952560943847655,1.0099600476009885,0.951482007532688,-0.41952560943847655,0.8082798685709847,0.29888063466969034,-0.41952560943847655,0.8081969100253543,0.29885499712887215,-0.41952560943847655,1.0098770890553581,0.9514563699918697,-1.0334460874151612,1.0099600476009885,0.951482007532688,-1.0334460874151612,0.8082798685709847,0.29888063466969034,-1.0334460874151612,0.8081969100253543,0.29885499712887215,-1.0334460874151612,1.0098770890553581 0.0080529
