0 2.259612209290445,-1.3443044136214828,0.18886122325862587,2.2601178851210215,-1.3443044136214828,-0.028522188943970614,1.4950686626730558,-1.3443044136214828,-0.030301841296803356,1.4945629868424795,-1.3443044136214828,0.18708157090579314,2.259612209290445,-2.198960213835182,0.18886122325862587,2.2601178851210215,-2.198960213835182,-0.028522188943970614,1.4950686626730558,-2.198960213835182,-0.030301841296803356,1.4945629868424795,-2.198960213835182,0.18708157090579314 0.0063868403
0 -0.4144220780906823,-0.1337212165180683,1.8264925197691464,-0.40340693945978895,-0.1337212165180683,1.466499016227403,-0.7432250547828528,-0.1337212165180683,1.45610120734267,-0.7542401934137462,-0.1337212165180683,1.8160947108844134,-0.4144220780906823,-0.9375254074748516,1.8264925197691464,-0.40340693945978895,-0.9375254074748516,1.466499016227403,-0.7432250547828528,-0.9375254074748516,1.45610120734267,-0.7542401934137462,-0.9375254074748516,1.8160947108844134 0.00587443
0 -0.3642433457459594,-0.03896845792716502,0.11581043195630261,-0.3508546952247368,-0.03896845792716502,-0.33633650655019975,-0.8290679879103516,-0.03896845792716502,-0.35049701523686594,-0.8424566384315743,-0.03896845792716502,0.10164992326963643,-0.3642433457459594,-0.7480978229146624,0.11581043195630261,-0.3508546952247368,-0.7480978229146624,-0.33633650655019975,-0.8290679879103516,-0.7480978229146624,-0.35049701523686594,-0.8424566384315743,-0.7480978229146624,0.10164992326963643 0.008577557
0 0.8197980946498126,-0.4085990703601217,0.9802923327381243,0.8338872265649391,-0.4085990703601217,0.5524784684688628,0.33807529745528997,-0.4085990703601217,0.5361499661510358,0.32398616554016346,-0.4085990703601217,0.9639638304202973,0.8197980946498126,-1.1131313526135111,0.9802923327381243,0.8338872265649391,-1.1131313526135111,0.5524784684688628,0.33807529745528997,-1.1131313526135111,0.5361499661510358,0.32398616554016346,-1.1131313526135111,0.9639638304202973 0.009386221
0 -1.7176939854462923,-0.10402427622413396,-0.5501248607353575,-1.7034642210517597,-0.10402427622413396,-0.894283115166534,-2.1408117404143034,-0.10402427622413396,-0.9123659363074892,-2.1550415048088363,-0.10402427622413396,-0.5682076818763127,-1.7176939854462923,-0.8243975787487055,-0.5501248607353575,-1.7034642210517597,-0.8243975787487055,-0.894283115166534,-2.1408117404143034,-0.8243975787487055,-0.9123659363074892,-2.1550415048088363,-0.8243975787487055,-0.5682076818763127 0.00695633
0 1.4362787454386783,-1.2389222244668578,-0.5205472210050536,1.4368605358532693,-1.2389222244668578,-0.751286786098305,0.7250288278798032,-1.2389222244668578,-0.7530816099046754,0.7244470374652121,-1.2389222244668578,-0.522342044811424,1.4362787454386783,-2.1257149119924925,-0.5205472210050536,1.4368605358532693,-2.1257149119924925,-0.751286786098305,0.7250288278798032,-2.1257149119924925,-0.7530816099046754,0.7244470374652121,-2.1257149119924925,-0.522342044811424 0.0065277405
0 -0.09647135907381735,-1.0411715554941272,1.5023880678206873,-0.11181841836644371,-1.0411715554941272,1.0307444316684131,-0.5659796697500352,-1.0411715554941272,1.0455226224869298,-0.5506326104574089,-1.0411715554941272,1.517166258639204,-0.09647135907381735,-1.8175709200155163,1.5023880678206873,-0.11181841836644371,-1.8175709200155163,1.0307444316684131,-0.5659796697500352,-1.8175709200155163,1.0455226224869298,-0.5506326104574089,-1.8175709200155163,1.517166258639204 0.008216697
0 1.0630181008682846,-0.8611388011772012,-0.04052590972147979,1.068395356198455,-0.8611388011772012,-0.4377943122043658,0.4444916075362564,-0.8611388011772012,-0.446239206731691,0.4391143522060862,-0.8611388011772012,-0.04897080424880498,1.0630181008682846,-1.5909149841468955,-0.04052590972147979,1.068395356198455,-1.5909149841468955,-0.4377943122043658,0.4444916075362564,-1.5909149841468955,-0.446239206731691,0.4391143522060862,-1.5909149841468955,-0.04897080424880498 0.005791114
0 -0.37132852888590423,-0.2584484602261162,0.7551229071136161,-0.36204315970628537,-0.2584484602261162,0.4897182234867351,-0.9019932188939419,-0.2584484602261162,0.4708276916031197,-0.9112785880735608,-0.2584484602261162,0.7362323752300007,-0.37132852888590423,-1.137721440668049,0.7551229071136161,-0.36204315970628537,-1.137721440668049,0.4897182234867351,-0.9019932188939419,-1.137721440668049,0.4708276916031197,-0.9112785880735608,-1.137721440668049,0.7362323752300007 0.009632347
0 0.08685924661794034,-0.7061021710682487,-0.19193172475317044,0.08826925461871168,-0.7061021710682487,-0.6543027989670769,-0.34952517402806604,-0.7061021710682487,-0.6556378600933261,-0.35093518202883744,-0.7061021710682487,-0.19326678587941967,0.08685924661794034,-1.5467836474131966,-0.19193172475317044,0.08826925461871168,-1.5467836474131966,-0.6543027989670769,-0.34952517402806604,-1.5467836474131966,-0.6556378600933261,-0.35093518202883744,-1.5467836474131966,-0.19326678587941967 0.008024503
0 0.2923468961014865,-0.35429578376298904,1.2438449903246565,0.306332913722794,-0.35429578376298904,0.813509905477413,-0.08910724656726104,-0.35429578376298904,0.8006579832318621,-0.10309326418856851,-0.35429578376298904,1.2309930680791055,0.2923468961014865,-1.2768227522324944,1.2438449903246565,0.306332913722794,-1.2768227522324944,0.813509905477413,-0.08910724656726104,-1.2768227522324944,0.8006579832318621,-0.10309326418856851,-1.2768227522324944,1.2309930680791055 0.0056035863
0 -1.2723956248517525,0.7547909383725548,-0.2701305244726764,-1.27445420084461,0.7547909383725548,-0.5152725712071644,-1.7258064606432426,0.7547909383725548,-0.5114823486047162,-1.723747884650385,0.7547909383725548,-0.2663403018702282,-1.2723956248517525,-0.16018370437139512,-0.2701305244726764,-1.27445420084461,-0.16018370437139512,-0.5152725712071644,-1.7258064606432426,-0.16018370437139512,-0.5114823486047162,-1.723747884650385,-0.16018370437139512,-0.2663403018702282 0.009041426
0 0.42584785351533194,-1.8055857206631278,0.7108116878870786,0.43135299928996546,-1.8055857206631278,0.383824625340196,0.04543793668966989,-1.8055857206631278,0.3773273692723452,0.039932790915036376,-1.8055857206631278,0.7043144318192278,0.42584785351533194,-2.3962170098971747,0.7108116878870786,0.43135299928996546,-2.3962170098971747,0.383824625340196,0.04543793668966989,-2.3962170098971747,0.3773273692723452,0.039932790915036376,-2.3962170098971747,0.7043144318192278 0.006417701
0 -0.2897984344674615,0.4008451578270817,-1.0499687197908187,-0.28855752425068953,0.4008451578270817,-1.431077249507658,-0.9056065719412298,0.4008451578270817,-1.433086394955275,-0.9068474821580019,0.4008451578270817,-1.0519778652384357,-0.2897984344674615,-0.2703735855471516,-1.0499687197908187,-0.28855752425068953,-0.2703735855471516,-1.431077249507658,-0.9056065719412298,-0.2703735855471516,-1.433086394955275,-0.9068474821580019,-0.2703735855471516,-1.0519778652384357 0.0042970157
1 2.259612209290445,-1.3443044136214828,0.18886122325862587,2.2601178851210215,-1.3443044136214828,-0.028522188943970614,1.4950686626730558,-1.3443044136214828,-0.030301841296803356,1.4945629868424795,-1.3443044136214828,0.18708157090579314,2.259612209290445,-2.198960213835182,0.18886122325862587,2.2601178851210215,-2.198960213835182,-0.028522188943970614,1.4950686626730558,-2.198960213835182,-0.030301841296803356,1.4945629868424795,-2.198960213835182,0.18708157090579314 0.005389723
1 -0.4144220780906823,-0.1337212165180683,1.8264925197691464,-0.40340693945978895,-0.1337212165180683,1.466499016227403,-0.7432250547828528,-0.1337212165180683,1.45610120734267,-0.7542401934137462,-0.1337212165180683,1.8160947108844134,-0.4144220780906823,-0.9375254074748516,1.8264925197691464,-0.40340693945978895,-0.9375254074748516,1.466499016227403,-0.7432250547828528,-0.9375254074748516,1.45610120734267,-0.7542401934137462,-0.9375254074748516,1.8160947108844134 0.008127008
1 -0.3642433457459594,-0.03896845792716502,0.11581043195630261,-0.3508546952247368,-0.03896845792716502,-0.33633650655019975,-0.8290679879103516,-0.03896845792716502,-0.35049701523686594,-0.8424566384315743,-0.03896845792716502,0.10164992326963643,-0.3642433457459594,-0.7480978229146624,0.11581043195630261,-0.3508546952247368,-0.7480978229146624,-0.33633650655019975,-0.8290679879103516,-0.7480978229146624,-0.35049701523686594,-0.8424566384315743,-0.7480978229146624,0.10164992326963643 0.01021386
1 0.8197980946498126,-0.4085990703601217,0.9802923327381243,0.8338872265649391,-0.4085990703601217,0.5524784684688628,0.33807529745528997,-0.4085990703601217,0.5361499661510358,0.32398616554016346,-0.4085990703601217,0.9639638304202973,0.8197980946498126,-1.1131313526135111,0.9802923327381243,0.8338872265649391,-1.1131313526135111,0.5524784684688628,0.33807529745528997,-1.1131313526135111,0.5361499661510358,0.32398616554016346,-1.1131313526135111,0.9639638304202973 0.01627704
1 -1.7176939854462923,-0.10402427622413396,-0.5501248607353575,-1.7034642210517597,-0.10402427622413396,-0.894283115166534,-2.1408117404143034,-0.10402427622413396,-0.9123659363074892,-2.1550415048088363,-0.10402427622413396,-0.5682076818763127,-1.7176939854462923,-0.8243975787487055,-0.5501248607353575,-1.7034642210517597,-0.8243975787487055,-0.894283115166534,-2.1408117404143034,-0.8243975787487055,-0.9123659363074892,-2.1550415048088363,-0.8243975787487055,-0.5682076818763127 0.010184118
1 1.4362787454386783,-1.2389222244668578,-0.5205472210050536,1.4368605358532693,-1.2389222244668578,-0.751286786098305,0.7250288278798032,-1.2389222244668578,-0.7530816099046754,0.7244470374652121,-1.2389222244668578,-0.522342044811424,1.4362787454386783,-2.1257149119924925,-0.5205472210050536,1.4368605358532693,-2.1257149119924925,-0.751286786098305,0.7250288278798032,-2.1257149119924925,-0.7530816099046754,0.7244470374652121,-2.1257149119924925,-0.522342044811424 0.0072161355
1 -0.09647135907381735,-1.0411715554941272,1.5023880678206873,-0.11181841836644371,-1.0411715554941272,1.0307444316684131,-0.5659796697500352,-1.0411715554941272,1.0455226224869298,-0.5506326104574089,-1.0411715554941272,1.517166258639204,-0.09647135907381735,-1.8175709200155163,1.5023880678206873,-0.11181841836644371,-1.8175709200155163,1.0307444316684131,-0.5659796697500352,-1.8175709200155163,1.0455226224869298,-0.5506326104574089,-1.8175709200155163,1.517166258639204 0.009991026
1 1.0630181008682846,-0.8611388011772012,-0.04052590972147979,1.068395356198455,-0.8611388011772012,-0.4377943122043658,0.4444916075362564,-0.8611388011772012,-0.446239206731691,0.4391143522060862,-0.8611388011772012,-0.04897080424880498,1.0630181008682846,-1.5909149841468955,-0.04052590972147979,1.068395356198455,-1.5909149841468955,-0.4377943122043658,0.4444916075362564,-1.5909149841468955,-0.446239206731691,0.4391143522060862,-1.5909149841468955,-0.04897080424880498 0.006741156
1 -0.37132852888590423,-0.2584484602261162,0.7551229071136161,-0.36204315970628537,-0.2584484602261162,0.4897182234867351,-0.9019932188939419,-0.2584484602261162,0.4708276916031197,-0.9112785880735608,-0.2584484602261162,0.7362323752300007,-0.37132852888590423,-1.137721440668049,0.7551229071136161,-0.36204315970628537,-1.137721440668049,0.4897182234867351,-0.9019932188939419,-1.137721440668049,0.4708276916031197,-0.9112785880735608,-1.137721440668049,0.7362323752300007 0.009914017
1 0.08685924661794034,-0.7061021710682487,-0.19193172475317044,0.08826925461871168,-0.7061021710682487,-0.6543027989670769,-0.34952517402806604,-0.7061021710682487,-0.6556378600933261,-0.35093518202883744,-0.7061021710682487,-0.19326678587941967,0.08685924661794034,-1.5467836474131966,-0.19193172475317044,0.08826925461871168,-1.5467836474131966,-0.6543027989670769,-0.34952517402806604,-1.5467836474131966,-0.6556378600933261,-0.35093518202883744,-1.5467836474131966,-0.19326678587941967 0.007561459
1 0.2923468961014865,-0.35429578376298904,1.2438449903246565,0.306332913722794,-0.35429578376298904,0.813509905477413,-0.08910724656726104,-0.35429578376298904,0.8006579832318621,-0.10309326418856851,-0.35429578376298904,1.2309930680791055,0.2923468961014865,-1.2768227522324944,1.2438449903246565,0.306332913722794,-1.2768227522324944,0.813509905477413,-0.08910724656726104,-1.2768227522324944,0.8006579832318621,-0.10309326418856851,-1.2768227522324944,1.2309930680791055 0.006455267
1 -1.2723956248517525,0.7547909383725548,-0.2701305244726764,-1.27445420084461,0.7547909383725548,-0.5152725712071644,-1.7258064606432426,0.7547909383725548,-0.5114823486047162,-1.723747884650385,0.7547909383725548,-0.2663403018702282,-1.2723956248517525,-0.16018370437139512,-0.2701305244726764,-1.27445420084461,-0.16018370437139512,-0.5152725712071644,-1.7258064606432426,-0.16018370437139512,-0.5114823486047162,-1.723747884650385,-0.16018370437139512,-0.2663403018702282 0.012131101
1 0.42584785351533194,-1.8055857206631278,0.7108116878870786,0.43135299928996546,-1.8055857206631278,0.383824625340196,0.04543793668966989,-1.8055857206631278,0.3773273692723452,0.039932790915036376,-1.8055857206631278,0.7043144318192278,0.42584785351533194,-2.3962170098971747,0.7108116878870786,0.43135299928996546,-2.3962170098971747,0.383824625340196,0.04543793668966989,-2.3962170098971747,0.3773273692723452,0.039932790915036376,-2.3962170098971747,0.7043144318192278 0.014552975
1 -0.2897984344674615,0.4008451578270817,-1.0499687197908187,-0.28855752425068953,0.4008451578270817,-1.431077249507658,-0.9056065719412298,0.4008451578270817,-1.433086394955275,-0.9068474821580019,0.4008451578270817,-1.0519778652384357,-0.2897984344674615,-0.2703735855471516,-1.0499687197908187,-0.28855752425068953,-0.2703735855471516,-1.431077249507658,-0.9056065719412298,-0.2703735855471516,-1.433086394955275,-0.9068474821580019,-0.2703735855471516,-1.0519778652384357 0.0064437645
2 2.259612209290445,-1.3443044136214828,0.18886122325862587,2.2601178851210215,-1.3443044136214828,-0.028522188943970614,1.4950686626730558,-1.3443044136214828,-0.030301841296803356,1.4945629868424795,-1.3443044136214828,0.18708157090579314,2.259612209290445,-2.198960213835182,0.18886122325862587,2.2601178851210215,-2.198960213835182,-0.028522188943970614,1.4950686626730558,-2.198960213835182,-0.030301841296803356,1.4945629868424795,-2.198960213835182,0.18708157090579314 0.007942372
2 -0.4144220780906823,-0.1337212165180683,1.8264925197691464,-0.40340693945978895,-0.1337212165180683,1.466499016227403,-0.7432250547828528,-0.1337212165180683,1.45610120734267,-0.7542401934137462,-0.1337212165180683,1.8160947108844134,-0.4144220780906823,-0.9375254074748516,1.8264925197691464,-0.40340693945978895,-0.9375254074748516,1.466499016227403,-0.7432250547828528,-0.9375254074748516,1.45610120734267,-0.7542401934137462,-0.9375254074748516,1.8160947108844134 0.0073074885
2 -0.3642433457459594,-0.03896845792716502,0.11581043195630261,-0.3508546952247368,-0.03896845792716502,-0.33633650655019975,-0.8290679879103516,-0.03896845792716502,-0.35049701523686594,-0.8424566384315743,-0.03896845792716502,0.10164992326963643,-0.3642433457459594,-0.7480978229146624,0.11581043195630261,-0.3508546952247368,-0.7480978229146624,-0.33633650655019975,-0.8290679879103516,-0.7480978229146624,-0.35049701523686594,-0.8424566384315743,-0.7480978229146624,0.10164992326963643 0.0097603705
2 0.8197980946498126,-0.4085990703601217,0.9802923327381243,0.8338872265649391,-0.4085990703601217,0.5524784684688628,0.33807529745528997,-0.4085990703601217,0.5361499661510358,0.32398616554016346,-0.4085990703601217,0.9639638304202973,0.8197980946498126,-1.1131313526135111,0.9802923327381243,0.8338872265649391,-1.1131313526135111,0.5524784684688628,0.33807529745528997,-1.1131313526135111,0.5361499661510358,0.32398616554016346,-1.1131313526135111,0.9639638304202973 0.01257759
2 -1.7176939854462923,-0.10402427622413396,-0.5501248607353575,-1.7034642210517597,-0.10402427622413396,-0.894283115166534,-2.1408117404143034,-0.10402427622413396,-0.9123659363074892,-2.1550415048088363,-0.10402427622413396,-0.5682076818763127,-1.7176939854462923,-0.8243975787487055,-0.5501248607353575,-1.7034642210517597,-0.8243975787487055,-0.894283115166534,-2.1408117404143034,-0.8243975787487055,-0.9123659363074892,-2.1550415048088363,-0.8243975787487055,-0.5682076818763127 0.009291625
2 1.4362787454386783,-1.2389222244668578,-0.5205472210050536,1.4368605358532693,-1.2389222244668578,-0.751286786098305,0.7250288278798032,-1.2389222244668578,-0.7530816099046754,0.7244470374652121,-1.2389222244668578,-0.522342044811424,1.4362787454386783,-2.1257149119924925,-0.5205472210050536,1.4368605358532693,-2.1257149119924925,-0.751286786098305,0.7250288278798032,-2.1257149119924925,-0.7530816099046754,0.7244470374652121,-2.1257149119924925,-0.522342044811424 0.0070275464
2 -0.09647135907381735,-1.0411715554941272,1.5023880678206873,-0.11181841836644371,-1.0411715554941272,1.0307444316684131,-0.5659796697500352,-1.0411715554941272,1.0455226224869298,-0.5506326104574089,-1.0411715554941272,1.517166258639204,-0.09647135907381735,-1.8175709200155163,1.5023880678206873,-0.11181841836644371,-1.8175709200155163,1.0307444316684131,-0.5659796697500352,-1.8175709200155163,1.0455226224869298,-0.5506326104574089,-1.8175709200155163,1.517166258639204 0.010789076
2 1.0630181008682846,-0.8611388011772012,-0.04052590972147979,1.068395356198455,-0.8611388011772012,-0.4377943122043658,0.4444916075362564,-0.8611388011772012,-0.446239206731691,0.4391143522060862,-0.8611388011772012,-0.04897080424880498,1.0630181008682846,-1.5909149841468955,-0.04052590972147979,1.068395356198455,-1.5909149841468955,-0.4377943122043658,0.4444916075362564,-1.5909149841468955,-0.446239206731691,0.4391143522060862,-1.5909149841468955,-0.04897080424880498 0.006379131
2 -0.37132852888590423,-0.2584484602261162,0.7551229071136161,-0.36204315970628537,-0.2584484602261162,0.4897182234867351,-0.9019932188939419,-0.2584484602261162,0.4708276916031197,-0.9112785880735608,-0.2584484602261162,0.7362323752300007,-0.37132852888590423,-1.137721440668049,0.7551229071136161,-0.36204315970628537,-1.137721440668049,0.4897182234867351,-0.9019932188939419,-1.137721440668049,0.4708276916031197,-0.9112785880735608,-1.137721440668049,0.7362323752300007 0.012640858
2 0.08685924661794034,-0.7061021710682487,-0.19193172475317044,0.08826925461871168,-0.7061021710682487,-0.6543027989670769,-0.34952517402806604,-0.7061021710682487,-0.6556378600933261,-0.35093518202883744,-0.7061021710682487,-0.19326678587941967,0.08685924661794034,-1.5467836474131966,-0.19193172475317044,0.08826925461871168,-1.5467836474131966,-0.6543027989670769,-0.34952517402806604,-1.5467836474131966,-0.6556378600933261,-0.35093518202883744,-1.5467836474131966,-0.19326678587941967 0.009969031
2 0.2923468961014865,-0.35429578376298904,1.2438449903246565,0.306332913722794,-0.35429578376298904,0.813509905477413,-0.08910724656726104,-0.35429578376298904,0.8006579832318621,-0.10309326418856851,-0.35429578376298904,1.2309930680791055,0.2923468961014865,-1.2768227522324944,1.2438449903246565,0.306332913722794,-1.2768227522324944,0.813509905477413,-0.08910724656726104,-1.2768227522324944,0.8006579832318621,-0.10309326418856851,-1.2768227522324944,1.2309930680791055 0.007908219
2 -1.2723956248517525,0.7547909383725548,-0.2701305244726764,-1.27445420084461,0.7547909383725548,-0.5152725712071644,-1.7258064606432426,0.7547909383725548,-0.5114823486047162,-1.723747884650385,0.7547909383725548,-0.2663403018702282,-1.2723956248517525,-0.16018370437139512,-0.2701305244726764,-1.27445420084461,-0.16018370437139512,-0.5152725712071644,-1.7258064606432426,-0.16018370437139512,-0.5114823486047162,-1.723747884650385,-0.16018370437139512,-0.2663403018702282 0.013397142
2 0.42584785351533194,-1.8055857206631278,0.7108116878870786,0.43135299928996546,-1.8055857206631278,0.383824625340196,0.04543793668966989,-1.8055857206631278,0.3773273692723452,0.039932790915036376,-1.8055857206631278,0.7043144318192278,0.42584785351533194,-2.3962170098971747,0.7108116878870786,0.43135299928996546,-2.3962170098971747,0.383824625340196,0.04543793668966989,-2.3962170098971747,0.3773273692723452,0.039932790915036376,-2.3962170098971747,0.7043144318192278 0.009408069
2 -0.2897984344674615,0.4008451578270817,-1.0499687197908187,-0.28855752425068953,0.4008451578270817,-1.431077249507658,-0.9056065719412298,0.4008451578270817,-1.433086394955275,-0.9068474821580019,0.4008451578270817,-1.0519778652384357,-0.2897984344674615,-0.2703735855471516,-1.0499687197908187,-0.28855752425068953,-0.2703735855471516,-1.431077249507658,-0.9056065719412298,-0.2703735855471516,-1.433086394955275,-0.9068474821580019,-0.2703735855471516,-1.0519778652384357 0.0075221458
3 2.259612209290445,-1.3443044136214828,0.18886122325862587,2.2601178851210215,-1.3443044136214828,-0.028522188943970614,1.4950686626730558,-1.3443044136214828,-0.030301841296803356,1.4945629868424795,-1.3443044136214828,0.18708157090579314,2.259612209290445,-2.198960213835182,0.18886122325862587,2.2601178851210215,-2.198960213835182,-0.028522188943970614,1.4950686626730558,-2.198960213835182,-0.030301841296803356,1.4945629868424795,-2.198960213835182,0.18708157090579314 0.0047771377
3 -0.4144220780906823,-0.1337212165180683,1.8264925197691464,-0.40340693945978895,-0.1337212165180683,1.466499016227403,-0.7432250547828528,-0.1337212165180683,1.45610120734267,-0.7542401934137462,-0.1337212165180683,1.8160947108844134,-0.4144220780906823,-0.9375254074748516,1.8264925197691464,-0.40340693945978895,-0.9375254074748516,1.466499016227403,-0.7432250547828528,-0.9375254074748516,1.45610120734267,-0.7542401934137462,-0.9375254074748516,1.8160947108844134 0.005346547
3 -0.3642433457459594,-0.03896845792716502,0.11581043195630261,-0.3508546952247368,-0.03896845792716502,-0.33633650655019975,-0.8290679879103516,-0.03896845792716502,-0.35049701523686594,-0.8424566384315743,-0.03896845792716502,0.10164992326963643,-0.3642433457459594,-0.7480978229146624,0.11581043195630261,-0.3508546952247368,-0.7480978229146624,-0.33633650655019975,-0.8290679879103516,-0.7480978229146624,-0.35049701523686594,-0.8424566384315743,-0.7480978229146624,0.10164992326963643 0.0072288085
3 0.8197980946498126,-0.4085990703601217,0.9802923327381243,0.8338872265649391,-0.4085990703601217,0.5524784684688628,0.33807529745528997,-0.4085990703601217,0.5361499661510358,0.32398616554016346,-0.4085990703601217,0.9639638304202973,0.8197980946498126,-1.1131313526135111,0.9802923327381243,0.8338872265649391,-1.1131313526135111,0.5524784684688628,0.33807529745528997,-1.1131313526135111,0.5361499661510358,0.32398616554016346,-1.1131313526135111,0.9639638304202973 0.012159297
3 -1.7176939854462923,-0.10402427622413396,-0.5501248607353575,-1.7034642210517597,-0.10402427622413396,-0.894283115166534,-2.1408117404143034,-0.10402427622413396,-0.9123659363074892,-2.1550415048088363,-0.10402427622413396,-0.5682076818763127,-1.7176939854462923,-0.8243975787487055,-0.5501248607353575,-1.7034642210517597,-0.8243975787487055,-0.894283115166534,-2.1408117404143034,-0.8243975787487055,-0.9123659363074892,-2.1550415048088363,-0.8243975787487055,-0.5682076818763127 0.007239035
3 1.4362787454386783,-1.2389222244668578,-0.5205472210050536,1.4368605358532693,-1.2389222244668578,-0.751286786098305,0.7250288278798032,-1.2389222244668578,-0.7530816099046754,0.7244470374652121,-1.2389222244668578,-0.522342044811424,1.4362787454386783,-2.1257149119924925,-0.5205472210050536,1.4368605358532693,-2.1257149119924925,-0.751286786098305,0.7250288278798032,-2.1257149119924925,-0.7530816099046754,0.7244470374652121,-2.1257149119924925,-0.522342044811424 0.0038915544
3 -0.09647135907381735,-1.0411715554941272,1.5023880678206873,-0.11181841836644371,-1.0411715554941272,1.0307444316684131,-0.5659796697500352,-1.0411715554941272,1.0455226224869298,-0.5506326104574089,-1.0411715554941272,1.517166258639204,-0.09647135907381735,-1.8175709200155163,1.5023880678206873,-0.11181841836644371,-1.8175709200155163,1.0307444316684131,-0.5659796697500352,-1.8175709200155163,1.0455226224869298,-0.5506326104574089,-1.8175709200155163,1.517166258639204 0.008612653
3 1.0630181008682846,-0.8611388011772012,-0.04052590972147979,1.068395356198455,-0.8611388011772012,-0.4377943122043658,0.4444916075362564,-0.8611388011772012,-0.446239206731691,0.4391143522060862,-0.8611388011772012,-0.04897080424880498,1.0630181008682846,-1.5909149841468955,-0.04052590972147979,1.068395356198455,-1.5909149841468955,-0.4377943122043658,0.4444916075362564,-1.5909149841468955,-0.446239206731691,0.4391143522060862,-1.5909149841468955,-0.04897080424880498 0.0039028474
3 -0.37132852888590423,-0.2584484602261162,0.7551229071136161,-0.36204315970628537,-0.2584484602261162,0.4897182234867351,-0.9019932188939419,-0.2584484602261162,0.4708276916031197,-0.9112785880735608,-0.2584484602261162,0.7362323752300007,-0.37132852888590423,-1.137721440668049,0.7551229071136161,-0.36204315970628537,-1.137721440668049,0.4897182234867351,-0.9019932188939419,-1.137721440668049,0.4708276916031197,-0.9112785880735608,-1.137721440668049,0.7362323752300007 0.007153878
3 0.08685924661794034,-0.7061021710682487,-0.19193172475317044,0.08826925461871168,-0.7061021710682487,-0.6543027989670769,-0.34952517402806604,-0.7061021710682487,-0.6556378600933261,-0.35093518202883744,-0.7061021710682487,-0.19326678587941967,0.08685924661794034,-1.5467836474131966,-0.19193172475317044,0.08826925461871168,-1.5467836474131966,-0.6543027989670769,-0.34952517402806604,-1.5467836474131966,-0.6556378600933261,-0.35093518202883744,-1.5467836474131966,-0.19326678587941967 0.0058387183
3 0.2923468961014865,-0.35429578376298904,1.2438449903246565,0.306332913722794,-0.35429578376298904,0.813509905477413,-0.08910724656726104,-0.35429578376298904,0.8006579832318621,-0.10309326418856851,-0.35429578376298904,1.2309930680791055,0.2923468961014865,-1.2768227522324944,1.2438449903246565,0.306332913722794,-1.2768227522324944,0.813509905477413,-0.08910724656726104,-1.2768227522324944,0.8006579832318621,-0.10309326418856851,-1.2768227522324944,1.2309930680791055 0.00477771
3 -1.2723956248517525,0.7547909383725548,-0.2701305244726764,-1.27445420084461,0.7547909383725548,-0.5152725712071644,-1.7258064606432426,0.7547909383725548,-0.5114823486047162,-1.723747884650385,0.7547909383725548,-0.2663403018702282,-1.2723956248517525,-0.16018370437139512,-0.2701305244726764,-1.27445420084461,-0.16018370437139512,-0.5152725712071644,-1.7258064606432426,-0.16018370437139512,-0.5114823486047162,-1.723747884650385,-0.16018370437139512,-0.2663403018702282 0.0072119567
3 0.42584785351533194,-1.8055857206631278,0.7108116878870786,0.43135299928996546,-1.8055857206631278,0.383824625340196,0.04543793668966989,-1.8055857206631278,0.3773273692723452,0.039932790915036376,-1.8055857206631278,0.7043144318192278,0.42584785351533194,-2.3962170098971747,0.7108116878870786,0.43135299928996546,-2.3962170098971747,0.383824625340196,0.04543793668966989,-2.3962170098971747,0.3773273692723452,0.039932790915036376,-2.3962170098971747,0.7043144318192278 0.0074826777
3 -0.2897984344674615,0.4008451578270817,-1.0499687197908187,-0.28855752425068953,0.4008451578270817,-1.431077249507658,-0.9056065719412298,0.4008451578270817,-1.433086394955275,-0.9068474821580019,0.4008451578270817,-1.0519778652384357,-0.2897984344674615,-0.2703735855471516,-1.0499687197908187,-0.28855752425068953,-0.2703735855471516,-1.431077249507658,-0.9056065719412298,-0.2703735855471516,-1.433086394955275,-0.9068474821580019,-0.2703735855471516,-1.0519778652384357 0.008395552
4 2.259612209290445,-1.3443044136214828,0.18886122325862587,2.2601178851210215,-1.3443044136214828,-0.028522188943970614,1.4950686626730558,-1.3443044136214828,-0.030301841296803356,1.4945629868424795,-1.3443044136214828,0.18708157090579314,2.259612209290445,-2.198960213835182,0.18886122325862587,2.2601178851210215,-2.198960213835182,-0.028522188943970614,1.4950686626730558,-2.198960213835182,-0.030301841296803356,1.4945629868424795,-2.198960213835182,0.18708157090579314 0.0040578074
4 -0.4144220780906823,-0.1337212165180683,1.8264925197691464,-0.40340693945978895,-0.1337212165180683,1.466499016227403,-0.7432250547828528,-0.1337212165180683,1.45610120734267,-0.7542401934137462,-0.1337212165180683,1.8160947108844134,-0.4144220780906823,-0.9375254074748516,1.8264925197691464,-0.40340693945978895,-0.9375254074748516,1.466499016227403,-0.7432250547828528,-0.9375254074748516,1.45610120734267,-0.7542401934137462,-0.9375254074748516,1.8160947108844134 0.002581937
4 -0.3642433457459594,-0.03896845792716502,0.11581043195630261,-0.3508546952247368,-0.03896845792716502,-0.33633650655019975,-0.8290679879103516,-0.03896845792716502,-0.35049701523686594,-0.8424566384315743,-0.03896845792716502,0.10164992326963643,-0.3642433457459594,-0.7480978229146624,0.11581043195630261,-0.3508546952247368,-0.7480978229146624,-0.33633650655019975,-0.8290679879103516,-0.7480978229146624,-0.35049701523686594,-0.8424566384315743,-0.7480978229146624,0.10164992326963643 0.0033982727
4 0.8197980946498126,-0.4085990703601217,0.9802923327381243,0.8338872265649391,-0.4085990703601217,0.5524784684688628,0.33807529745528997,-0.4085990703601217,0.5361499661510358,0.32398616554016346,-0.4085990703601217,0.9639638304202973,0.8197980946498126,-1.1131313526135111,0.9802923327381243,0.8338872265649391,-1.1131313526135111,0.5524784684688628,0.33807529745528997,-1.1131313526135111,0.5361499661510358,0.32398616554016346,-1.1131313526135111,0.9639638304202973 0.0057925587
4 -1.7176939854462923,-0.10402427622413396,-0.5501248607353575,-1.7034642210517597,-0.10402427622413396,-0.894283115166534,-2.1408117404143034,-0.10402427622413396,-0.9123659363074892,-2.1550415048088363,-0.10402427622413396,-0.5682076818763127,-1.7176939854462923,-0.8243975787487055,-0.5501248607353575,-1.7034642210517597,-0.8243975787487055,-0.894283115166534,-2.1408117404143034,-0.8243975787487055,-0.9123659363074892,-2.1550415048088363,-0.8243975787487055,-0.5682076818763127 0.004238615
4 1.4362787454386783,-1.2389222244668578,-0.5205472210050536,1.4368605358532693,-1.2389222244668578,-0.751286786098305,0.7250288278798032,-1.2389222244668578,-0.7530816099046754,0.7244470374652121,-1.2389222244668578,-0.522342044811424,1.4362787454386783,-2.1257149119924925,-0.5205472210050536,1.4368605358532693,-2.1257149119924925,-0.751286786098305,0.7250288278798032,-2.1257149119924925,-0.7530816099046754,0.7244470374652121,-2.1257149119924925,-0.522342044811424 0.0033454369
4 -0.09647135907381735,-1.0411715554941272,1.5023880678206873,-0.11181841836644371,-1.0411715554941272,1.0307444316684131,-0.5659796697500352,-1.0411715554941272,1.0455226224869298,-0.5506326104574089,-1.0411715554941272,1.517166258639204,-0.09647135907381735,-1.8175709200155163,1.5023880678206873,-0.11181841836644371,-1.8175709200155163,1.0307444316684131,-0.5659796697500352,-1.8175709200155163,1.0455226224869298,-0.5506326104574089,-1.8175709200155163,1.517166258639204 0.0051178955
4 1.0630181008682846,-0.8611388011772012,-0.04052590972147979,1.068395356198455,-0.8611388011772012,-0.4377943122043658,0.4444916075362564,-0.8611388011772012,-0.446239206731691,0.4391143522060862,-0.8611388011772012,-0.04897080424880498,1.0630181008682846,-1.5909149841468955,-0.04052590972147979,1.068395356198455,-1.5909149841468955,-0.4377943122043658,0.4444916075362564,-1.5909149841468955,-0.446239206731691,0.4391143522060862,-1.5909149841468955,-0.04897080424880498 0.0021084982
4 -0.37132852888590423,-0.2584484602261162,0.7551229071136161,-0.36204315970628537,-0.2584484602261162,0.4897182234867351,-0.9019932188939419,-0.2584484602261162,0.4708276916031197,-0.9112785880735608,-0.2584484602261162,0.7362323752300007,-0.37132852888590423,-1.137721440668049,0.7551229071136161,-0.36204315970628537,-1.137721440668049,0.4897182234867351,-0.9019932188939419,-1.137721440668049,0.4708276916031197,-0.9112785880735608,-1.137721440668049,0.7362323752300007 0.004415512
4 0.08685924661794034,-0.7061021710682487,-0.19193172475317044,0.08826925461871168,-0.7061021710682487,-0.6543027989670769,-0.34952517402806604,-0.7061021710682487,-0.6556378600933261,-0.35093518202883744,-0.7061021710682487,-0.19326678587941967,0.08685924661794034,-1.5467836474131966,-0.19193172475317044,0.08826925461871168,-1.5467836474131966,-0.6543027989670769,-0.34952517402806604,-1.5467836474131966,-0.6556378600933261,-0.35093518202883744,-1.5467836474131966,-0.19326678587941967 0.0029572542
4 0.2923468961014865,-0.35429578376298904,1.2438449903246565,0.306332913722794,-0.35429578376298904,0.813509905477413,-0.08910724656726104,-0.35429578376298904,0.8006579832318621,-0.10309326418856851,-0.35429578376298904,1.2309930680791055,0.2923468961014865,-1.2768227522324944,1.2438449903246565,0.306332913722794,-1.2768227522324944,0.813509905477413,-0.08910724656726104,-1.2768227522324944,0.8006579832318621,-0.10309326418856851,-1.2768227522324944,1.2309930680791055 0.0023646036
4 -1.2723956248517525,0.7547909383725548,-0.2701305244726764,-1.27445420084461,0.7547909383725548,-0.5152725712071644,-1.7258064606432426,0.7547909383725548,-0.5114823486047162,-1.723747884650385,0.7547909383725548,-0.2663403018702282,-1.2723956248517525,-0.16018370437139512,-0.2701305244726764,-1.27445420084461,-0.16018370437139512,-0.5152725712071644,-1.7258064606432426,-0.16018370437139512,-0.5114823486047162,-1.723747884650385,-0.16018370437139512,-0.2663403018702282 0.0059644603
4 0.42584785351533194,-1.8055857206631278,0.7108116878870786,0.43135299928996546,-1.8055857206631278,0.383824625340196,0.04543793668966989,-1.8055857206631278,0.3773273692723452,0.039932790915036376,-1.8055857206631278,0.7043144318192278,0.42584785351533194,-2.3962170098971747,0.7108116878870786,0.43135299928996546,-2.3962170098971747,0.383824625340196,0.04543793668966989,-2.3962170098971747,0.3773273692723452,0.039932790915036376,-2.3962170098971747,0.7043144318192278 0.0029317758
4 -0.2897984344674615,0.4008451578270817,-1.0499687197908187,-0.28855752425068953,0.4008451578270817,-1.431077249507658,-0.9056065719412298,0.4008451578270817,-1.433086394955275,-0.9068474821580019,0.4008451578270817,-1.0519778652384357,-0.2897984344674615,-0.2703735855471516,-1.0499687197908187,-0.28855752425068953,-0.2703735855471516,-1.431077249507658,-0.9056065719412298,-0.2703735855471516,-1.433086394955275,-0.9068474821580019,-0.2703735855471516,-1.0519778652384357 0.0035274813
5 2.259612209290445,-1.3443044136214828,0.18886122325862587,2.2601178851210215,-1.3443044136214828,-0.028522188943970614,1.4950686626730558,-1.3443044136214828,-0.030301841296803356,1.4945629868424795,-1.3443044136214828,0.18708157090579314,2.259612209290445,-2.198960213835182,0.18886122325862587,2.2601178851210215,-2.198960213835182,-0.028522188943970614,1.4950686626730558,-2.198960213835182,-0.030301841296803356,1.4945629868424795,-2.198960213835182,0.18708157090579314 0.009983598
5 -0.4144220780906823,-0.1337212165180683,1.8264925197691464,-0.40340693945978895,-0.1337212165180683,1.466499016227403,-0.7432250547828528,-0.1337212165180683,1.45610120734267,-0.7542401934137462,-0.1337212165180683,1.8160947108844134,-0.4144220780906823,-0.9375254074748516,1.8264925197691464,-0.40340693945978895,-0.9375254074748516,1.466499016227403,-0.7432250547828528,-0.9375254074748516,1.45610120734267,-0.7542401934137462,-0.9375254074748516,1.8160947108844134 0.012072496
5 -0.3642433457459594,-0.03896845792716502,0.11581043195630261,-0.3508546952247368,-0.03896845792716502,-0.33633650655019975,-0.8290679879103516,-0.03896845792716502,-0.35049701523686594,-0.8424566384315743,-0.03896845792716502,0.10164992326963643,-0.3642433457459594,-0.7480978229146624,0.11581043195630261,-0.3508546952247368,-0.7480978229146624,-0.33633650655019975,-0.8290679879103516,-0.7480978229146624,-0.35049701523686594,-0.8424566384315743,-0.7480978229146624,0.10164992326963643 0.01517377
5 0.8197980946498126,-0.4085990703601217,0.9802923327381243,0.8338872265649391,-0.4085990703601217,0.5524784684688628,0.33807529745528997,-0.4085990703601217,0.5361499661510358,0.32398616554016346,-0.4085990703601217,0.9639638304202973,0.8197980946498126,-1.1131313526135111,0.9802923327381243,0.8338872265649391,-1.1131313526135111,0.5524784684688628,0.33807529745528997,-1.1131313526135111,0.5361499661510358,0.32398616554016346,-1.1131313526135111,0.9639638304202973 0.014154351
5 -1.7176939854462923,-0.10402427622413396,-0.5501248607353575,-1.7034642210517597,-0.10402427622413396,-0.894283115166534,-2.1408117404143034,-0.10402427622413396,-0.9123659363074892,-2.1550415048088363,-0.10402427622413396,-0.5682076818763127,-1.7176939854462923,-0.8243975787487055,-0.5501248607353575,-1.7034642210517597,-0.8243975787487055,-0.894283115166534,-2.1408117404143034,-0.8243975787487055,-0.9123659363074892,-2.1550415048088363,-0.8243975787487055,-0.5682076818763127 0.011846365
5 1.4362787454386783,-1.2389222244668578,-0.5205472210050536,1.4368605358532693,-1.2389222244668578,-0.751286786098305,0.7250288278798032,-1.2389222244668578,-0.7530816099046754,0.7244470374652121,-1.2389222244668578,-0.522342044811424,1.4362787454386783,-2.1257149119924925,-0.5205472210050536,1.4368605358532693,-2.1257149119924925,-0.751286786098305,0.7250288278798032,-2.1257149119924925,-0.7530816099046754,0.7244470374652121,-2.1257149119924925,-0.522342044811424 0.013226092
5 -0.09647135907381735,-1.0411715554941272,1.5023880678206873,-0.11181841836644371,-1.0411715554941272,1.0307444316684131,-0.5659796697500352,-1.0411715554941272,1.0455226224869298,-0.5506326104574089,-1.0411715554941272,1.517166258639204,-0.09647135907381735,-1.8175709200155163,1.5023880678206873,-0.11181841836644371,-1.8175709200155163,1.0307444316684131,-0.5659796697500352,-1.8175709200155163,1.0455226224869298,-0.5506326104574089,-1.8175709200155163,1.517166258639204 0.012786574
5 1.0630181008682846,-0.8611388011772012,-0.04052590972147979,1.068395356198455,-0.8611388011772012,-0.4377943122043658,0.4444916075362564,-0.8611388011772012,-0.446239206731691,0.4391143522060862,-0.8611388011772012,-0.04897080424880498,1.0630181008682846,-1.5909149841468955,-0.04052590972147979,1.068395356198455,-1.5909149841468955,-0.4377943122043658,0.4444916075362564,-1.5909149841468955,-0.446239206731691,0.4391143522060862,-1.5909149841468955,-0.04897080424880498 0.010910831
5 -0.37132852888590423,-0.2584484602261162,0.7551229071136161,-0.36204315970628537,-0.2584484602261162,0.4897182234867351,-0.9019932188939419,-0.2584484602261162,0.4708276916031197,-0.9112785880735608,-0.2584484602261162,0.7362323752300007,-0.37132852888590423,-1.137721440668049,0.7551229071136161,-0.36204315970628537,-1.137721440668049,0.4897182234867351,-0.9019932188939419,-1.137721440668049,0.4708276916031197,-0.9112785880735608,-1.137721440668049,0.7362323752300007 0.019022861
5 0.08685924661794034,-0.7061021710682487,-0.19193172475317044,0.08826925461871168,-0.7061021710682487,-0.6543027989670769,-0.34952517402806604,-0.7061021710682487,-0.6556378600933261,-0.35093518202883744,-0.7061021710682487,-0.19326678587941967,0.08685924661794034,-1.5467836474131966,-0.19193172475317044,0.08826925461871168,-1.5467836474131966,-0.6543027989670769,-0.34952517402806604,-1.5467836474131966,-0.6556378600933261,-0.35093518202883744,-1.5467836474131966,-0.19326678587941967 0.010492199
5 0.2923468961014865,-0.35429578376298904,1.2438449903246565,0.306332913722794,-0.35429578376298904,0.813509905477413,-0.08910724656726104,-0.35429578376298904,0.8006579832318621,-0.10309326418856851,-0.35429578376298904,1.2309930680791055,0.2923468961014865,-1.2768227522324944,1.2438449903246565,0.306332913722794,-1.2768227522324944,0.813509905477413,-0.08910724656726104,-1.2768227522324944,0.8006579832318621,-0.10309326418856851,-1.2768227522324944,1.2309930680791055 0.008039871
5 -1.2723956248517525,0.7547909383725548,-0.2701305244726764,-1.27445420084461,0.7547909383725548,-0.5152725712071644,-1.7258064606432426,0.7547909383725548,-0.5114823486047162,-1.723747884650385,0.7547909383725548,-0.2663403018702282,-1.2723956248517525,-0.16018370437139512,-0.2701305244726764,-1.27445420084461,-0.16018370437139512,-0.5152725712071644,-1.7258064606432426,-0.16018370437139512,-0.5114823486047162,-1.723747884650385,-0.16018370437139512,-0.2663403018702282 0.012261181
5 0.42584785351533194,-1.8055857206631278,0.7108116878870786,0.43135299928996546,-1.8055857206631278,0.383824625340196,0.04543793668966989,-1.8055857206631278,0.3773273692723452,0.039932790915036376,-1.8055857206631278,0.7043144318192278,0.42584785351533194,-2.3962170098971747,0.7108116878870786,0.43135299928996546,-2.3962170098971747,0.383824625340196,0.04543793668966989,-2.3962170098971747,0.3773273692723452,0.039932790915036376,-2.3962170098971747,0.7043144318192278 0.013425419
5 -0.2897984344674615,0.4008451578270817,-1.0499687197908187,-0.28855752425068953,0.4008451578270817,-1.431077249507658,-0.9056065719412298,0.4008451578270817,-1.433086394955275,-0.9068474821580019,0.4008451578270817,-1.0519778652384357,-0.2897984344674615,-0.2703735855471516,-1.0499687197908187,-0.28855752425068953,-0.2703735855471516,-1.431077249507658,-0.9056065719412298,-0.2703735855471516,-1.433086394955275,-0.9068474821580019,-0.2703735855471516,-1.0519778652384357 0.009537408
6 2.259612209290445,-1.3443044136214828,0.18886122325862587,2.2601178851210215,-1.3443044136214828,-0.028522188943970614,1.4950686626730558,-1.3443044136214828,-0.030301841296803356,1.4945629868424795,-1.3443044136214828,0.18708157090579314,2.259612209290445,-2.198960213835182,0.18886122325862587,2.2601178851210215,-2.198960213835182,-0.028522188943970614,1.4950686626730558,-2.198960213835182,-0.030301841296803356,1.4945629868424795,-2.198960213835182,0.18708157090579314 0.004777272
6 -0.4144220780906823,-0.1337212165180683,1.8264925197691464,-0.40340693945978895,-0.1337212165180683,1.466499016227403,-0.7432250547828528,-0.1337212165180683,1.45610120734267,-0.7542401934137462,-0.1337212165180683,1.8160947108844134,-0.4144220780906823,-0.9375254074748516,1.8264925197691464,-0.40340693945978895,-0.9375254074748516,1.466499016227403,-0.7432250547828528,-0.9375254074748516,1.45610120734267,-0.7542401934137462,-0.9375254074748516,1.8160947108844134 0.0047046
6 -0.3642433457459594,-0.03896845792716502,0.11581043195630261,-0.3508546952247368,-0.03896845792716502,-0.33633650655019975,-0.8290679879103516,-0.03896845792716502,-0.35049701523686594,-0.8424566384315743,-0.03896845792716502,0.10164992326963643,-0.3642433457459594,-0.7480978229146624,0.11581043195630261,-0.3508546952247368,-0.7480978229146624,-0.33633650655019975,-0.8290679879103516,-0.7480978229146624,-0.35049701523686594,-0.8424566384315743,-0.7480978229146624,0.10164992326963643 0.006829461
6 0.8197980946498126,-0.4085990703601217,0.9802923327381243,0.8338872265649391,-0.4085990703601217,0.5524784684688628,0.33807529745528997,-0.4085990703601217,0.5361499661510358,0.32398616554016346,-0.4085990703601217,0.9639638304202973,0.8197980946498126,-1.1131313526135111,0.9802923327381243,0.8338872265649391,-1.1131313526135111,0.5524784684688628,0.33807529745528997,-1.1131313526135111,0.5361499661510358,0.32398616554016346,-1.1131313526135111,0.9639638304202973 0.008370904
6 -1.7176939854462923,-0.10402427622413396,-0.5501248607353575,-1.7034642210517597,-0.10402427622413396,-0.894283115166534,-2.1408117404143034,-0.10402427622413396,-0.9123659363074892,-2.1550415048088363,-0.10402427622413396,-0.5682076818763127,-1.7176939854462923,-0.8243975787487055,-0.5501248607353575,-1.7034642210517597,-0.8243975787487055,-0.894283115166534,-2.1408117404143034,-0.8243975787487055,-0.9123659363074892,-2.1550415048088363,-0.8243975787487055,-0.5682076818763127 0.006023738
6 1.4362787454386783,-1.2389222244668578,-0.5205472210050536,1.4368605358532693,-1.2389222244668578,-0.751286786098305,0.7250288278798032,-1.2389222244668578,-0.7530816099046754,0.7244470374652121,-1.2389222244668578,-0.522342044811424,1.4362787454386783,-2.1257149119924925,-0.5205472210050536,1.4368605358532693,-2.1257149119924925,-0.751286786098305,0.7250288278798032,-2.1257149119924925,-0.7530816099046754,0.7244470374652121,-2.1257149119924925,-0.522342044811424 0.0040762383
6 -0.09647135907381735,-1.0411715554941272,1.5023880678206873,-0.11181841836644371,-1.0411715554941272,1.0307444316684131,-0.5659796697500352,-1.0411715554941272,1.0455226224869298,-0.5506326104574089,-1.0411715554941272,1.517166258639204,-0.09647135907381735,-1.8175709200155163,1.5023880678206873,-0.11181841836644371,-1.8175709200155163,1.0307444316684131,-0.5659796697500352,-1.8175709200155163,1.0455226224869298,-0.5506326104574089,-1.8175709200155163,1.517166258639204 0.0059250435
6 1.0630181008682846,-0.8611388011772012,-0.04052590972147979,1.068395356198455,-0.8611388011772012,-0.4377943122043658,0.4444916075362564,-0.8611388011772012,-0.446239206731691,0.4391143522060862,-0.8611388011772012,-0.04897080424880498,1.0630181008682846,-1.5909149841468955,-0.04052590972147979,1.068395356198455,-1.5909149841468955,-0.4377943122043658,0.4444916075362564,-1.5909149841468955,-0.446239206731691,0.4391143522060862,-1.5909149841468955,-0.04897080424880498 0.0036686226
6 -0.37132852888590423,-0.2584484602261162,0.7551229071136161,-0.36204315970628537,-0.2584484602261162,0.4897182234867351,-0.9019932188939419,-0.2584484602261162,0.4708276916031197,-0.9112785880735608,-0.2584484602261162,0.7362323752300007,-0.37132852888590423,-1.137721440668049,0.7551229071136161,-0.36204315970628537,-1.137721440668049,0.4897182234867351,-0.9019932188939419,-1.137721440668049,0.4708276916031197,-0.9112785880735608,-1.137721440668049,0.7362323752300007 0.0064709038
6 0.08685924661794034,-0.7061021710682487,-0.19193172475317044,0.08826925461871168,-0.7061021710682487,-0.6543027989670769,-0.34952517402806604,-0.7061021710682487,-0.6556378600933261,-0.35093518202883744,-0.7061021710682487,-0.19326678587941967,0.08685924661794034,-1.5467836474131966,-0.19193172475317044,0.08826925461871168,-1.5467836474131966,-0.6543027989670769,-0.34952517402806604,-1.5467836474131966,-0.6556378600933261,-0.35093518202883744,-1.5467836474131966,-0.19326678587941967 0.00545574
6 0.2923468961014865,-0.35429578376298904,1.2438449903246565,0.306332913722794,-0.35429578376298904,0.813509905477413,-0.08910724656726104,-0.35429578376298904,0.8006579832318621,-0.10309326418856851,-0.35429578376298904,1.2309930680791055,0.2923468961014865,-1.2768227522324944,1.2438449903246565,0.306332913722794,-1.2768227522324944,0.813509905477413,-0.08910724656726104,-1.2768227522324944,0.8006579832318621,-0.10309326418856851,-1.2768227522324944,1.2309930680791055 0.0035185753
6 -1.2723956248517525,0.7547909383725548,-0.2701305244726764,-1.27445420084461,0.7547909383725548,-0.5152725712071644,-1.7258064606432426,0.7547909383725548,-0.5114823486047162,-1.723747884650385,0.7547909383725548,-0.2663403018702282,-1.2723956248517525,-0.16018370437139512,-0.2701305244726764,-1.27445420084461,-0.16018370437139512,-0.5152725712071644,-1.7258064606432426,-0.16018370437139512,-0.5114823486047162,-1.723747884650385,-0.16018370437139512,-0.2663403018702282 0.006201942
6 0.42584785351533194,-1.8055857206631278,0.7108116878870786,0.43135299928996546,-1.8055857206631278,0.383824625340196,0.04543793668966989,-1.8055857206631278,0.3773273692723452,0.039932790915036376,-1.8055857206631278,0.7043144318192278,0.42584785351533194,-2.3962170098971747,0.7108116878870786,0.43135299928996546,-2.3962170098971747,0.383824625340196,0.04543793668966989,-2.3962170098971747,0.3773273692723452,0.039932790915036376,-2.3962170098971747,0.7043144318192278 0.00533198
6 -0.2897984344674615,0.4008451578270817,-1.0499687197908187,-0.28855752425068953,0.4008451578270817,-1.431077249507658,-0.9056065719412298,0.4008451578270817,-1.433086394955275,-0.9068474821580019,0.4008451578270817,-1.0519778652384357,-0.2897984344674615,-0.2703735855471516,-1.0499687197908187,-0.28855752425068953,-0.2703735855471516,-1.431077249507658,-0.9056065719412298,-0.2703735855471516,-1.433086394955275,-0.9068474821580019,-0.2703735855471516,-1.0519778652384357 0.003969327
7 2.259612209290445,-1.3443044136214828,0.18886122325862587,2.2601178851210215,-1.3443044136214828,-0.028522188943970614,1.4950686626730558,-1.3443044136214828,-0.030301841296803356,1.4945629868424795,-1.3443044136214828,0.18708157090579314,2.259612209290445,-2.198960213835182,0.18886122325862587,2.2601178851210215,-2.198960213835182,-0.028522188943970614,1.4950686626730558,-2.198960213835182,-0.030301841296803356,1.4945629868424795,-2.198960213835182,0.18708157090579314 0.0014237951
7 -0.4144220780906823,-0.1337212165180683,1.8264925197691464,-0.40340693945978895,-0.1337212165180683,1.466499016227403,-0.7432250547828528,-0.1337212165180683,1.45610120734267,-0.7542401934137462,-0.1337212165180683,1.8160947108844134,-0.4144220780906823,-0.9375254074748516,1.8264925197691464,-0.40340693945978895,-0.9375254074748516,1.466499016227403,-0.7432250547828528,-0.9375254074748516,1.45610120734267,-0.7542401934137462,-0.9375254074748516,1.8160947108844134 0.0016460948
7 -0.3642433457459594,-0.03896845792716502,0.11581043195630261,-0.3508546952247368,-0.03896845792716502,-0.33633650655019975,-0.8290679879103516,-0.03896845792716502,-0.35049701523686594,-0.8424566384315743,-0.03896845792716502,0.10164992326963643,-0.3642433457459594,-0.7480978229146624,0.11581043195630261,-0.3508546952247368,-0.7480978229146624,-0.33633650655019975,-0.8290679879103516,-0.7480978229146624,-0.35049701523686594,-0.8424566384315743,-0.7480978229146624,0.10164992326963643 0.0014629742
7 0.8197980946498126,-0.4085990703601217,0.9802923327381243,0.8338872265649391,-0.4085990703601217,0.5524784684688628,0.33807529745528997,-0.4085990703601217,0.5361499661510358,0.32398616554016346,-0.4085990703601217,0.9639638304202973,0.8197980946498126,-1.1131313526135111,0.9802923327381243,0.8338872265649391,-1.1131313526135111,0.5524784684688628,0.33807529745528997,-1.1131313526135111,0.5361499661510358,0.32398616554016346,-1.1131313526135111,0.9639638304202973 0.0034141142
7 -1.7176939854462923,-0.10402427622413396,-0.5501248607353575,-1.7034642210517597,-0.10402427622413396,-0.894283115166534,-2.1408117404143034,-0.10402427622413396,-0.9123659363074892,-2.1550415048088363,-0.10402427622413396,-0.5682076818763127,-1.7176939854462923,-0.8243975787487055,-0.5501248607353575,-1.7034642210517597,-0.8243975787487055,-0.894283115166534,-2.1408117404143034,-0.8243975787487055,-0.9123659363074892,-2.1550415048088363,-0.8243975787487055,-0.5682076818763127 0.0038006841
7 1.4362787454386783,-1.2389222244668578,-0.5205472210050536,1.4368605358532693,-1.2389222244668578,-0.751286786098305,0.7250288278798032,-1.2389222244668578,-0.7530816099046754,0.7244470374652121,-1.2389222244668578,-0.522342044811424,1.4362787454386783,-2.1257149119924925,-0.5205472210050536,1.4368605358532693,-2.1257149119924925,-0.751286786098305,0.7250288278798032,-2.1257149119924925,-0.7530816099046754,0.7244470374652121,-2.1257149119924925,-0.522342044811424 0.0020266897
7 -0.09647135907381735,-1.0411715554941272,1.5023880678206873,-0.11181841836644371,-1.0411715554941272,1.0307444316684131,-0.5659796697500352,-1.0411715554941272,1.0455226224869298,-0.5506326104574089,-1.0411715554941272,1.517166258639204,-0.09647135907381735,-1.8175709200155163,1.5023880678206873,-0.11181841836644371,-1.8175709200155163,1.0307444316684131,-0.5659796697500352,-1.8175709200155163,1.0455226224869298,-0.5506326104574089,-1.8175709200155163,1.517166258639204 0.0037097242
7 1.0630181008682846,-0.8611388011772012,-0.04052590972147979,1.068395356198455,-0.8611388011772012,-0.4377943122043658,0.4444916075362564,-0.8611388011772012,-0.446239206731691,0.4391143522060862,-0.8611388011772012,-0.04897080424880498,1.0630181008682846,-1.5909149841468955,-0.04052590972147979,1.068395356198455,-1.5909149841468955,-0.4377943122043658,0.4444916075362564,-1.5909149841468955,-0.446239206731691,0.4391143522060862,-1.5909149841468955,-0.04897080424880498 0.0012780221
7 -0.37132852888590423,-0.2584484602261162,0.7551229071136161,-0.36204315970628537,-0.2584484602261162,0.4897182234867351,-0.9019932188939419,-0.2584484602261162,0.4708276916031197,-0.9112785880735608,-0.2584484602261162,0.7362323752300007,-0.37132852888590423,-1.137721440668049,0.7551229071136161,-0.36204315970628537,-1.137721440668049,0.4897182234867351,-0.9019932188939419,-1.137721440668049,0.4708276916031197,-0.9112785880735608,-1.137721440668049,0.7362323752300007 0.0022800933
7 0.08685924661794034,-0.7061021710682487,-0.19193172475317044,0.08826925461871168,-0.7061021710682487,-0.6543027989670769,-0.34952517402806604,-0.7061021710682487,-0.6556378600933261,-0.35093518202883744,-0.7061021710682487,-0.19326678587941967,0.08685924661794034,-1.5467836474131966,-0.19193172475317044,0.08826925461871168,-1.5467836474131966,-0.6543027989670769,-0.34952517402806604,-1.5467836474131966,-0.6556378600933261,-0.35093518202883744,-1.5467836474131966,-0.19326678587941967 0.0014437833
7 0.2923468961014865,-0.35429578376298904,1.2438449903246565,0.306332913722794,-0.35429578376298904,0.813509905477413,-0.08910724656726104,-0.35429578376298904,0.8006579832318621,-0.10309326418856851,-0.35429578376298904,1.2309930680791055,0.2923468961014865,-1.2768227522324944,1.2438449903246565,0.306332913722794,-1.2768227522324944,0.813509905477413,-0.08910724656726104,-1.2768227522324944,0.8006579832318621,-0.10309326418856851,-1.2768227522324944,1.2309930680791055 0.0010652696
7 -1.2723956248517525,0.7547909383725548,-0.2701305244726764,-1.27445420084461,0.7547909383725548,-0.5152725712071644,-1.7258064606432426,0.7547909383725548,-0.5114823486047162,-1.723747884650385,0.7547909383725548,-0.2663403018702282,-1.2723956248517525,-0.16018370437139512,-0.2701305244726764,-1.27445420084461,-0.16018370437139512,-0.5152725712071644,-1.7258064606432426,-0.16018370437139512,-0.5114823486047162,-1.723747884650385,-0.16018370437139512,-0.2663403018702282 0.0021725995
7 0.42584785351533194,-1.8055857206631278,0.7108116878870786,0.43135299928996546,-1.8055857206631278,0.383824625340196,0.04543793668966989,-1.8055857206631278,0.3773273692723452,0.039932790915036376,-1.8055857206631278,0.7043144318192278,0.42584785351533194,-2.3962170098971747,0.7108116878870786,0.43135299928996546,-2.3962170098971747,0.383824625340196,0.04543793668966989,-2.3962170098971747,0.3773273692723452,0.039932790915036376,-2.3962170098971747,0.7043144318192278 0.0018462827
7 -0.2897984344674615,0.4008451578270817,-1.0499687197908187,-0.28855752425068953,0.4008451578270817,-1.431077249507658,-0.9056065719412298,0.4008451578270817,-1.433086394955275,-0.9068474821580019,0.4008451578270817,-1.0519778652384357,-0.2897984344674615,-0.2703735855471516,-1.0499687197908187,-0.28855752425068953,-0.2703735855471516,-1.431077249507658,-0.9056065719412298,-0.2703735855471516,-1.433086394955275,-0.9068474821580019,-0.2703735855471516,-1.0519778652384357 0.0022881797
8 2.259612209290445,-1.3443044136214828,0.18886122325862587,2.2601178851210215,-1.3443044136214828,-0.028522188943970614,1.4950686626730558,-1.3443044136214828,-0.030301841296803356,1.4945629868424795,-1.3443044136214828,0.18708157090579314,2.259612209290445,-2.198960213835182,0.18886122325862587,2.2601178851210215,-2.198960213835182,-0.028522188943970614,1.4950686626730558,-2.198960213835182,-0.030301841296803356,1.4945629868424795,-2.198960213835182,0.18708157090579314 0.0036944842
8 -0.4144220780906823,-0.1337212165180683,1.8264925197691464,-0.40340693945978895,-0.1337212165180683,1.466499016227403,-0.7432250547828528,-0.1337212165180683,1.45610120734267,-0.7542401934137462,-0.1337212165180683,1.8160947108844134,-0.4144220780906823,-0.9375254074748516,1.8264925197691464,-0.40340693945978895,-0.9375254074748516,1.466499016227403,-0.7432250547828528,-0.9375254074748516,1.45610120734267,-0.7542401934137462,-0.9375254074748516,1.8160947108844134 0.0045682904
8 -0.3642433457459594,-0.03896845792716502,0.11581043195630261,-0.3508546952247368,-0.03896845792716502,-0.33633650655019975,-0.8290679879103516,-0.03896845792716502,-0.35049701523686594,-0.8424566384315743,-0.03896845792716502,0.10164992326963643,-0.3642433457459594,-0.7480978229146624,0.11581043195630261,-0.3508546952247368,-0.7480978229146624,-0.33633650655019975,-0.8290679879103516,-0.7480978229146624,-0.35049701523686594,-0.8424566384315743,-0.7480978229146624,0.10164992326963643 0.005593873
8 0.8197980946498126,-0.4085990703601217,0.9802923327381243,0.8338872265649391,-0.4085990703601217,0.5524784684688628,0.33807529745528997,-0.4085990703601217,0.5361499661510358,0.32398616554016346,-0.4085990703601217,0.9639638304202973,0.8197980946498126,-1.1131313526135111,0.9802923327381243,0.8338872265649391,-1.1131313526135111,0.5524784684688628,0.33807529745528997,-1.1131313526135111,0.5361499661510358,0.32398616554016346,-1.1131313526135111,0.9639638304202973 0.0070392084
8 -1.7176939854462923,-0.10402427622413396,-0.5501248607353575,-1.7034642210517597,-0.10402427622413396,-0.894283115166534,-2.1408117404143034,-0.10402427622413396,-0.9123659363074892,-2.1550415048088363,-0.10402427622413396,-0.5682076818763127,-1.7176939854462923,-0.8243975787487055,-0.5501248607353575,-1.7034642210517597,-0.8243975787487055,-0.894283115166534,-2.1408117404143034,-0.8243975787487055,-0.9123659363074892,-2.1550415048088363,-0.8243975787487055,-0.5682076818763127 0.0059150066
8 1.4362787454386783,-1.2389222244668578,-0.5205472210050536,1.4368605358532693,-1.2389222244668578,-0.751286786098305,0.7250288278798032,-1.2389222244668578,-0.7530816099046754,0.7244470374652121,-1.2389222244668578,-0.522342044811424,1.4362787454386783,-2.1257149119924925,-0.5205472210050536,1.4368605358532693,-2.1257149119924925,-0.751286786098305,0.7250288278798032,-2.1257149119924925,-0.7530816099046754,0.7244470374652121,-2.1257149119924925,-0.522342044811424 0.0047714524
8 -0.09647135907381735,-1.0411715554941272,1.5023880678206873,-0.11181841836644371,-1.0411715554941272,1.0307444316684131,-0.5659796697500352,-1.0411715554941272,1.0455226224869298,-0.5506326104574089,-1.0411715554941272,1.517166258639204,-0.09647135907381735,-1.8175709200155163,1.5023880678206873,-0.11181841836644371,-1.8175709200155163,1.0307444316684131,-0.5659796697500352,-1.8175709200155163,1.0455226224869298,-0.5506326104574089,-1.8175709200155163,1.517166258639204 0.0058747856
8 1.0630181008682846,-0.8611388011772012,-0.04052590972147979,1.068395356198455,-0.8611388011772012,-0.4377943122043658,0.4444916075362564,-0.8611388011772012,-0.446239206731691,0.4391143522060862,-0.8611388011772012,-0.04897080424880498,1.0630181008682846,-1.5909149841468955,-0.04052590972147979,1.068395356198455,-1.5909149841468955,-0.4377943122043658,0.4444916075362564,-1.5909149841468955,-0.446239206731691,0.4391143522060862,-1.5909149841468955,-0.04897080424880498 0.0040631113
8 -0.37132852888590423,-0.2584484602261162,0.7551229071136161,-0.36204315970628537,-0.2584484602261162,0.4897182234867351,-0.9019932188939419,-0.2584484602261162,0.4708276916031197,-0.9112785880735608,-0.2584484602261162,0.7362323752300007,-0.37132852888590423,-1.137721440668049,0.7551229071136161,-0.36204315970628537,-1.137721440668049,0.4897182234867351,-0.9019932188939419,-1.137721440668049,0.4708276916031197,-0.9112785880735608,-1.137721440668049,0.7362323752300007 0.0057103257
8 0.08685924661794034,-0.7061021710682487,-0.19193172475317044,0.08826925461871168,-0.7061021710682487,-0.6543027989670769,-0.34952517402806604,-0.7061021710682487,-0.6556378600933261,-0.35093518202883744,-0.7061021710682487,-0.19326678587941967,0.08685924661794034,-1.5467836474131966,-0.19193172475317044,0.08826925461871168,-1.5467836474131966,-0.6543027989670769,-0.34952517402806604,-1.5467836474131966,-0.6556378600933261,-0.35093518202883744,-1.5467836474131966,-0.19326678587941967 0.0046608816
8 0.2923468961014865,-0.35429578376298904,1.2438449903246565,0.306332913722794,-0.35429578376298904,0.813509905477413,-0.08910724656726104,-0.35429578376298904,0.8006579832318621,-0.10309326418856851,-0.35429578376298904,1.2309930680791055,0.2923468961014865,-1.2768227522324944,1.2438449903246565,0.306332913722794,-1.2768227522324944,0.813509905477413,-0.08910724656726104,-1.2768227522324944,0.8006579832318621,-0.10309326418856851,-1.2768227522324944,1.2309930680791055 0.0029292505
8 -1.2723956248517525,0.7547909383725548,-0.2701305244726764,-1.27445420084461,0.7547909383725548,-0.5152725712071644,-1.7258064606432426,0.7547909383725548,-0.5114823486047162,-1.723747884650385,0.7547909383725548,-0.2663403018702282,-1.2723956248517525,-0.16018370437139512,-0.2701305244726764,-1.27445420084461,-0.16018370437139512,-0.5152725712071644,-1.7258064606432426,-0.16018370437139512,-0.5114823486047162,-1.723747884650385,-0.16018370437139512,-0.2663403018702282 0.0045384355
8 0.42584785351533194,-1.8055857206631278,0.7108116878870786,0.43135299928996546,-1.8055857206631278,0.383824625340196,0.04543793668966989,-1.8055857206631278,0.3773273692723452,0.039932790915036376,-1.8055857206631278,0.7043144318192278,0.42584785351533194,-2.3962170098971747,0.7108116878870786,0.43135299928996546,-2.3962170098971747,0.383824625340196,0.04543793668966989,-2.3962170098971747,0.3773273692723452,0.039932790915036376,-2.3962170098971747,0.7043144318192278 0.005018483
8 -0.2897984344674615,0.4008451578270817,-1.0499687197908187,-0.28855752425068953,0.4008451578270817,-1.431077249507658,-0.9056065719412298,0.4008451578270817,-1.433086394955275,-0.9068474821580019,0.4008451578270817,-1.0519778652384357,-0.2897984344674615,-0.2703735855471516,-1.0499687197908187,-0.28855752425068953,-0.2703735855471516,-1.431077249507658,-0.9056065719412298,-0.2703735855471516,-1.433086394955275,-0.9068474821580019,-0.2703735855471516,-1.0519778652384357 0.0057041333
9 2.259612209290445,-1.3443044136214828,0.18886122325862587,2.2601178851210215,-1.3443044136214828,-0.028522188943970614,1.4950686626730558,-1.3443044136214828,-0.030301841296803356,1.4945629868424795,-1.3443044136214828,0.18708157090579314,2.259612209290445,-2.198960213835182,0.18886122325862587,2.2601178851210215,-2.198960213835182,-0.028522188943970614,1.4950686626730558,-2.198960213835182,-0.030301841296803356,1.4945629868424795,-2.198960213835182,0.18708157090579314 0.010886758
9 -0.4144220780906823,-0.1337212165180683,1.8264925197691464,-0.40340693945978895,-0.1337212165180683,1.466499016227403,-0.7432250547828528,-0.1337212165180683,1.45610120734267,-0.7542401934137462,-0.1337212165180683,1.8160947108844134,-0.4144220780906823,-0.9375254074748516,1.8264925197691464,-0.40340693945978895,-0.9375254074748516,1.466499016227403,-0.7432250547828528,-0.9375254074748516,1.45610120734267,-0.7542401934137462,-0.9375254074748516,1.8160947108844134 0.0071943155
9 -0.3642433457459594,-0.03896845792716502,0.11581043195630261,-0.3508546952247368,-0.03896845792716502,-0.33633650655019975,-0.8290679879103516,-0.03896845792716502,-0.35049701523686594,-0.8424566384315743,-0.03896845792716502,0.10164992326963643,-0.3642433457459594,-0.7480978229146624,0.11581043195630261,-0.3508546952247368,-0.7480978229146624,-0.33633650655019975,-0.8290679879103516,-0.7480978229146624,-0.35049701523686594,-0.8424566384315743,-0.7480978229146624,0.10164992326963643 0.0099794045
9 0.8197980946498126,-0.4085990703601217,0.9802923327381243,0.8338872265649391,-0.4085990703601217,0.5524784684688628,0.33807529745528997,-0.4085990703601217,0.5361499661510358,0.32398616554016346,-0.4085990703601217,0.9639638304202973,0.8197980946498126,-1.1131313526135111,0.9802923327381243,0.8338872265649391,-1.1131313526135111,0.5524784684688628,0.33807529745528997,-1.1131313526135111,0.5361499661510358,0.32398616554016346,-1.1131313526135111,0.9639638304202973 0.014286778
9 -1.7176939854462923,-0.10402427622413396,-0.5501248607353575,-1.7034642210517597,-0.10402427622413396,-0.894283115166534,-2.1408117404143034,-0.10402427622413396,-0.9123659363074892,-2.1550415048088363,-0.10402427622413396,-0.5682076818763127,-1.7176939854462923,-0.8243975787487055,-0.5501248607353575,-1.7034642210517597,-0.8243975787487055,-0.894283115166534,-2.1408117404143034,-0.8243975787487055,-0.9123659363074892,-2.1550415048088363,-0.8243975787487055,-0.5682076818763127 0.011634659
9 1.4362787454386783,-1.2389222244668578,-0.5205472210050536,1.4368605358532693,-1.2389222244668578,-0.751286786098305,0.7250288278798032,-1.2389222244668578,-0.7530816099046754,0.7244470374652121,-1.2389222244668578,-0.522342044811424,1.4362787454386783,-2.1257149119924925,-0.5205472210050536,1.4368605358532693,-2.1257149119924925,-0.751286786098305,0.7250288278798032,-2.1257149119924925,-0.7530816099046754,0.7244470374652121,-2.1257149119924925,-0.522342044811424 0.011790288
9 -0.09647135907381735,-1.0411715554941272,1.5023880678206873,-0.11181841836644371,-1.0411715554941272,1.0307444316684131,-0.5659796697500352,-1.0411715554941272,1.0455226224869298,-0.5506326104574089,-1.0411715554941272,1.517166258639204,-0.09647135907381735,-1.8175709200155163,1.5023880678206873,-0.11181841836644371,-1.8175709200155163,1.0307444316684131,-0.5659796697500352,-1.8175709200155163,1.0455226224869298,-0.5506326104574089,-1.8175709200155163,1.517166258639204 0.010866886
9 1.0630181008682846,-0.8611388011772012,-0.04052590972147979,1.068395356198455,-0.8611388011772012,-0.4377943122043658,0.4444916075362564,-0.8611388011772012,-0.446239206731691,0.4391143522060862,-0.8611388011772012,-0.04897080424880498,1.0630181008682846,-1.5909149841468955,-0.04052590972147979,1.068395356198455,-1.5909149841468955,-0.4377943122043658,0.4444916075362564,-1.5909149841468955,-0.446239206731691,0.4391143522060862,-1.5909149841468955,-0.04897080424880498 0.007468375
9 -0.37132852888590423,-0.2584484602261162,0.7551229071136161,-0.36204315970628537,-0.2584484602261162,0.4897182234867351,-0.9019932188939419,-0.2584484602261162,0.4708276916031197,-0.9112785880735608,-0.2584484602261162,0.7362323752300007,-0.37132852888590423,-1.137721440668049,0.7551229071136161,-0.36204315970628537,-1.137721440668049,0.4897182234867351,-0.9019932188939419,-1.137721440668049,0.4708276916031197,-0.9112785880735608,-1.137721440668049,0.7362323752300007 0.012336568
9 0.08685924661794034,-0.7061021710682487,-0.19193172475317044,0.08826925461871168,-0.7061021710682487,-0.6543027989670769,-0.34952517402806604,-0.7061021710682487,-0.6556378600933261,-0.35093518202883744,-0.7061021710682487,-0.19326678587941967,0.08685924661794034,-1.5467836474131966,-0.19193172475317044,0.08826925461871168,-1.5467836474131966,-0.6543027989670769,-0.34952517402806604,-1.5467836474131966,-0.6556378600933261,-0.35093518202883744,-1.5467836474131966,-0.19326678587941967 0.008121549
9 0.2923468961014865,-0.35429578376298904,1.2438449903246565,0.306332913722794,-0.35429578376298904,0.813509905477413,-0.08910724656726104,-0.35429578376298904,0.8006579832318621,-0.10309326418856851,-0.35429578376298904,1.2309930680791055,0.2923468961014865,-1.2768227522324944,1.2438449903246565,0.306332913722794,-1.2768227522324944,0.813509905477413,-0.08910724656726104,-1.2768227522324944,0.8006579832318621,-0.10309326418856851,-1.2768227522324944,1.2309930680791055 0.0074023576
9 -1.2723956248517525,0.7547909383725548,-0.2701305244726764,-1.27445420084461,0.7547909383725548,-0.5152725712071644,-1.7258064606432426,0.7547909383725548,-0.5114823486047162,-1.723747884650385,0.7547909383725548,-0.2663403018702282,-1.2723956248517525,-0.16018370437139512,-0.2701305244726764,-1.27445420084461,-0.16018370437139512,-0.5152725712071644,-1.7258064606432426,-0.16018370437139512,-0.5114823486047162,-1.723747884650385,-0.16018370437139512,-0.2663403018702282 0.008698778
9 0.42584785351533194,-1.8055857206631278,0.7108116878870786,0.43135299928996546,-1.8055857206631278,0.383824625340196,0.04543793668966989,-1.8055857206631278,0.3773273692723452,0.039932790915036376,-1.8055857206631278,0.7043144318192278,0.42584785351533194,-2.3962170098971747,0.7108116878870786,0.43135299928996546,-2.3962170098971747,0.383824625340196,0.04543793668966989,-2.3962170098971747,0.3773273692723452,0.039932790915036376,-2.3962170098971747,0.7043144318192278 0.007520189
9 -0.2897984344674615,0.4008451578270817,-1.0499687197908187,-0.28855752425068953,0.4008451578270817,-1.431077249507658,-0.9056065719412298,0.4008451578270817,-1.433086394955275,-0.9068474821580019,0.4008451578270817,-1.0519778652384357,-0.2897984344674615,-0.2703735855471516,-1.0499687197908187,-0.28855752425068953,-0.2703735855471516,-1.431077249507658,-0.9056065719412298,-0.2703735855471516,-1.433086394955275,-0.9068474821580019,-0.2703735855471516,-1.0519778652384357 0.0091148475
