0 -0.31564628417319945,1.746330368245783,-1.448231137856546,-0.3231695794817626,1.746330368245783,-1.7951443630436847,-0.7719398803012878,1.746330368245783,-1.7854121555241913,-0.7644165849927247,1.746330368245783,-1.4384989303370526,-0.31564628417319945,1.108875167642889,-1.448231137856546,-0.3231695794817626,1.108875167642889,-1.7951443630436847,-0.7719398803012878,1.108875167642889,-1.7854121555241913,-0.7644165849927247,1.108875167642889,-1.4384989303370526 0.010248687
0 -0.4024981903126661,1.6932209012162114,0.4652500336296622,-0.3826114879096244,1.6932209012162114,0.2241017016574129,-0.805649454683977,1.6932209012162114,0.18921516488718346,-0.8255361570870187,1.6932209012162114,0.4303634968594328,-0.4024981903126661,0.8345570090163326,0.4652500336296622,-0.3826114879096244,0.8345570090163326,0.2241017016574129,-0.805649454683977,0.8345570090163326,0.18921516488718346,-0.8255361570870187,0.8345570090163326,0.4303634968594328 0.0077324994
0 -0.4731759951354056,0.3050566286843443,-0.23181242659526166,-0.4763271770881531,0.3050566286843443,-0.5577991227164651,-0.8535996749161692,0.3050566286843443,-0.5541521815971822,-0.8504484929634216,0.3050566286843443,-0.22816548547597867,-0.4731759951354056,-0.49947112510615826,-0.23181242659526166,-0.4763271770881531,-0.49947112510615826,-0.5577991227164651,-0.8535996749161692,-0.49947112510615826,-0.5541521815971822,-0.8504484929634216,-0.49947112510615826,-0.22816548547597867 0.007823169
0 -1.7935455757138548,0.15771016205511096,0.13754145007639307,-1.773846055362617,0.15771016205511096,-0.2530947858580761,-2.0867961925509158,0.15771016205511096,-0.268876648955635,-2.1064957129021535,0.15771016205511096,0.12175958697883413,-1.7935455757138548,-0.8000901016112327,0.13754145007639307,-1.773846055362617,-0.8000901016112327,-0.2530947858580761,-2.0867961925509158,-0.8000901016112327,-0.268876648955635,-2.1064957129021535,-0.8000901016112327,0.12175958697883413 0.005682576
0 -1.7220364696149422,1.052638172085228,-0.254119568951755,-1.709756720886317,1.052638172085228,-0.5664951357071119,-2.105452429616015,1.052638172085228,-0.5820502699535794,-2.11773217834464,1.052638172085228,-0.2696747031982226,-1.7220364696149422,0.1352835903812027,-0.254119568951755,-1.709756720886317,0.1352835903812027,-0.5664951357071119,-2.105452429616015,0.1352835903812027,-0.5820502699535794,-2.11773217834464,0.1352835903812027,-0.2696747031982226 0.009490449
0 0.3373834327950865,2.3334039923798464,-0.876598865517799,0.3493532518442783,2.3334039923798464,-1.2049904280716128,-0.16394363205579815,2.3334039923798464,-1.2237000160129627,-0.17591345110498996,2.3334039923798464,-0.8953084534591489,0.3373834327950865,1.5165434601653194,-0.876598865517799,0.3493532518442783,1.5165434601653194,-1.2049904280716128,-0.16394363205579815,1.5165434601653194,-1.2237000160129627,-0.17591345110498996,1.5165434601653194,-0.8953084534591489 0.010558564
0 -2.086343632333116,0.02174259434157849,-0.7666202758346309,-2.079076122786656,0.02174259434157849,-1.135523565862134,-2.649256362326308,0.02174259434157849,-1.1467562939132938,-2.6565238718727677,0.02174259434157849,-0.7778530038857907,-2.086343632333116,-0.7817767382662917,-0.7666202758346309,-2.079076122786656,-0.7817767382662917,-1.135523565862134,-2.649256362326308,-0.7817767382662917,-1.1467562939132938,-2.6565238718727677,-0.7817767382662917,-0.7778530038857907 0.006704245
0 0.7501175010112294,2.35266206311697,0.0560829977818893,0.7592801846341553,2.35266206311697,-0.14454061341026375,0.34482733369793805,2.35266206311697,-0.16346909509386287,0.3356646500750123,2.35266206311697,0.037154516098290194,0.7501175010112294,1.368325256829319,0.0560829977818893,0.7592801846341553,1.368325256829319,-0.14454061341026375,0.34482733369793805,1.368325256829319,-0.16346909509386287,0.3356646500750123,1.368325256829319,0.037154516098290194 0.0094755385
0 1.2554008147734659,2.5760905369248412,-0.4859140185867651,1.2749514977986411,2.5760905369248412,-0.7302036174623802,0.6192234375458701,2.5760905369248412,-0.782682034536709,0.5996727545206947,2.5760905369248412,-0.538392435661094,1.2554008147734659,1.8479526416335081,-0.4859140185867651,1.2749514977986411,1.8479526416335081,-0.7302036174623802,0.6192234375458701,1.8479526416335081,-0.782682034536709,0.5996727545206947,1.8479526416335081,-0.538392435661094 0.01520312
0 -1.856442474084552,1.0304394037526274,-1.0960620651911106,-1.8514648127543256,1.0304394037526274,-1.4455016395894862,-2.491420723242108,1.0304394037526274,-1.4546176184941921,-2.4963983845723345,1.0304394037526274,-1.1051780440958165,-1.856442474084552,0.25241896798199176,-1.0960620651911106,-1.8514648127543256,0.25241896798199176,-1.4455016395894862,-2.491420723242108,0.25241896798199176,-1.4546176184941921,-2.4963983845723345,0.25241896798199176,-1.1051780440958165 0.0142027885
0 -0.3887978247802302,1.0593714703869248,0.3916813846318232,-0.37302610533403646,1.0593714703869248,0.02377580863653797,-0.7167145558197454,1.0593714703869248,0.009042251518536853,-0.7324862752659391,1.0593714703869248,0.37694782751382216,-0.3887978247802302,-0.09898519414180762,0.3916813846318232,-0.37302610533403646,-0.09898519414180762,0.02377580863653797,-0.7167145558197454,-0.09898519414180762,0.009042251518536853,-0.7324862752659391,-0.09898519414180762,0.37694782751382216 0.007582171
0 -0.11902999408463344,2.1600837846350096,-0.6757885798010401,-0.10571892136770739,2.1600837846350096,-0.9611123673560636,-0.4540611552455057,2.1600837846350096,-0.9773634091821142,-0.4673722279624318,2.1600837846350096,-0.6920396216270907,-0.11902999408463344,1.0742852549005126,-0.6757885798010401,-0.10571892136770739,1.0742852549005126,-0.9611123673560636,-0.4540611552455057,1.0742852549005126,-0.9773634091821142,-0.4673722279624318,1.0742852549005126,-0.6920396216270907 0.006627075
0 -1.0104283740084077,1.0685285245131875,-1.1889175692464473,-1.005684103410848,1.0685285245131875,-1.4837210339034077,-1.4093530724485015,1.0685285245131875,-1.4902172764871953,-1.4140973430460613,1.0685285245131875,-1.1954138118302349,-1.0104283740084077,0.17416549575811385,-1.1889175692464473,-1.005684103410848,0.17416549575811385,-1.4837210339034077,-1.4093530724485015,0.17416549575811385,-1.4902172764871953,-1.4140973430460613,0.17416549575811385,-1.1954138118302349 0.0074815466
0 0.5599859536202461,3.497085063631477,-0.2593088330333953,0.5632064536067448,3.497085063631477,-0.49415434466302854,0.1741843044249505,3.497085063631477,-0.49948911055867623,0.1709638044384517,3.497085063631477,-0.264643598929043,0.5599859536202461,2.377135784452019,-0.2593088330333953,0.5632064536067448,2.377135784452019,-0.49415434466302854,0.1741843044249505,2.377135784452019,-0.49948911055867623,0.1709638044384517,2.377135784452019,-0.264643598929043 0.0076789823
0 -1.945434821292995,1.650048508222046,-0.6926892672827605,-1.9256610393370197,1.650048508222046,-0.9476626733882187,-2.347590195491673,1.650048508222046,-0.9803842629143831,-2.3673639774476483,1.650048508222046,-0.7254108568089248,-1.945434821292995,0.6808450083184814,-0.6926892672827605,-1.9256610393370197,0.6808450083184814,-0.9476626733882187,-2.347590195491673,0.6808450083184814,-0.9803842629143831,-2.3673639774476483,0.6808450083184814,-0.7254108568089248 0.010670815
0 0.7860440019644276,1.8552974228810692,-1.1719100782122491,0.7915519054095622,1.8552974228810692,-1.4965034633076597,0.19869708976378286,1.8552974228810692,-1.5065633943829657,0.19318918631864823,1.8552974228810692,-1.1819700092875551,0.7860440019644276,0.9711197848368263,-1.1719100782122491,0.7915519054095622,0.9711197848368263,-1.4965034633076597,0.19869708976378286,0.9711197848368263,-1.5065633943829657,0.19318918631864823,0.9711197848368263,-1.1819700092875551 0.012681067
1 -0.31564628417319945,1.746330368245783,-1.448231137856546,-0.3231695794817626,1.746330368245783,-1.7951443630436847,-0.7719398803012878,1.746330368245783,-1.7854121555241913,-0.7644165849927247,1.746330368245783,-1.4384989303370526,-0.31564628417319945,1.108875167642889,-1.448231137856546,-0.3231695794817626,1.108875167642889,-1.7951443630436847,-0.7719398803012878,1.108875167642889,-1.7854121555241913,-0.7644165849927247,1.108875167642889,-1.4384989303370526 0.016317049
1 -0.4024981903126661,1.6932209012162114,0.4652500336296622,-0.3826114879096244,1.6932209012162114,0.2241017016574129,-0.805649454683977,1.6932209012162114,0.18921516488718346,-0.8255361570870187,1.6932209012162114,0.4303634968594328,-0.4024981903126661,0.8345570090163326,0.4652500336296622,-0.3826114879096244,0.8345570090163326,0.2241017016574129,-0.805649454683977,0.8345570090163326,0.18921516488718346,-0.8255361570870187,0.8345570090163326,0.4303634968594328 0.010483956
1 -0.4731759951354056,0.3050566286843443,-0.23181242659526166,-0.4763271770881531,0.3050566286843443,-0.5577991227164651,-0.8535996749161692,0.3050566286843443,-0.5541521815971822,-0.8504484929634216,0.3050566286843443,-0.22816548547597867,-0.4731759951354056,-0.49947112510615826,-0.23181242659526166,-0.4763271770881531,-0.49947112510615826,-0.5577991227164651,-0.8535996749161692,-0.49947112510615826,-0.5541521815971822,-0.8504484929634216,-0.49947112510615826,-0.22816548547597867 0.0076051154
1 -1.7935455757138548,0.15771016205511096,0.13754145007639307,-1.773846055362617,0.15771016205511096,-0.2530947858580761,-2.0867961925509158,0.15771016205511096,-0.268876648955635,-2.1064957129021535,0.15771016205511096,0.12175958697883413,-1.7935455757138548,-0.8000901016112327,0.13754145007639307,-1.773846055362617,-0.8000901016112327,-0.2530947858580761,-2.0867961925509158,-0.8000901016112327,-0.268876648955635,-2.1064957129021535,-0.8000901016112327,0.12175958697883413 0.006867035
1 -1.7220364696149422,1.052638172085228,-0.254119568951755,-1.709756720886317,1.052638172085228,-0.5664951357071119,-2.105452429616015,1.052638172085228,-0.5820502699535794,-2.11773217834464,1.052638172085228,-0.2696747031982226,-1.7220364696149422,0.1352835903812027,-0.254119568951755,-1.709756720886317,0.1352835903812027,-0.5664951357071119,-2.105452429616015,0.1352835903812027,-0.5820502699535794,-2.11773217834464,0.1352835903812027,-0.2696747031982226 0.01092525
1 0.3373834327950865,2.3334039923798464,-0.876598865517799,0.3493532518442783,2.3334039923798464,-1.2049904280716128,-0.16394363205579815,2.3334039923798464,-1.2237000160129627,-0.17591345110498996,2.3334039923798464,-0.8953084534591489,0.3373834327950865,1.5165434601653194,-0.876598865517799,0.3493532518442783,1.5165434601653194,-1.2049904280716128,-0.16394363205579815,1.5165434601653194,-1.2237000160129627,-0.17591345110498996,1.5165434601653194,-0.8953084534591489 0.012902804
1 -2.086343632333116,0.02174259434157849,-0.7666202758346309,-2.079076122786656,0.02174259434157849,-1.135523565862134,-2.649256362326308,0.02174259434157849,-1.1467562939132938,-2.6565238718727677,0.02174259434157849,-0.7778530038857907,-2.086343632333116,-0.7817767382662917,-0.7666202758346309,-2.079076122786656,-0.7817767382662917,-1.135523565862134,-2.649256362326308,-0.7817767382662917,-1.1467562939132938,-2.6565238718727677,-0.7817767382662917,-0.7778530038857907 0.009700677
1 0.7501175010112294,2.35266206311697,0.0560829977818893,0.7592801846341553,2.35266206311697,-0.14454061341026375,0.34482733369793805,2.35266206311697,-0.16346909509386287,0.3356646500750123,2.35266206311697,0.037154516098290194,0.7501175010112294,1.368325256829319,0.0560829977818893,0.7592801846341553,1.368325256829319,-0.14454061341026375,0.34482733369793805,1.368325256829319,-0.16346909509386287,0.3356646500750123,1.368325256829319,0.037154516098290194 0.007253021
1 1.2554008147734659,2.5760905369248412,-0.4859140185867651,1.2749514977986411,2.5760905369248412,-0.7302036174623802,0.6192234375458701,2.5760905369248412,-0.782682034536709,0.5996727545206947,2.5760905369248412,-0.538392435661094,1.2554008147734659,1.8479526416335081,-0.4859140185867651,1.2749514977986411,1.8479526416335081,-0.7302036174623802,0.6192234375458701,1.8479526416335081,-0.782682034536709,0.5996727545206947,1.8479526416335081,-0.538392435661094 0.015290655
1 -1.856442474084552,1.0304394037526274,-1.0960620651911106,-1.8514648127543256,1.0304394037526274,-1.4455016395894862,-2.491420723242108,1.0304394037526274,-1.4546176184941921,-2.4963983845723345,1.0304394037526274,-1.1051780440958165,-1.856442474084552,0.25241896798199176,-1.0960620651911106,-1.8514648127543256,0.25241896798199176,-1.4455016395894862,-2.491420723242108,0.25241896798199176,-1.4546176184941921,-2.4963983845723345,0.25241896798199176,-1.1051780440958165 0.016003123
1 -0.3887978247802302,1.0593714703869248,0.3916813846318232,-0.37302610533403646,1.0593714703869248,0.02377580863653797,-0.7167145558197454,1.0593714703869248,0.009042251518536853,-0.7324862752659391,1.0593714703869248,0.37694782751382216,-0.3887978247802302,-0.09898519414180762,0.3916813846318232,-0.37302610533403646,-0.09898519414180762,0.02377580863653797,-0.7167145558197454,-0.09898519414180762,0.009042251518536853,-0.7324862752659391,-0.09898519414180762,0.37694782751382216 0.012481666
1 -0.11902999408463344,2.1600837846350096,-0.6757885798010401,-0.10571892136770739,2.1600837846350096,-0.9611123673560636,-0.4540611552455057,2.1600837846350096,-0.9773634091821142,-0.4673722279624318,2.1600837846350096,-0.6920396216270907,-0.11902999408463344,1.0742852549005126,-0.6757885798010401,-0.10571892136770739,1.0742852549005126,-0.9611123673560636,-0.4540611552455057,1.0742852549005126,-0.9773634091821142,-0.4673722279624318,1.0742852549005126,-0.6920396216270907 0.008802019
1 -1.0104283740084077,1.0685285245131875,-1.1889175692464473,-1.005684103410848,1.0685285245131875,-1.4837210339034077,-1.4093530724485015,1.0685285245131875,-1.4902172764871953,-1.4140973430460613,1.0685285245131875,-1.1954138118302349,-1.0104283740084077,0.17416549575811385,-1.1889175692464473,-1.005684103410848,0.17416549575811385,-1.4837210339034077,-1.4093530724485015,0.17416549575811385,-1.4902172764871953,-1.4140973430460613,0.17416549575811385,-1.1954138118302349 0.0066832453
1 0.5599859536202461,3.497085063631477,-0.2593088330333953,0.5632064536067448,3.497085063631477,-0.49415434466302854,0.1741843044249505,3.497085063631477,-0.49948911055867623,0.1709638044384517,3.497085063631477,-0.264643598929043,0.5599859536202461,2.377135784452019,-0.2593088330333953,0.5632064536067448,2.377135784452019,-0.49415434466302854,0.1741843044249505,2.377135784452019,-0.49948911055867623,0.1709638044384517,2.377135784452019,-0.264643598929043 0.0077645397
1 -1.945434821292995,1.650048508222046,-0.6926892672827605,-1.9256610393370197,1.650048508222046,-0.9476626733882187,-2.347590195491673,1.650048508222046,-0.9803842629143831,-2.3673639774476483,1.650048508222046,-0.7254108568089248,-1.945434821292995,0.6808450083184814,-0.6926892672827605,-1.9256610393370197,0.6808450083184814,-0.9476626733882187,-2.347590195491673,0.6808450083184814,-0.9803842629143831,-2.3673639774476483,0.6808450083184814,-0.7254108568089248 0.010179117
1 0.7860440019644276,1.8552974228810692,-1.1719100782122491,0.7915519054095622,1.8552974228810692,-1.4965034633076597,0.19869708976378286,1.8552974228810692,-1.5065633943829657,0.19318918631864823,1.8552974228810692,-1.1819700092875551,0.7860440019644276,0.9711197848368263,-1.1719100782122491,0.7915519054095622,0.9711197848368263,-1.4965034633076597,0.19869708976378286,0.9711197848368263,-1.5065633943829657,0.19318918631864823,0.9711197848368263,-1.1819700092875551 0.013297689
2 -0.31564628417319945,1.746330368245783,-1.448231137856546,-0.3231695794817626,1.746330368245783,-1.7951443630436847,-0.7719398803012878,1.746330368245783,-1.7854121555241913,-0.7644165849927247,1.746330368245783,-1.4384989303370526,-0.31564628417319945,1.108875167642889,-1.448231137856546,-0.3231695794817626,1.108875167642889,-1.7951443630436847,-0.7719398803012878,1.108875167642889,-1.7854121555241913,-0.7644165849927247,1.108875167642889,-1.4384989303370526 0.017372543
2 -0.4024981903126661,1.6932209012162114,0.4652500336296622,-0.3826114879096244,1.6932209012162114,0.2241017016574129,-0.805649454683977,1.6932209012162114,0.18921516488718346,-0.8255361570870187,1.6932209012162114,0.4303634968594328,-0.4024981903126661,0.8345570090163326,0.4652500336296622,-0.3826114879096244,0.8345570090163326,0.2241017016574129,-0.805649454683977,0.8345570090163326,0.18921516488718346,-0.8255361570870187,0.8345570090163326,0.4303634968594328 0.010479682
2 -0.4731759951354056,0.3050566286843443,-0.23181242659526166,-0.4763271770881531,0.3050566286843443,-0.5577991227164651,-0.8535996749161692,0.3050566286843443,-0.5541521815971822,-0.8504484929634216,0.3050566286843443,-0.22816548547597867,-0.4731759951354056,-0.49947112510615826,-0.23181242659526166,-0.4763271770881531,-0.49947112510615826,-0.5577991227164651,-0.8535996749161692,-0.49947112510615826,-0.5541521815971822,-0.8504484929634216,-0.49947112510615826,-0.22816548547597867 0.008863289
2 -1.7935455757138548,0.15771016205511096,0.13754145007639307,-1.773846055362617,0.15771016205511096,-0.2530947858580761,-2.0867961925509158,0.15771016205511096,-0.268876648955635,-2.1064957129021535,0.15771016205511096,0.12175958697883413,-1.7935455757138548,-0.8000901016112327,0.13754145007639307,-1.773846055362617,-0.8000901016112327,-0.2530947858580761,-2.0867961925509158,-0.8000901016112327,-0.268876648955635,-2.1064957129021535,-0.8000901016112327,0.12175958697883413 0.007726949
2 -1.7220364696149422,1.052638172085228,-0.254119568951755,-1.709756720886317,1.052638172085228,-0.5664951357071119,-2.105452429616015,1.052638172085228,-0.5820502699535794,-2.11773217834464,1.052638172085228,-0.2696747031982226,-1.7220364696149422,0.1352835903812027,-0.254119568951755,-1.709756720886317,0.1352835903812027,-0.5664951357071119,-2.105452429616015,0.1352835903812027,-0.5820502699535794,-2.11773217834464,0.1352835903812027,-0.2696747031982226 0.011059899
2 0.3373834327950865,2.3334039923798464,-0.876598865517799,0.3493532518442783,2.3334039923798464,-1.2049904280716128,-0.16394363205579815,2.3334039923798464,-1.2237000160129627,-0.17591345110498996,2.3334039923798464,-0.8953084534591489,0.3373834327950865,1.5165434601653194,-0.876598865517799,0.3493532518442783,1.5165434601653194,-1.2049904280716128,-0.16394363205579815,1.5165434601653194,-1.2237000160129627,-0.17591345110498996,1.5165434601653194,-0.8953084534591489 0.01076641
2 -2.086343632333116,0.02174259434157849,-0.7666202758346309,-2.079076122786656,0.02174259434157849,-1.135523565862134,-2.649256362326308,0.02174259434157849,-1.1467562939132938,-2.6565238718727677,0.02174259434157849,-0.7778530038857907,-2.086343632333116,-0.7817767382662917,-0.7666202758346309,-2.079076122786656,-0.7817767382662917,-1.135523565862134,-2.649256362326308,-0.7817767382662917,-1.1467562939132938,-2.6565238718727677,-0.7817767382662917,-0.7778530038857907 0.0067390082
2 0.7501175010112294,2.35266206311697,0.0560829977818893,0.7592801846341553,2.35266206311697,-0.14454061341026375,0.34482733369793805,2.35266206311697,-0.16346909509386287,0.3356646500750123,2.35266206311697,0.037154516098290194,0.7501175010112294,1.368325256829319,0.0560829977818893,0.7592801846341553,1.368325256829319,-0.14454061341026375,0.34482733369793805,1.368325256829319,-0.16346909509386287,0.3356646500750123,1.368325256829319,0.037154516098290194 0.011472032
2 1.2554008147734659,2.5760905369248412,-0.4859140185867651,1.2749514977986411,2.5760905369248412,-0.7302036174623802,0.6192234375458701,2.5760905369248412,-0.782682034536709,0.5996727545206947,2.5760905369248412,-0.538392435661094,1.2554008147734659,1.8479526416335081,-0.4859140185867651,1.2749514977986411,1.8479526416335081,-0.7302036174623802,0.6192234375458701,1.8479526416335081,-0.782682034536709,0.5996727545206947,1.8479526416335081,-0.538392435661094 0.015607896
2 -1.856442474084552,1.0304394037526274,-1.0960620651911106,-1.8514648127543256,1.0304394037526274,-1.4455016395894862,-2.491420723242108,1.0304394037526274,-1.4546176184941921,-2.4963983845723345,1.0304394037526274,-1.1051780440958165,-1.856442474084552,0.25241896798199176,-1.0960620651911106,-1.8514648127543256,0.25241896798199176,-1.4455016395894862,-2.491420723242108,0.25241896798199176,-1.4546176184941921,-2.4963983845723345,0.25241896798199176,-1.1051780440958165 0.012975482
2 -0.3887978247802302,1.0593714703869248,0.3916813846318232,-0.37302610533403646,1.0593714703869248,0.02377580863653797,-0.7167145558197454,1.0593714703869248,0.009042251518536853,-0.7324862752659391,1.0593714703869248,0.37694782751382216,-0.3887978247802302,-0.09898519414180762,0.3916813846318232,-0.37302610533403646,-0.09898519414180762,0.02377580863653797,-0.7167145558197454,-0.09898519414180762,0.009042251518536853,-0.7324862752659391,-0.09898519414180762,0.37694782751382216 0.008889003
2 -0.11902999408463344,2.1600837846350096,-0.6757885798010401,-0.10571892136770739,2.1600837846350096,-0.9611123673560636,-0.4540611552455057,2.1600837846350096,-0.9773634091821142,-0.4673722279624318,2.1600837846350096,-0.6920396216270907,-0.11902999408463344,1.0742852549005126,-0.6757885798010401,-0.10571892136770739,1.0742852549005126,-0.9611123673560636,-0.4540611552455057,1.0742852549005126,-0.9773634091821142,-0.4673722279624318,1.0742852549005126,-0.6920396216270907 0.007362638
2 -1.0104283740084077,1.0685285245131875,-1.1889175692464473,-1.005684103410848,1.0685285245131875,-1.4837210339034077,-1.4093530724485015,1.0685285245131875,-1.4902172764871953,-1.4140973430460613,1.0685285245131875,-1.1954138118302349,-1.0104283740084077,0.17416549575811385,-1.1889175692464473,-1.005684103410848,0.17416549575811385,-1.4837210339034077,-1.4093530724485015,0.17416549575811385,-1.4902172764871953,-1.4140973430460613,0.17416549575811385,-1.1954138118302349 0.009684708
2 0.5599859536202461,3.497085063631477,-0.2593088330333953,0.5632064536067448,3.497085063631477,-0.49415434466302854,0.1741843044249505,3.497085063631477,-0.49948911055867623,0.1709638044384517,3.497085063631477,-0.264643598929043,0.5599859536202461,2.377135784452019,-0.2593088330333953,0.5632064536067448,2.377135784452019,-0.49415434466302854,0.1741843044249505,2.377135784452019,-0.49948911055867623,0.1709638044384517,2.377135784452019,-0.264643598929043 0.00579258
2 -1.945434821292995,1.650048508222046,-0.6926892672827605,-1.9256610393370197,1.650048508222046,-0.9476626733882187,-2.347590195491673,1.650048508222046,-0.9803842629143831,-2.3673639774476483,1.650048508222046,-0.7254108568089248,-1.945434821292995,0.6808450083184814,-0.6926892672827605,-1.9256610393370197,0.6808450083184814,-0.9476626733882187,-2.347590195491673,0.6808450083184814,-0.9803842629143831,-2.3673639774476483,0.6808450083184814,-0.7254108568089248 0.009866466
2 0.7860440019644276,1.8552974228810692,-1.1719100782122491,0.7915519054095622,1.8552974228810692,-1.4965034633076597,0.19869708976378286,1.8552974228810692,-1.5065633943829657,0.19318918631864823,1.8552974228810692,-1.1819700092875551,0.7860440019644276,0.9711197848368263,-1.1719100782122491,0.7915519054095622,0.9711197848368263,-1.4965034633076597,0.19869708976378286,0.9711197848368263,-1.5065633943829657,0.19318918631864823,0.9711197848368263,-1.1819700092875551 0.010172541
3 -0.31564628417319945,1.746330368245783,-1.448231137856546,-0.3231695794817626,1.746330368245783,-1.7951443630436847,-0.7719398803012878,1.746330368245783,-1.7854121555241913,-0.7644165849927247,1.746330368245783,-1.4384989303370526,-0.31564628417319945,1.108875167642889,-1.448231137856546,-0.3231695794817626,1.108875167642889,-1.7951443630436847,-0.7719398803012878,1.108875167642889,-1.7854121555241913,-0.7644165849927247,1.108875167642889,-1.4384989303370526 0.00770824
3 -0.4024981903126661,1.6932209012162114,0.4652500336296622,-0.3826114879096244,1.6932209012162114,0.2241017016574129,-0.805649454683977,1.6932209012162114,0.18921516488718346,-0.8255361570870187,1.6932209012162114,0.4303634968594328,-0.4024981903126661,0.8345570090163326,0.4652500336296622,-0.3826114879096244,0.8345570090163326,0.2241017016574129,-0.805649454683977,0.8345570090163326,0.18921516488718346,-0.8255361570870187,0.8345570090163326,0.4303634968594328 0.010462052
3 -0.4731759951354056,0.3050566286843443,-0.23181242659526166,-0.4763271770881531,0.3050566286843443,-0.5577991227164651,-0.8535996749161692,0.3050566286843443,-0.5541521815971822,-0.8504484929634216,0.3050566286843443,-0.22816548547597867,-0.4731759951354056,-0.49947112510615826,-0.23181242659526166,-0.4763271770881531,-0.49947112510615826,-0.5577991227164651,-0.8535996749161692,-0.49947112510615826,-0.5541521815971822,-0.8504484929634216,-0.49947112510615826,-0.22816548547597867 0.009584534
3 -1.7935455757138548,0.15771016205511096,0.13754145007639307,-1.773846055362617,0.15771016205511096,-0.2530947858580761,-2.0867961925509158,0.15771016205511096,-0.268876648955635,-2.1064957129021535,0.15771016205511096,0.12175958697883413,-1.7935455757138548,-0.8000901016112327,0.13754145007639307,-1.773846055362617,-0.8000901016112327,-0.2530947858580761,-2.0867961925509158,-0.8000901016112327,-0.268876648955635,-2.1064957129021535,-0.8000901016112327,0.12175958697883413 0.0054065543
3 -1.7220364696149422,1.052638172085228,-0.254119568951755,-1.709756720886317,1.052638172085228,-0.5664951357071119,-2.105452429616015,1.052638172085228,-0.5820502699535794,-2.11773217834464,1.052638172085228,-0.2696747031982226,-1.7220364696149422,0.1352835903812027,-0.254119568951755,-1.709756720886317,0.1352835903812027,-0.5664951357071119,-2.105452429616015,0.1352835903812027,-0.5820502699535794,-2.11773217834464,0.1352835903812027,-0.2696747031982226 0.010811325
3 0.3373834327950865,2.3334039923798464,-0.876598865517799,0.3493532518442783,2.3334039923798464,-1.2049904280716128,-0.16394363205579815,2.3334039923798464,-1.2237000160129627,-0.17591345110498996,2.3334039923798464,-0.8953084534591489,0.3373834327950865,1.5165434601653194,-0.876598865517799,0.3493532518442783,1.5165434601653194,-1.2049904280716128,-0.16394363205579815,1.5165434601653194,-1.2237000160129627,-0.17591345110498996,1.5165434601653194,-0.8953084534591489 0.008433381
3 -2.086343632333116,0.02174259434157849,-0.7666202758346309,-2.079076122786656,0.02174259434157849,-1.135523565862134,-2.649256362326308,0.02174259434157849,-1.1467562939132938,-2.6565238718727677,0.02174259434157849,-0.7778530038857907,-2.086343632333116,-0.7817767382662917,-0.7666202758346309,-2.079076122786656,-0.7817767382662917,-1.135523565862134,-2.649256362326308,-0.7817767382662917,-1.1467562939132938,-2.6565238718727677,-0.7817767382662917,-0.7778530038857907 0.006694974
3 0.7501175010112294,2.35266206311697,0.0560829977818893,0.7592801846341553,2.35266206311697,-0.14454061341026375,0.34482733369793805,2.35266206311697,-0.16346909509386287,0.3356646500750123,2.35266206311697,0.037154516098290194,0.7501175010112294,1.368325256829319,0.0560829977818893,0.7592801846341553,1.368325256829319,-0.14454061341026375,0.34482733369793805,1.368325256829319,-0.16346909509386287,0.3356646500750123,1.368325256829319,0.037154516098290194 0.004946373
3 1.2554008147734659,2.5760905369248412,-0.4859140185867651,1.2749514977986411,2.5760905369248412,-0.7302036174623802,0.6192234375458701,2.5760905369248412,-0.782682034536709,0.5996727545206947,2.5760905369248412,-0.538392435661094,1.2554008147734659,1.8479526416335081,-0.4859140185867651,1.2749514977986411,1.8479526416335081,-0.7302036174623802,0.6192234375458701,1.8479526416335081,-0.782682034536709,0.5996727545206947,1.8479526416335081,-0.538392435661094 0.016990257
3 -1.856442474084552,1.0304394037526274,-1.0960620651911106,-1.8514648127543256,1.0304394037526274,-1.4455016395894862,-2.491420723242108,1.0304394037526274,-1.4546176184941921,-2.4963983845723345,1.0304394037526274,-1.1051780440958165,-1.856442474084552,0.25241896798199176,-1.0960620651911106,-1.8514648127543256,0.25241896798199176,-1.4455016395894862,-2.491420723242108,0.25241896798199176,-1.4546176184941921,-2.4963983845723345,0.25241896798199176,-1.1051780440958165 0.013503311
3 -0.3887978247802302,1.0593714703869248,0.3916813846318232,-0.37302610533403646,1.0593714703869248,0.02377580863653797,-0.7167145558197454,1.0593714703869248,0.009042251518536853,-0.7324862752659391,1.0593714703869248,0.37694782751382216,-0.3887978247802302,-0.09898519414180762,0.3916813846318232,-0.37302610533403646,-0.09898519414180762,0.02377580863653797,-0.7167145558197454,-0.09898519414180762,0.009042251518536853,-0.7324862752659391,-0.09898519414180762,0.37694782751382216 0.007689128
3 -0.11902999408463344,2.1600837846350096,-0.6757885798010401,-0.10571892136770739,2.1600837846350096,-0.9611123673560636,-0.4540611552455057,2.1600837846350096,-0.9773634091821142,-0.4673722279624318,2.1600837846350096,-0.6920396216270907,-0.11902999408463344,1.0742852549005126,-0.6757885798010401,-0.10571892136770739,1.0742852549005126,-0.9611123673560636,-0.4540611552455057,1.0742852549005126,-0.9773634091821142,-0.4673722279624318,1.0742852549005126,-0.6920396216270907 0.004470375
3 -1.0104283740084077,1.0685285245131875,-1.1889175692464473,-1.005684103410848,1.0685285245131875,-1.4837210339034077,-1.4093530724485015,1.0685285245131875,-1.4902172764871953,-1.4140973430460613,1.0685285245131875,-1.1954138118302349,-1.0104283740084077,0.17416549575811385,-1.1889175692464473,-1.005684103410848,0.17416549575811385,-1.4837210339034077,-1.4093530724485015,0.17416549575811385,-1.4902172764871953,-1.4140973430460613,0.17416549575811385,-1.1954138118302349 0.0080773365
3 0.5599859536202461,3.497085063631477,-0.2593088330333953,0.5632064536067448,3.497085063631477,-0.49415434466302854,0.1741843044249505,3.497085063631477,-0.49948911055867623,0.1709638044384517,3.497085063631477,-0.264643598929043,0.5599859536202461,2.377135784452019,-0.2593088330333953,0.5632064536067448,2.377135784452019,-0.49415434466302854,0.1741843044249505,2.377135784452019,-0.49948911055867623,0.1709638044384517,2.377135784452019,-0.264643598929043 0.0047782892
3 -1.945434821292995,1.650048508222046,-0.6926892672827605,-1.9256610393370197,1.650048508222046,-0.9476626733882187,-2.347590195491673,1.650048508222046,-0.9803842629143831,-2.3673639774476483,1.650048508222046,-0.7254108568089248,-1.945434821292995,0.6808450083184814,-0.6926892672827605,-1.9256610393370197,0.6808450083184814,-0.9476626733882187,-2.347590195491673,0.6808450083184814,-0.9803842629143831,-2.3673639774476483,0.6808450083184814,-0.7254108568089248 0.008151163
3 0.7860440019644276,1.8552974228810692,-1.1719100782122491,0.7915519054095622,1.8552974228810692,-1.4965034633076597,0.19869708976378286,1.8552974228810692,-1.5065633943829657,0.19318918631864823,1.8552974228810692,-1.1819700092875551,0.7860440019644276,0.9711197848368263,-1.1719100782122491,0.7915519054095622,0.9711197848368263,-1.4965034633076597,0.19869708976378286,0.9711197848368263,-1.5065633943829657,0.19318918631864823,0.9711197848368263,-1.1819700092875551 0.010358355
4 -0.31564628417319945,1.746330368245783,-1.448231137856546,-0.3231695794817626,1.746330368245783,-1.7951443630436847,-0.7719398803012878,1.746330368245783,-1.7854121555241913,-0.7644165849927247,1.746330368245783,-1.4384989303370526,-0.31564628417319945,1.108875167642889,-1.448231137856546,-0.3231695794817626,1.108875167642889,-1.7951443630436847,-0.7719398803012878,1.108875167642889,-1.7854121555241913,-0.7644165849927247,1.108875167642889,-1.4384989303370526 0.0051192874
4 -0.4024981903126661,1.6932209012162114,0.4652500336296622,-0.3826114879096244,1.6932209012162114,0.2241017016574129,-0.805649454683977,1.6932209012162114,0.18921516488718346,-0.8255361570870187,1.6932209012162114,0.4303634968594328,-0.4024981903126661,0.8345570090163326,0.4652500336296622,-0.3826114879096244,0.8345570090163326,0.2241017016574129,-0.805649454683977,0.8345570090163326,0.18921516488718346,-0.8255361570870187,0.8345570090163326,0.4303634968594328 0.005084975
4 -0.4731759951354056,0.3050566286843443,-0.23181242659526166,-0.4763271770881531,0.3050566286843443,-0.5577991227164651,-0.8535996749161692,0.3050566286843443,-0.5541521815971822,-0.8504484929634216,0.3050566286843443,-0.22816548547597867,-0.4731759951354056,-0.49947112510615826,-0.23181242659526166,-0.4763271770881531,-0.49947112510615826,-0.5577991227164651,-0.8535996749161692,-0.49947112510615826,-0.5541521815971822,-0.8504484929634216,-0.49947112510615826,-0.22816548547597867 0.0039685075
4 -1.7935455757138548,0.15771016205511096,0.13754145007639307,-1.773846055362617,0.15771016205511096,-0.2530947858580761,-2.0867961925509158,0.15771016205511096,-0.268876648955635,-2.1064957129021535,0.15771016205511096,0.12175958697883413,-1.7935455757138548,-0.8000901016112327,0.13754145007639307,-1.773846055362617,-0.8000901016112327,-0.2530947858580761,-2.0867961925509158,-0.8000901016112327,-0.268876648955635,-2.1064957129021535,-0.8000901016112327,0.12175958697883413 0.0033308226
4 -1.7220364696149422,1.052638172085228,-0.254119568951755,-1.709756720886317,1.052638172085228,-0.5664951357071119,-2.105452429616015,1.052638172085228,-0.5820502699535794,-2.11773217834464,1.052638172085228,-0.2696747031982226,-1.7220364696149422,0.1352835903812027,-0.254119568951755,-1.709756720886317,0.1352835903812027,-0.5664951357071119,-2.105452429616015,0.1352835903812027,-0.5820502699535794,-2.11773217834464,0.1352835903812027,-0.2696747031982226 0.0061769355
4 0.3373834327950865,2.3334039923798464,-0.876598865517799,0.3493532518442783,2.3334039923798464,-1.2049904280716128,-0.16394363205579815,2.3334039923798464,-1.2237000160129627,-0.17591345110498996,2.3334039923798464,-0.8953084534591489,0.3373834327950865,1.5165434601653194,-0.876598865517799,0.3493532518442783,1.5165434601653194,-1.2049904280716128,-0.16394363205579815,1.5165434601653194,-1.2237000160129627,-0.17591345110498996,1.5165434601653194,-0.8953084534591489 0.007226846
4 -2.086343632333116,0.02174259434157849,-0.7666202758346309,-2.079076122786656,0.02174259434157849,-1.135523565862134,-2.649256362326308,0.02174259434157849,-1.1467562939132938,-2.6565238718727677,0.02174259434157849,-0.7778530038857907,-2.086343632333116,-0.7817767382662917,-0.7666202758346309,-2.079076122786656,-0.7817767382662917,-1.135523565862134,-2.649256362326308,-0.7817767382662917,-1.1467562939132938,-2.6565238718727677,-0.7817767382662917,-0.7778530038857907 0.0035879014
4 0.7501175010112294,2.35266206311697,0.0560829977818893,0.7592801846341553,2.35266206311697,-0.14454061341026375,0.34482733369793805,2.35266206311697,-0.16346909509386287,0.3356646500750123,2.35266206311697,0.037154516098290194,0.7501175010112294,1.368325256829319,0.0560829977818893,0.7592801846341553,1.368325256829319,-0.14454061341026375,0.34482733369793805,1.368325256829319,-0.16346909509386287,0.3356646500750123,1.368325256829319,0.037154516098290194 0.0032689928
4 1.2554008147734659,2.5760905369248412,-0.4859140185867651,1.2749514977986411,2.5760905369248412,-0.7302036174623802,0.6192234375458701,2.5760905369248412,-0.782682034536709,0.5996727545206947,2.5760905369248412,-0.538392435661094,1.2554008147734659,1.8479526416335081,-0.4859140185867651,1.2749514977986411,1.8479526416335081,-0.7302036174623802,0.6192234375458701,1.8479526416335081,-0.782682034536709,0.5996727545206947,1.8479526416335081,-0.538392435661094 0.008338433
4 -1.856442474084552,1.0304394037526274,-1.0960620651911106,-1.8514648127543256,1.0304394037526274,-1.4455016395894862,-2.491420723242108,1.0304394037526274,-1.4546176184941921,-2.4963983845723345,1.0304394037526274,-1.1051780440958165,-1.856442474084552,0.25241896798199176,-1.0960620651911106,-1.8514648127543256,0.25241896798199176,-1.4455016395894862,-2.491420723242108,0.25241896798199176,-1.4546176184941921,-2.4963983845723345,0.25241896798199176,-1.1051780440958165 0.009049082
4 -0.3887978247802302,1.0593714703869248,0.3916813846318232,-0.37302610533403646,1.0593714703869248,0.02377580863653797,-0.7167145558197454,1.0593714703869248,0.009042251518536853,-0.7324862752659391,1.0593714703869248,0.37694782751382216,-0.3887978247802302,-0.09898519414180762,0.3916813846318232,-0.37302610533403646,-0.09898519414180762,0.02377580863653797,-0.7167145558197454,-0.09898519414180762,0.009042251518536853,-0.7324862752659391,-0.09898519414180762,0.37694782751382216 0.004075486
4 -0.11902999408463344,2.1600837846350096,-0.6757885798010401,-0.10571892136770739,2.1600837846350096,-0.9611123673560636,-0.4540611552455057,2.1600837846350096,-0.9773634091821142,-0.4673722279624318,2.1600837846350096,-0.6920396216270907,-0.11902999408463344,1.0742852549005126,-0.6757885798010401,-0.10571892136770739,1.0742852549005126,-0.9611123673560636,-0.4540611552455057,1.0742852549005126,-0.9773634091821142,-0.4673722279624318,1.0742852549005126,-0.6920396216270907 0.0033805692
4 -1.0104283740084077,1.0685285245131875,-1.1889175692464473,-1.005684103410848,1.0685285245131875,-1.4837210339034077,-1.4093530724485015,1.0685285245131875,-1.4902172764871953,-1.4140973430460613,1.0685285245131875,-1.1954138118302349,-1.0104283740084077,0.17416549575811385,-1.1889175692464473,-1.005684103410848,0.17416549575811385,-1.4837210339034077,-1.4093530724485015,0.17416549575811385,-1.4902172764871953,-1.4140973430460613,0.17416549575811385,-1.1954138118302349 0.002579944
4 0.5599859536202461,3.497085063631477,-0.2593088330333953,0.5632064536067448,3.497085063631477,-0.49415434466302854,0.1741843044249505,3.497085063631477,-0.49948911055867623,0.1709638044384517,3.497085063631477,-0.264643598929043,0.5599859536202461,2.377135784452019,-0.2593088330333953,0.5632064536067448,2.377135784452019,-0.49415434466302854,0.1741843044249505,2.377135784452019,-0.49948911055867623,0.1709638044384517,2.377135784452019,-0.264643598929043 0.0020212573
4 -1.945434821292995,1.650048508222046,-0.6926892672827605,-1.9256610393370197,1.650048508222046,-0.9476626733882187,-2.347590195491673,1.650048508222046,-0.9803842629143831,-2.3673639774476483,1.650048508222046,-0.7254108568089248,-1.945434821292995,0.6808450083184814,-0.6926892672827605,-1.9256610393370197,0.6808450083184814,-0.9476626733882187,-2.347590195491673,0.6808450083184814,-0.9803842629143831,-2.3673639774476483,0.6808450083184814,-0.7254108568089248 0.006974811
4 0.7860440019644276,1.8552974228810692,-1.1719100782122491,0.7915519054095622,1.8552974228810692,-1.4965034633076597,0.19869708976378286,1.8552974228810692,-1.5065633943829657,0.19318918631864823,1.8552974228810692,-1.1819700092875551,0.7860440019644276,0.9711197848368263,-1.1719100782122491,0.7915519054095622,0.9711197848368263,-1.4965034633076597,0.19869708976378286,0.9711197848368263,-1.5065633943829657,0.19318918631864823,0.9711197848368263,-1.1819700092875551 0.0063705645
5 -0.31564628417319945,1.746330368245783,-1.448231137856546,-0.3231695794817626,1.746330368245783,-1.7951443630436847,-0.7719398803012878,1.746330368245783,-1.7854121555241913,-0.7644165849927247,1.746330368245783,-1.4384989303370526,-0.31564628417319945,1.108875167642889,-1.448231137856546,-0.3231695794817626,1.108875167642889,-1.7951443630436847,-0.7719398803012878,1.108875167642889,-1.7854121555241913,-0.7644165849927247,1.108875167642889,-1.4384989303370526 0.014815442
5 -0.4024981903126661,1.6932209012162114,0.4652500336296622,-0.3826114879096244,1.6932209012162114,0.2241017016574129,-0.805649454683977,1.6932209012162114,0.18921516488718346,-0.8255361570870187,1.6932209012162114,0.4303634968594328,-0.4024981903126661,0.8345570090163326,0.4652500336296622,-0.3826114879096244,0.8345570090163326,0.2241017016574129,-0.805649454683977,0.8345570090163326,0.18921516488718346,-0.8255361570870187,0.8345570090163326,0.4303634968594328 0.013283264
5 -0.4731759951354056,0.3050566286843443,-0.23181242659526166,-0.4763271770881531,0.3050566286843443,-0.5577991227164651,-0.8535996749161692,0.3050566286843443,-0.5541521815971822,-0.8504484929634216,0.3050566286843443,-0.22816548547597867,-0.4731759951354056,-0.49947112510615826,-0.23181242659526166,-0.4763271770881531,-0.49947112510615826,-0.5577991227164651,-0.8535996749161692,-0.49947112510615826,-0.5541521815971822,-0.8504484929634216,-0.49947112510615826,-0.22816548547597867 0.009086794
5 -1.7935455757138548,0.15771016205511096,0.13754145007639307,-1.773846055362617,0.15771016205511096,-0.2530947858580761,-2.0867961925509158,0.15771016205511096,-0.268876648955635,-2.1064957129021535,0.15771016205511096,0.12175958697883413,-1.7935455757138548,-0.8000901016112327,0.13754145007639307,-1.773846055362617,-0.8000901016112327,-0.2530947858580761,-2.0867961925509158,-0.8000901016112327,-0.268876648955635,-2.1064957129021535,-0.8000901016112327,0.12175958697883413 0.0065083313
5 -1.7220364696149422,1.052638172085228,-0.254119568951755,-1.709756720886317,1.052638172085228,-0.5664951357071119,-2.105452429616015,1.052638172085228,-0.5820502699535794,-2.11773217834464,1.052638172085228,-0.2696747031982226,-1.7220364696149422,0.1352835903812027,-0.254119568951755,-1.709756720886317,0.1352835903812027,-0.5664951357071119,-2.105452429616015,0.1352835903812027,-0.5820502699535794,-2.11773217834464,0.1352835903812027,-0.2696747031982226 0.016429031
5 0.3373834327950865,2.3334039923798464,-0.876598865517799,0.3493532518442783,2.3334039923798464,-1.2049904280716128,-0.16394363205579815,2.3334039923798464,-1.2237000160129627,-0.17591345110498996,2.3334039923798464,-0.8953084534591489,0.3373834327950865,1.5165434601653194,-0.876598865517799,0.3493532518442783,1.5165434601653194,-1.2049904280716128,-0.16394363205579815,1.5165434601653194,-1.2237000160129627,-0.17591345110498996,1.5165434601653194,-0.8953084534591489 0.016715169
5 -2.086343632333116,0.02174259434157849,-0.7666202758346309,-2.079076122786656,0.02174259434157849,-1.135523565862134,-2.649256362326308,0.02174259434157849,-1.1467562939132938,-2.6565238718727677,0.02174259434157849,-0.7778530038857907,-2.086343632333116,-0.7817767382662917,-0.7666202758346309,-2.079076122786656,-0.7817767382662917,-1.135523565862134,-2.649256362326308,-0.7817767382662917,-1.1467562939132938,-2.6565238718727677,-0.7817767382662917,-0.7778530038857907 0.011383308
5 0.7501175010112294,2.35266206311697,0.0560829977818893,0.7592801846341553,2.35266206311697,-0.14454061341026375,0.34482733369793805,2.35266206311697,-0.16346909509386287,0.3356646500750123,2.35266206311697,0.037154516098290194,0.7501175010112294,1.368325256829319,0.0560829977818893,0.7592801846341553,1.368325256829319,-0.14454061341026375,0.34482733369793805,1.368325256829319,-0.16346909509386287,0.3356646500750123,1.368325256829319,0.037154516098290194 0.011575175
5 1.2554008147734659,2.5760905369248412,-0.4859140185867651,1.2749514977986411,2.5760905369248412,-0.7302036174623802,0.6192234375458701,2.5760905369248412,-0.782682034536709,0.5996727545206947,2.5760905369248412,-0.538392435661094,1.2554008147734659,1.8479526416335081,-0.4859140185867651,1.2749514977986411,1.8479526416335081,-0.7302036174623802,0.6192234375458701,1.8479526416335081,-0.782682034536709,0.5996727545206947,1.8479526416335081,-0.538392435661094 0.018687282
5 -1.856442474084552,1.0304394037526274,-1.0960620651911106,-1.8514648127543256,1.0304394037526274,-1.4455016395894862,-2.491420723242108,1.0304394037526274,-1.4546176184941921,-2.4963983845723345,1.0304394037526274,-1.1051780440958165,-1.856442474084552,0.25241896798199176,-1.0960620651911106,-1.8514648127543256,0.25241896798199176,-1.4455016395894862,-2.491420723242108,0.25241896798199176,-1.4546176184941921,-2.4963983845723345,0.25241896798199176,-1.1051780440958165 0.016348178
5 -0.3887978247802302,1.0593714703869248,0.3916813846318232,-0.37302610533403646,1.0593714703869248,0.02377580863653797,-0.7167145558197454,1.0593714703869248,0.009042251518536853,-0.7324862752659391,1.0593714703869248,0.37694782751382216,-0.3887978247802302,-0.09898519414180762,0.3916813846318232,-0.37302610533403646,-0.09898519414180762,0.02377580863653797,-0.7167145558197454,-0.09898519414180762,0.009042251518536853,-0.7324862752659391,-0.09898519414180762,0.37694782751382216 0.012080364
5 -0.11902999408463344,2.1600837846350096,-0.6757885798010401,-0.10571892136770739,2.1600837846350096,-0.9611123673560636,-0.4540611552455057,2.1600837846350096,-0.9773634091821142,-0.4673722279624318,2.1600837846350096,-0.6920396216270907,-0.11902999408463344,1.0742852549005126,-0.6757885798010401,-0.10571892136770739,1.0742852549005126,-0.9611123673560636,-0.4540611552455057,1.0742852549005126,-0.9773634091821142,-0.4673722279624318,1.0742852549005126,-0.6920396216270907 0.010858312
5 -1.0104283740084077,1.0685285245131875,-1.1889175692464473,-1.005684103410848,1.0685285245131875,-1.4837210339034077,-1.4093530724485015,1.0685285245131875,-1.4902172764871953,-1.4140973430460613,1.0685285245131875,-1.1954138118302349,-1.0104283740084077,0.17416549575811385,-1.1889175692464473,-1.005684103410848,0.17416549575811385,-1.4837210339034077,-1.4093530724485015,0.17416549575811385,-1.4902172764871953,-1.4140973430460613,0.17416549575811385,-1.1954138118302349 0.007382918
5 0.5599859536202461,3.497085063631477,-0.2593088330333953,0.5632064536067448,3.497085063631477,-0.49415434466302854,0.1741843044249505,3.497085063631477,-0.49948911055867623,0.1709638044384517,3.497085063631477,-0.264643598929043,0.5599859536202461,2.377135784452019,-0.2593088330333953,0.5632064536067448,2.377135784452019,-0.49415434466302854,0.1741843044249505,2.377135784452019,-0.49948911055867623,0.1709638044384517,2.377135784452019,-0.264643598929043 0.009082831
5 -1.945434821292995,1.650048508222046,-0.6926892672827605,-1.9256610393370197,1.650048508222046,-0.9476626733882187,-2.347590195491673,1.650048508222046,-0.9803842629143831,-2.3673639774476483,1.650048508222046,-0.7254108568089248,-1.945434821292995,0.6808450083184814,-0.6926892672827605,-1.9256610393370197,0.6808450083184814,-0.9476626733882187,-2.347590195491673,0.6808450083184814,-0.9803842629143831,-2.3673639774476483,0.6808450083184814,-0.7254108568089248 0.019320054
5 0.7860440019644276,1.8552974228810692,-1.1719100782122491,0.7915519054095622,1.8552974228810692,-1.4965034633076597,0.19869708976378286,1.8552974228810692,-1.5065633943829657,0.19318918631864823,1.8552974228810692,-1.1819700092875551,0.7860440019644276,0.9711197848368263,-1.1719100782122491,0.7915519054095622,0.9711197848368263,-1.4965034633076597,0.19869708976378286,0.9711197848368263,-1.5065633943829657,0.19318918631864823,0.9711197848368263,-1.1819700092875551 0.0137305325
6 -0.31564628417319945,1.746330368245783,-1.448231137856546,-0.3231695794817626,1.746330368245783,-1.7951443630436847,-0.7719398803012878,1.746330368245783,-1.7854121555241913,-0.7644165849927247,1.746330368245783,-1.4384989303370526,-0.31564628417319945,1.108875167642889,-1.448231137856546,-0.3231695794817626,1.108875167642889,-1.7951443630436847,-0.7719398803012878,1.108875167642889,-1.7854121555241913,-0.7644165849927247,1.108875167642889,-1.4384989303370526 0.0050873593
6 -0.4024981903126661,1.6932209012162114,0.4652500336296622,-0.3826114879096244,1.6932209012162114,0.2241017016574129,-0.805649454683977,1.6932209012162114,0.18921516488718346,-0.8255361570870187,1.6932209012162114,0.4303634968594328,-0.4024981903126661,0.8345570090163326,0.4652500336296622,-0.3826114879096244,0.8345570090163326,0.2241017016574129,-0.805649454683977,0.8345570090163326,0.18921516488718346,-0.8255361570870187,0.8345570090163326,0.4303634968594328 0.00890357
6 -0.4731759951354056,0.3050566286843443,-0.23181242659526166,-0.4763271770881531,0.3050566286843443,-0.5577991227164651,-0.8535996749161692,0.3050566286843443,-0.5541521815971822,-0.8504484929634216,0.3050566286843443,-0.22816548547597867,-0.4731759951354056,-0.49947112510615826,-0.23181242659526166,-0.4763271770881531,-0.49947112510615826,-0.5577991227164651,-0.8535996749161692,-0.49947112510615826,-0.5541521815971822,-0.8504484929634216,-0.49947112510615826,-0.22816548547597867 0.0056041903
6 -1.7935455757138548,0.15771016205511096,0.13754145007639307,-1.773846055362617,0.15771016205511096,-0.2530947858580761,-2.0867961925509158,0.15771016205511096,-0.268876648955635,-2.1064957129021535,0.15771016205511096,0.12175958697883413,-1.7935455757138548,-0.8000901016112327,0.13754145007639307,-1.773846055362617,-0.8000901016112327,-0.2530947858580761,-2.0867961925509158,-0.8000901016112327,-0.268876648955635,-2.1064957129021535,-0.8000901016112327,0.12175958697883413 0.0030865339
6 -1.7220364696149422,1.052638172085228,-0.254119568951755,-1.709756720886317,1.052638172085228,-0.5664951357071119,-2.105452429616015,1.052638172085228,-0.5820502699535794,-2.11773217834464,1.052638172085228,-0.2696747031982226,-1.7220364696149422,0.1352835903812027,-0.254119568951755,-1.709756720886317,0.1352835903812027,-0.5664951357071119,-2.105452429616015,0.1352835903812027,-0.5820502699535794,-2.11773217834464,0.1352835903812027,-0.2696747031982226 0.008659892
6 0.3373834327950865,2.3334039923798464,-0.876598865517799,0.3493532518442783,2.3334039923798464,-1.2049904280716128,-0.16394363205579815,2.3334039923798464,-1.2237000160129627,-0.17591345110498996,2.3334039923798464,-0.8953084534591489,0.3373834327950865,1.5165434601653194,-0.876598865517799,0.3493532518442783,1.5165434601653194,-1.2049904280716128,-0.16394363205579815,1.5165434601653194,-1.2237000160129627,-0.17591345110498996,1.5165434601653194,-0.8953084534591489 0.0100376215
6 -2.086343632333116,0.02174259434157849,-0.7666202758346309,-2.079076122786656,0.02174259434157849,-1.135523565862134,-2.649256362326308,0.02174259434157849,-1.1467562939132938,-2.6565238718727677,0.02174259434157849,-0.7778530038857907,-2.086343632333116,-0.7817767382662917,-0.7666202758346309,-2.079076122786656,-0.7817767382662917,-1.135523565862134,-2.649256362326308,-0.7817767382662917,-1.1467562939132938,-2.6565238718727677,-0.7817767382662917,-0.7778530038857907 0.004797714
6 0.7501175010112294,2.35266206311697,0.0560829977818893,0.7592801846341553,2.35266206311697,-0.14454061341026375,0.34482733369793805,2.35266206311697,-0.16346909509386287,0.3356646500750123,2.35266206311697,0.037154516098290194,0.7501175010112294,1.368325256829319,0.0560829977818893,0.7592801846341553,1.368325256829319,-0.14454061341026375,0.34482733369793805,1.368325256829319,-0.16346909509386287,0.3356646500750123,1.368325256829319,0.037154516098290194 0.0051273243
6 1.2554008147734659,2.5760905369248412,-0.4859140185867651,1.2749514977986411,2.5760905369248412,-0.7302036174623802,0.6192234375458701,2.5760905369248412,-0.782682034536709,0.5996727545206947,2.5760905369248412,-0.538392435661094,1.2554008147734659,1.8479526416335081,-0.4859140185867651,1.2749514977986411,1.8479526416335081,-0.7302036174623802,0.6192234375458701,1.8479526416335081,-0.782682034536709,0.5996727545206947,1.8479526416335081,-0.538392435661094 0.013629076
6 -1.856442474084552,1.0304394037526274,-1.0960620651911106,-1.8514648127543256,1.0304394037526274,-1.4455016395894862,-2.491420723242108,1.0304394037526274,-1.4546176184941921,-2.4963983845723345,1.0304394037526274,-1.1051780440958165,-1.856442474084552,0.25241896798199176,-1.0960620651911106,-1.8514648127543256,0.25241896798199176,-1.4455016395894862,-2.491420723242108,0.25241896798199176,-1.4546176184941921,-2.4963983845723345,0.25241896798199176,-1.1051780440958165 0.008498014
6 -0.3887978247802302,1.0593714703869248,0.3916813846318232,-0.37302610533403646,1.0593714703869248,0.02377580863653797,-0.7167145558197454,1.0593714703869248,0.009042251518536853,-0.7324862752659391,1.0593714703869248,0.37694782751382216,-0.3887978247802302,-0.09898519414180762,0.3916813846318232,-0.37302610533403646,-0.09898519414180762,0.02377580863653797,-0.7167145558197454,-0.09898519414180762,0.009042251518536853,-0.7324862752659391,-0.09898519414180762,0.37694782751382216 0.004291719
6 -0.11902999408463344,2.1600837846350096,-0.6757885798010401,-0.10571892136770739,2.1600837846350096,-0.9611123673560636,-0.4540611552455057,2.1600837846350096,-0.9773634091821142,-0.4673722279624318,2.1600837846350096,-0.6920396216270907,-0.11902999408463344,1.0742852549005126,-0.6757885798010401,-0.10571892136770739,1.0742852549005126,-0.9611123673560636,-0.4540611552455057,1.0742852549005126,-0.9773634091821142,-0.4673722279624318,1.0742852549005126,-0.6920396216270907 0.005080497
6 -1.0104283740084077,1.0685285245131875,-1.1889175692464473,-1.005684103410848,1.0685285245131875,-1.4837210339034077,-1.4093530724485015,1.0685285245131875,-1.4902172764871953,-1.4140973430460613,1.0685285245131875,-1.1954138118302349,-1.0104283740084077,0.17416549575811385,-1.1889175692464473,-1.005684103410848,0.17416549575811385,-1.4837210339034077,-1.4093530724485015,0.17416549575811385,-1.4902172764871953,-1.4140973430460613,0.17416549575811385,-1.1954138118302349 0.005997758
6 0.5599859536202461,3.497085063631477,-0.2593088330333953,0.5632064536067448,3.497085063631477,-0.49415434466302854,0.1741843044249505,3.497085063631477,-0.49948911055867623,0.1709638044384517,3.497085063631477,-0.264643598929043,0.5599859536202461,2.377135784452019,-0.2593088330333953,0.5632064536067448,2.377135784452019,-0.49415434466302854,0.1741843044249505,2.377135784452019,-0.49948911055867623,0.1709638044384517,2.377135784452019,-0.264643598929043 0.004202437
6 -1.945434821292995,1.650048508222046,-0.6926892672827605,-1.9256610393370197,1.650048508222046,-0.9476626733882187,-2.347590195491673,1.650048508222046,-0.9803842629143831,-2.3673639774476483,1.650048508222046,-0.7254108568089248,-1.945434821292995,0.6808450083184814,-0.6926892672827605,-1.9256610393370197,0.6808450083184814,-0.9476626733882187,-2.347590195491673,0.6808450083184814,-0.9803842629143831,-2.3673639774476483,0.6808450083184814,-0.7254108568089248 0.008472332
6 0.7860440019644276,1.8552974228810692,-1.1719100782122491,0.7915519054095622,1.8552974228810692,-1.4965034633076597,0.19869708976378286,1.8552974228810692,-1.5065633943829657,0.19318918631864823,1.8552974228810692,-1.1819700092875551,0.7860440019644276,0.9711197848368263,-1.1719100782122491,0.7915519054095622,0.9711197848368263,-1.4965034633076597,0.19869708976378286,0.9711197848368263,-1.5065633943829657,0.19318918631864823,0.9711197848368263,-1.1819700092875551 0.009388935
7 -0.31564628417319945,1.746330368245783,-1.448231137856546,-0.3231695794817626,1.746330368245783,-1.7951443630436847,-0.7719398803012878,1.746330368245783,-1.7854121555241913,-0.7644165849927247,1.746330368245783,-1.4384989303370526,-0.31564628417319945,1.108875167642889,-1.448231137856546,-0.3231695794817626,1.108875167642889,-1.7951443630436847,-0.7719398803012878,1.108875167642889,-1.7854121555241913,-0.7644165849927247,1.108875167642889,-1.4384989303370526 0.0046873726
7 -0.4024981903126661,1.6932209012162114,0.4652500336296622,-0.3826114879096244,1.6932209012162114,0.2241017016574129,-0.805649454683977,1.6932209012162114,0.18921516488718346,-0.8255361570870187,1.6932209012162114,0.4303634968594328,-0.4024981903126661,0.8345570090163326,0.4652500336296622,-0.3826114879096244,0.8345570090163326,0.2241017016574129,-0.805649454683977,0.8345570090163326,0.18921516488718346,-0.8255361570870187,0.8345570090163326,0.4303634968594328 0.0027010348
7 -0.4731759951354056,0.3050566286843443,-0.23181242659526166,-0.4763271770881531,0.3050566286843443,-0.5577991227164651,-0.8535996749161692,0.3050566286843443,-0.5541521815971822,-0.8504484929634216,0.3050566286843443,-0.22816548547597867,-0.4731759951354056,-0.49947112510615826,-0.23181242659526166,-0.4763271770881531,-0.49947112510615826,-0.5577991227164651,-0.8535996749161692,-0.49947112510615826,-0.5541521815971822,-0.8504484929634216,-0.49947112510615826,-0.22816548547597867 0.0024973524
7 -1.7935455757138548,0.15771016205511096,0.13754145007639307,-1.773846055362617,0.15771016205511096,-0.2530947858580761,-2.0867961925509158,0.15771016205511096,-0.268876648955635,-2.1064957129021535,0.15771016205511096,0.12175958697883413,-1.7935455757138548,-0.8000901016112327,0.13754145007639307,-1.773846055362617,-0.8000901016112327,-0.2530947858580761,-2.0867961925509158,-0.8000901016112327,-0.268876648955635,-2.1064957129021535,-0.8000901016112327,0.12175958697883413 0.0015390503
7 -1.7220364696149422,1.052638172085228,-0.254119568951755,-1.709756720886317,1.052638172085228,-0.5664951357071119,-2.105452429616015,1.052638172085228,-0.5820502699535794,-2.11773217834464,1.052638172085228,-0.2696747031982226,-1.7220364696149422,0.1352835903812027,-0.254119568951755,-1.709756720886317,0.1352835903812027,-0.5664951357071119,-2.105452429616015,0.1352835903812027,-0.5820502699535794,-2.11773217834464,0.1352835903812027,-0.2696747031982226 0.003293863
7 0.3373834327950865,2.3334039923798464,-0.876598865517799,0.3493532518442783,2.3334039923798464,-1.2049904280716128,-0.16394363205579815,2.3334039923798464,-1.2237000160129627,-0.17591345110498996,2.3334039923798464,-0.8953084534591489,0.3373834327950865,1.5165434601653194,-0.876598865517799,0.3493532518442783,1.5165434601653194,-1.2049904280716128,-0.16394363205579815,1.5165434601653194,-1.2237000160129627,-0.17591345110498996,1.5165434601653194,-0.8953084534591489 0.0031580902
7 -2.086343632333116,0.02174259434157849,-0.7666202758346309,-2.079076122786656,0.02174259434157849,-1.135523565862134,-2.649256362326308,0.02174259434157849,-1.1467562939132938,-2.6565238718727677,0.02174259434157849,-0.7778530038857907,-2.086343632333116,-0.7817767382662917,-0.7666202758346309,-2.079076122786656,-0.7817767382662917,-1.135523565862134,-2.649256362326308,-0.7817767382662917,-1.1467562939132938,-2.6565238718727677,-0.7817767382662917,-0.7778530038857907 0.0023861236
7 0.7501175010112294,2.35266206311697,0.0560829977818893,0.7592801846341553,2.35266206311697,-0.14454061341026375,0.34482733369793805,2.35266206311697,-0.16346909509386287,0.3356646500750123,2.35266206311697,0.037154516098290194,0.7501175010112294,1.368325256829319,0.0560829977818893,0.7592801846341553,1.368325256829319,-0.14454061341026375,0.34482733369793805,1.368325256829319,-0.16346909509386287,0.3356646500750123,1.368325256829319,0.037154516098290194 0.0014860552
7 1.2554008147734659,2.5760905369248412,-0.4859140185867651,1.2749514977986411,2.5760905369248412,-0.7302036174623802,0.6192234375458701,2.5760905369248412,-0.782682034536709,0.5996727545206947,2.5760905369248412,-0.538392435661094,1.2554008147734659,1.8479526416335081,-0.4859140185867651,1.2749514977986411,1.8479526416335081,-0.7302036174623802,0.6192234375458701,1.8479526416335081,-0.782682034536709,0.5996727545206947,1.8479526416335081,-0.538392435661094 0.004821001
7 -1.856442474084552,1.0304394037526274,-1.0960620651911106,-1.8514648127543256,1.0304394037526274,-1.4455016395894862,-2.491420723242108,1.0304394037526274,-1.4546176184941921,-2.4963983845723345,1.0304394037526274,-1.1051780440958165,-1.856442474084552,0.25241896798199176,-1.0960620651911106,-1.8514648127543256,0.25241896798199176,-1.4455016395894862,-2.491420723242108,0.25241896798199176,-1.4546176184941921,-2.4963983845723345,0.25241896798199176,-1.1051780440958165 0.0060087726
7 -0.3887978247802302,1.0593714703869248,0.3916813846318232,-0.37302610533403646,1.0593714703869248,0.02377580863653797,-0.7167145558197454,1.0593714703869248,0.009042251518536853,-0.7324862752659391,1.0593714703869248,0.37694782751382216,-0.3887978247802302,-0.09898519414180762,0.3916813846318232,-0.37302610533403646,-0.09898519414180762,0.02377580863653797,-0.7167145558197454,-0.09898519414180762,0.009042251518536853,-0.7324862752659391,-0.09898519414180762,0.37694782751382216 0.0019788595
7 -0.11902999408463344,2.1600837846350096,-0.6757885798010401,-0.10571892136770739,2.1600837846350096,-0.9611123673560636,-0.4540611552455057,2.1600837846350096,-0.9773634091821142,-0.4673722279624318,2.1600837846350096,-0.6920396216270907,-0.11902999408463344,1.0742852549005126,-0.6757885798010401,-0.10571892136770739,1.0742852549005126,-0.9611123673560636,-0.4540611552455057,1.0742852549005126,-0.9773634091821142,-0.4673722279624318,1.0742852549005126,-0.6920396216270907 0.0013961873
7 -1.0104283740084077,1.0685285245131875,-1.1889175692464473,-1.005684103410848,1.0685285245131875,-1.4837210339034077,-1.4093530724485015,1.0685285245131875,-1.4902172764871953,-1.4140973430460613,1.0685285245131875,-1.1954138118302349,-1.0104283740084077,0.17416549575811385,-1.1889175692464473,-1.005684103410848,0.17416549575811385,-1.4837210339034077,-1.4093530724485015,0.17416549575811385,-1.4902172764871953,-1.4140973430460613,0.17416549575811385,-1.1954138118302349 0.0021991327
7 0.5599859536202461,3.497085063631477,-0.2593088330333953,0.5632064536067448,3.497085063631477,-0.49415434466302854,0.1741843044249505,3.497085063631477,-0.49948911055867623,0.1709638044384517,3.497085063631477,-0.264643598929043,0.5599859536202461,2.377135784452019,-0.2593088330333953,0.5632064536067448,2.377135784452019,-0.49415434466302854,0.1741843044249505,2.377135784452019,-0.49948911055867623,0.1709638044384517,2.377135784452019,-0.264643598929043 0.0011870164
7 -1.945434821292995,1.650048508222046,-0.6926892672827605,-1.9256610393370197,1.650048508222046,-0.9476626733882187,-2.347590195491673,1.650048508222046,-0.9803842629143831,-2.3673639774476483,1.650048508222046,-0.7254108568089248,-1.945434821292995,0.6808450083184814,-0.6926892672827605,-1.9256610393370197,0.6808450083184814,-0.9476626733882187,-2.347590195491673,0.6808450083184814,-0.9803842629143831,-2.3673639774476483,0.6808450083184814,-0.7254108568089248 0.002272896
7 0.7860440019644276,1.8552974228810692,-1.1719100782122491,0.7915519054095622,1.8552974228810692,-1.4965034633076597,0.19869708976378286,1.8552974228810692,-1.5065633943829657,0.19318918631864823,1.8552974228810692,-1.1819700092875551,0.7860440019644276,0.9711197848368263,-1.1719100782122491,0.7915519054095622,0.9711197848368263,-1.4965034633076597,0.19869708976378286,0.9711197848368263,-1.5065633943829657,0.19318918631864823,0.9711197848368263,-1.1819700092875551 0.004601456
8 -0.31564628417319945,1.746330368245783,-1.448231137856546,-0.3231695794817626,1.746330368245783,-1.7951443630436847,-0.7719398803012878,1.746330368245783,-1.7854121555241913,-0.7644165849927247,1.746330368245783,-1.4384989303370526,-0.31564628417319945,1.108875167642889,-1.448231137856546,-0.3231695794817626,1.108875167642889,-1.7951443630436847,-0.7719398803012878,1.108875167642889,-1.7854121555241913,-0.7644165849927247,1.108875167642889,-1.4384989303370526 0.0045622895
8 -0.4024981903126661,1.6932209012162114,0.4652500336296622,-0.3826114879096244,1.6932209012162114,0.2241017016574129,-0.805649454683977,1.6932209012162114,0.18921516488718346,-0.8255361570870187,1.6932209012162114,0.4303634968594328,-0.4024981903126661,0.8345570090163326,0.4652500336296622,-0.3826114879096244,0.8345570090163326,0.2241017016574129,-0.805649454683977,0.8345570090163326,0.18921516488718346,-0.8255361570870187,0.8345570090163326,0.4303634968594328 0.005684506
8 -0.4731759951354056,0.3050566286843443,-0.23181242659526166,-0.4763271770881531,0.3050566286843443,-0.5577991227164651,-0.8535996749161692,0.3050566286843443,-0.5541521815971822,-0.8504484929634216,0.3050566286843443,-0.22816548547597867,-0.4731759951354056,-0.49947112510615826,-0.23181242659526166,-0.4763271770881531,-0.49947112510615826,-0.5577991227164651,-0.8535996749161692,-0.49947112510615826,-0.5541521815971822,-0.8504484929634216,-0.49947112510615826,-0.22816548547597867 0.0043059094
8 -1.7935455757138548,0.15771016205511096,0.13754145007639307,-1.773846055362617,0.15771016205511096,-0.2530947858580761,-2.0867961925509158,0.15771016205511096,-0.268876648955635,-2.1064957129021535,0.15771016205511096,0.12175958697883413,-1.7935455757138548,-0.8000901016112327,0.13754145007639307,-1.773846055362617,-0.8000901016112327,-0.2530947858580761,-2.0867961925509158,-0.8000901016112327,-0.268876648955635,-2.1064957129021535,-0.8000901016112327,0.12175958697883413 0.003943978
8 -1.7220364696149422,1.052638172085228,-0.254119568951755,-1.709756720886317,1.052638172085228,-0.5664951357071119,-2.105452429616015,1.052638172085228,-0.5820502699535794,-2.11773217834464,1.052638172085228,-0.2696747031982226,-1.7220364696149422,0.1352835903812027,-0.254119568951755,-1.709756720886317,0.1352835903812027,-0.5664951357071119,-2.105452429616015,0.1352835903812027,-0.5820502699535794,-2.11773217834464,0.1352835903812027,-0.2696747031982226 0.0068061803
8 0.3373834327950865,2.3334039923798464,-0.876598865517799,0.3493532518442783,2.3334039923798464,-1.2049904280716128,-0.16394363205579815,2.3334039923798464,-1.2237000160129627,-0.17591345110498996,2.3334039923798464,-0.8953084534591489,0.3373834327950865,1.5165434601653194,-0.876598865517799,0.3493532518442783,1.5165434601653194,-1.2049904280716128,-0.16394363205579815,1.5165434601653194,-1.2237000160129627,-0.17591345110498996,1.5165434601653194,-0.8953084534591489 0.0064437794
8 -2.086343632333116,0.02174259434157849,-0.7666202758346309,-2.079076122786656,0.02174259434157849,-1.135523565862134,-2.649256362326308,0.02174259434157849,-1.1467562939132938,-2.6565238718727677,0.02174259434157849,-0.7778530038857907,-2.086343632333116,-0.7817767382662917,-0.7666202758346309,-2.079076122786656,-0.7817767382662917,-1.135523565862134,-2.649256362326308,-0.7817767382662917,-1.1467562939132938,-2.6565238718727677,-0.7817767382662917,-0.7778530038857907 0.004499718
8 0.7501175010112294,2.35266206311697,0.0560829977818893,0.7592801846341553,2.35266206311697,-0.14454061341026375,0.34482733369793805,2.35266206311697,-0.16346909509386287,0.3356646500750123,2.35266206311697,0.037154516098290194,0.7501175010112294,1.368325256829319,0.0560829977818893,0.7592801846341553,1.368325256829319,-0.14454061341026375,0.34482733369793805,1.368325256829319,-0.16346909509386287,0.3356646500750123,1.368325256829319,0.037154516098290194 0.0037427444
8 1.2554008147734659,2.5760905369248412,-0.4859140185867651,1.2749514977986411,2.5760905369248412,-0.7302036174623802,0.6192234375458701,2.5760905369248412,-0.782682034536709,0.5996727545206947,2.5760905369248412,-0.538392435661094,1.2554008147734659,1.8479526416335081,-0.4859140185867651,1.2749514977986411,1.8479526416335081,-0.7302036174623802,0.6192234375458701,1.8479526416335081,-0.782682034536709,0.5996727545206947,1.8479526416335081,-0.538392435661094 0.01211779
8 -1.856442474084552,1.0304394037526274,-1.0960620651911106,-1.8514648127543256,1.0304394037526274,-1.4455016395894862,-2.491420723242108,1.0304394037526274,-1.4546176184941921,-2.4963983845723345,1.0304394037526274,-1.1051780440958165,-1.856442474084552,0.25241896798199176,-1.0960620651911106,-1.8514648127543256,0.25241896798199176,-1.4455016395894862,-2.491420723242108,0.25241896798199176,-1.4546176184941921,-2.4963983845723345,0.25241896798199176,-1.1051780440958165 0.011531
8 -0.3887978247802302,1.0593714703869248,0.3916813846318232,-0.37302610533403646,1.0593714703869248,0.02377580863653797,-0.7167145558197454,1.0593714703869248,0.009042251518536853,-0.7324862752659391,1.0593714703869248,0.37694782751382216,-0.3887978247802302,-0.09898519414180762,0.3916813846318232,-0.37302610533403646,-0.09898519414180762,0.02377580863653797,-0.7167145558197454,-0.09898519414180762,0.009042251518536853,-0.7324862752659391,-0.09898519414180762,0.37694782751382216 0.0044471133
8 -0.11902999408463344,2.1600837846350096,-0.6757885798010401,-0.10571892136770739,2.1600837846350096,-0.9611123673560636,-0.4540611552455057,2.1600837846350096,-0.9773634091821142,-0.4673722279624318,2.1600837846350096,-0.6920396216270907,-0.11902999408463344,1.0742852549005126,-0.6757885798010401,-0.10571892136770739,1.0742852549005126,-0.9611123673560636,-0.4540611552455057,1.0742852549005126,-0.9773634091821142,-0.4673722279624318,1.0742852549005126,-0.6920396216270907 0.0029975444
8 -1.0104283740084077,1.0685285245131875,-1.1889175692464473,-1.005684103410848,1.0685285245131875,-1.4837210339034077,-1.4093530724485015,1.0685285245131875,-1.4902172764871953,-1.4140973430460613,1.0685285245131875,-1.1954138118302349,-1.0104283740084077,0.17416549575811385,-1.1889175692464473,-1.005684103410848,0.17416549575811385,-1.4837210339034077,-1.4093530724485015,0.17416549575811385,-1.4902172764871953,-1.4140973430460613,0.17416549575811385,-1.1954138118302349 0.0032901498
8 0.5599859536202461,3.497085063631477,-0.2593088330333953,0.5632064536067448,3.497085063631477,-0.49415434466302854,0.1741843044249505,3.497085063631477,-0.49948911055867623,0.1709638044384517,3.497085063631477,-0.264643598929043,0.5599859536202461,2.377135784452019,-0.2593088330333953,0.5632064536067448,2.377135784452019,-0.49415434466302854,0.1741843044249505,2.377135784452019,-0.49948911055867623,0.1709638044384517,2.377135784452019,-0.264643598929043 0.00281163
8 -1.945434821292995,1.650048508222046,-0.6926892672827605,-1.9256610393370197,1.650048508222046,-0.9476626733882187,-2.347590195491673,1.650048508222046,-0.9803842629143831,-2.3673639774476483,1.650048508222046,-0.7254108568089248,-1.945434821292995,0.6808450083184814,-0.6926892672827605,-1.9256610393370197,0.6808450083184814,-0.9476626733882187,-2.347590195491673,0.6808450083184814,-0.9803842629143831,-2.3673639774476483,0.6808450083184814,-0.7254108568089248 0.0060888934
8 0.7860440019644276,1.8552974228810692,-1.1719100782122491,0.7915519054095622,1.8552974228810692,-1.4965034633076597,0.19869708976378286,1.8552974228810692,-1.5065633943829657,0.19318918631864823,1.8552974228810692,-1.1819700092875551,0.7860440019644276,0.9711197848368263,-1.1719100782122491,0.7915519054095622,0.9711197848368263,-1.4965034633076597,0.19869708976378286,0.9711197848368263,-1.5065633943829657,0.19318918631864823,0.9711197848368263,-1.1819700092875551 0.007395719
9 -0.31564628417319945,1.746330368245783,-1.448231137856546,-0.3231695794817626,1.746330368245783,-1.7951443630436847,-0.7719398803012878,1.746330368245783,-1.7854121555241913,-0.7644165849927247,1.746330368245783,-1.4384989303370526,-0.31564628417319945,1.108875167642889,-1.448231137856546,-0.3231695794817626,1.108875167642889,-1.7951443630436847,-0.7719398803012878,1.108875167642889,-1.7854121555241913,-0.7644165849927247,1.108875167642889,-1.4384989303370526 0.00852273
9 -0.4024981903126661,1.6932209012162114,0.4652500336296622,-0.3826114879096244,1.6932209012162114,0.2241017016574129,-0.805649454683977,1.6932209012162114,0.18921516488718346,-0.8255361570870187,1.6932209012162114,0.4303634968594328,-0.4024981903126661,0.8345570090163326,0.4652500336296622,-0.3826114879096244,0.8345570090163326,0.2241017016574129,-0.805649454683977,0.8345570090163326,0.18921516488718346,-0.8255361570870187,0.8345570090163326,0.4303634968594328 0.012908588
9 -0.4731759951354056,0.3050566286843443,-0.23181242659526166,-0.4763271770881531,0.3050566286843443,-0.5577991227164651,-0.8535996749161692,0.3050566286843443,-0.5541521815971822,-0.8504484929634216,0.3050566286843443,-0.22816548547597867,-0.4731759951354056,-0.49947112510615826,-0.23181242659526166,-0.4763271770881531,-0.49947112510615826,-0.5577991227164651,-0.8535996749161692,-0.49947112510615826,-0.5541521815971822,-0.8504484929634216,-0.49947112510615826,-0.22816548547597867 0.0095525915
9 -1.7935455757138548,0.15771016205511096,0.13754145007639307,-1.773846055362617,0.15771016205511096,-0.2530947858580761,-2.0867961925509158,0.15771016205511096,-0.268876648955635,-2.1064957129021535,0.15771016205511096,0.12175958697883413,-1.7935455757138548,-0.8000901016112327,0.13754145007639307,-1.773846055362617,-0.8000901016112327,-0.2530947858580761,-2.0867961925509158,-0.8000901016112327,-0.268876648955635,-2.1064957129021535,-0.8000901016112327,0.12175958697883413 0.008469843
9 -1.7220364696149422,1.052638172085228,-0.254119568951755,-1.709756720886317,1.052638172085228,-0.5664951357071119,-2.105452429616015,1.052638172085228,-0.5820502699535794,-2.11773217834464,1.052638172085228,-0.2696747031982226,-1.7220364696149422,0.1352835903812027,-0.254119568951755,-1.709756720886317,0.1352835903812027,-0.5664951357071119,-2.105452429616015,0.1352835903812027,-0.5820502699535794,-2.11773217834464,0.1352835903812027,-0.2696747031982226 0.018966971
9 0.3373834327950865,2.3334039923798464,-0.876598865517799,0.3493532518442783,2.3334039923798464,-1.2049904280716128,-0.16394363205579815,2.3334039923798464,-1.2237000160129627,-0.17591345110498996,2.3334039923798464,-0.8953084534591489,0.3373834327950865,1.5165434601653194,-0.876598865517799,0.3493532518442783,1.5165434601653194,-1.2049904280716128,-0.16394363205579815,1.5165434601653194,-1.2237000160129627,-0.17591345110498996,1.5165434601653194,-0.8953084534591489 0.018261004
9 -2.086343632333116,0.02174259434157849,-0.7666202758346309,-2.079076122786656,0.02174259434157849,-1.135523565862134,-2.649256362326308,0.02174259434157849,-1.1467562939132938,-2.6565238718727677,0.02174259434157849,-0.7778530038857907,-2.086343632333116,-0.7817767382662917,-0.7666202758346309,-2.079076122786656,-0.7817767382662917,-1.135523565862134,-2.649256362326308,-0.7817767382662917,-1.1467562939132938,-2.6565238718727677,-0.7817767382662917,-0.7778530038857907 0.011171615
9 0.7501175010112294,2.35266206311697,0.0560829977818893,0.7592801846341553,2.35266206311697,-0.14454061341026375,0.34482733369793805,2.35266206311697,-0.16346909509386287,0.3356646500750123,2.35266206311697,0.037154516098290194,0.7501175010112294,1.368325256829319,0.0560829977818893,0.7592801846341553,1.368325256829319,-0.14454061341026375,0.34482733369793805,1.368325256829319,-0.16346909509386287,0.3356646500750123,1.368325256829319,0.037154516098290194 0.011032543
9 1.2554008147734659,2.5760905369248412,-0.4859140185867651,1.2749514977986411,2.5760905369248412,-0.7302036174623802,0.6192234375458701,2.5760905369248412,-0.782682034536709,0.5996727545206947,2.5760905369248412,-0.538392435661094,1.2554008147734659,1.8479526416335081,-0.4859140185867651,1.2749514977986411,1.8479526416335081,-0.7302036174623802,0.6192234375458701,1.8479526416335081,-0.782682034536709,0.5996727545206947,1.8479526416335081,-0.538392435661094 0.021513509
9 -1.856442474084552,1.0304394037526274,-1.0960620651911106,-1.8514648127543256,1.0304394037526274,-1.4455016395894862,-2.491420723242108,1.0304394037526274,-1.4546176184941921,-2.4963983845723345,1.0304394037526274,-1.1051780440958165,-1.856442474084552,0.25241896798199176,-1.0960620651911106,-1.8514648127543256,0.25241896798199176,-1.4455016395894862,-2.491420723242108,0.25241896798199176,-1.4546176184941921,-2.4963983845723345,0.25241896798199176,-1.1051780440958165 0.021849323
9 -0.3887978247802302,1.0593714703869248,0.3916813846318232,-0.37302610533403646,1.0593714703869248,0.02377580863653797,-0.7167145558197454,1.0593714703869248,0.009042251518536853,-0.7324862752659391,1.0593714703869248,0.37694782751382216,-0.3887978247802302,-0.09898519414180762,0.3916813846318232,-0.37302610533403646,-0.09898519414180762,0.02377580863653797,-0.7167145558197454,-0.09898519414180762,0.009042251518536853,-0.7324862752659391,-0.09898519414180762,0.37694782751382216 0.0108292205
9 -0.11902999408463344,2.1600837846350096,-0.6757885798010401,-0.10571892136770739,2.1600837846350096,-0.9611123673560636,-0.4540611552455057,2.1600837846350096,-0.9773634091821142,-0.4673722279624318,2.1600837846350096,-0.6920396216270907,-0.11902999408463344,1.0742852549005126,-0.6757885798010401,-0.10571892136770739,1.0742852549005126,-0.9611123673560636,-0.4540611552455057,1.0742852549005126,-0.9773634091821142,-0.4673722279624318,1.0742852549005126,-0.6920396216270907 0.0081184525
9 -1.0104283740084077,1.0685285245131875,-1.1889175692464473,-1.005684103410848,1.0685285245131875,-1.4837210339034077,-1.4093530724485015,1.0685285245131875,-1.4902172764871953,-1.4140973430460613,1.0685285245131875,-1.1954138118302349,-1.0104283740084077,0.17416549575811385,-1.1889175692464473,-1.005684103410848,0.17416549575811385,-1.4837210339034077,-1.4093530724485015,0.17416549575811385,-1.4902172764871953,-1.4140973430460613,0.17416549575811385,-1.1954138118302349 0.009521821
9 0.5599859536202461,3.497085063631477,-0.2593088330333953,0.5632064536067448,3.497085063631477,-0.49415434466302854,0.1741843044249505,3.497085063631477,-0.49948911055867623,0.1709638044384517,3.497085063631477,-0.264643598929043,0.5599859536202461,2.377135784452019,-0.2593088330333953,0.5632064536067448,2.377135784452019,-0.49415434466302854,0.1741843044249505,2.377135784452019,-0.49948911055867623,0.1709638044384517,2.377135784452019,-0.264643598929043 0.0057921237
9 -1.945434821292995,1.650048508222046,-0.6926892672827605,-1.9256610393370197,1.650048508222046,-0.9476626733882187,-2.347590195491673,1.650048508222046,-0.9803842629143831,-2.3673639774476483,1.650048508222046,-0.7254108568089248,-1.945434821292995,0.6808450083184814,-0.6926892672827605,-1.9256610393370197,0.6808450083184814,-0.9476626733882187,-2.347590195491673,0.6808450083184814,-0.9803842629143831,-2.3673639774476483,0.6808450083184814,-0.7254108568089248 0.015187654
9 0.7860440019644276,1.8552974228810692,-1.1719100782122491,0.7915519054095622,1.8552974228810692,-1.4965034633076597,0.19869708976378286,1.8552974228810692,-1.5065633943829657,0.19318918631864823,1.8552974228810692,-1.1819700092875551,0.7860440019644276,0.9711197848368263,-1.1719100782122491,0.7915519054095622,0.9711197848368263,-1.4965034633076597,0.19869708976378286,0.9711197848368263,-1.5065633943829657,0.19318918631864823,0.9711197848368263,-1.1819700092875551 0.014221791
